"name";"datasets";"reuses";"total"
"donnees-ouvertes";20145;8;20153
"passerelle-inspire";14992;0;14992
"geospatial";5905;8;5913
"usage-des-sols";5548;4;5552
"geoscientific-information";5170;1;5171
"planning-cadastre";4889;1;4890
"risque-zonages-risque-naturel";4510;0;4510
"environnement";2663;41;2704
"zones-a-risque-naturel";2487;0;2487
"grand-public";2268;1;2269
"localisation";2102;23;2125
"ortho";1835;0;1835
"orthophotographie";1795;2;1797
"casq";1771;0;1771
"photo";1740;1;1741
"budget";1706;20;1726
"prise-de-vues";1709;0;1709
"prise-de-vue";1706;0;1706
"carte";1483;217;1700
"1973";1698;0;1698
"france";1557;127;1684
"plu";1660;4;1664
"transport";1599;39;1638
"finances-publiques";1555;4;1559
"citoyennete";1547;6;1553
"urbanisme";1516;18;1534
"administration";1482;13;1495
"occupation-du-sol";1363;15;1378
"tourisme";1279;36;1315
"culture";1256;49;1305
"mobilite";1244;58;1302
"environment";1220;9;1229
"open-data";1136;28;1164
"economie";1097;55;1152
"amenagement-du-territoire";1124;7;1131
"pprn";1083;0;1083
"occupation-des-terres";1036;1;1037
"inondation";960;5;965
"territoire";947;16;963
"transports";936;22;958
"deliberation";956;1;957
"document-durbanisme";939;0;939
"elections";827;106;933
"commune";859;63;922
"logement";878;41;919
"zones-de-gestion-de-restriction-ou-de-reglementat";907;0;907
"donnee-ouverte";899;3;902
"patrimoine";810;19;829
"hauts-de-france";802;6;808
"election";758;48;806
"education";732;50;782
"gouvernement";772;9;781
"finances";751;29;780
"risque";771;2;773
"sport";696;70;766
"population";703;62;765
"equipements";732;15;747
"eau";717;21;738
"intercommunalite";727;3;730
"bretagne";672;52;724
"pas-de-calais";721;2;723
"nord";716;5;721
"geolocalisation";656;59;715
"sante";619;95;714
"emploi";668;42;710
"reseaux-de-transport";699;1;700
"unites-administratives";696;1;697
"batiments";690;5;695
"2019";680;4;684
"ppr";681;1;682
"insee";630;50;680
"deplacements";659;2;661
"citoyennete-institution";659;0;659
"donnees-publiques";649;4;653
"bus";621;30;651
"adresse";624;14;638
"geoportail";636;1;637
"somme";635;2;637
"base-adresse-locale";635;1;636
"hydrographie";619;6;625
"ortho-imagerie";620;1;621
"stationnement";608;9;617
"boundaries";611;1;612
"velo";550;62;612
"social";594;13;607
"alea-enjeux-inondation-amenagement-urbanisme-prescription-prevention-servitude-risque-multi-risque";596;0;596
"alea-enjeux-inondation-amenageme";596;0;596
"risques";587;3;590
"alsace";587;2;589
"ocs-ge2-grand-est";578;0;578
"agriculture";534;36;570
"oise";553;1;554
"amenagement";544;8;552
"communes";455;88;543
"gtfs";527;11;538
"risque-inondation";536;2;538
"aisne";533;1;534
"route";525;8;533
"formation";500;31;531
"epci";495;26;521
"alea-enjeux-inondation-amenagement-urbanis";514;0;514
"biodiversite";498;10;508
"adresses";497;9;506
"budget-primitif";498;2;500
"opendata";399;101;500
"lot-et-garonne";499;1;500
"demographie";451;47;498
"dechets";470;10;480
"enseignement";455;21;476
"developpement-economique";470;2;472
"equipement";461;10;471
"irve";463;7;470
"mutation";463;2;465
"bal";450;4;454
"voirie";441;11;452
"zonages-risque-naturel";450;0;450
"statistiques";405;44;449
"deplacement";446;2;448
"circulation";423;24;447
"transportation";438;3;441
"grand-est";437;4;441
"recherche";411;28;439
"subvention";426;10;436
"rhone-alpes";428;2;430
"ddt-54";426;0;426
"orthophoto-regionale";426;0;426
"farming";424;0;424
"2020";418;2;420
"entreprise";393;18;411
"geologie";411;0;411
"photographies-aeriennes";411;0;411
"assainissement";403;2;405
"inland-waters";405;0;405
"services";398;6;404
"cadastre";366;37;403
"cartographie";285;116;401
"commerce";366;33;399
"departement";321;72;393
"developpement-durable";377;15;392
"donnees";368;17;385
"schema-regional-eolien";384;0;384
"inventaire";380;2;382
"ocs";382;0;382
"atlas-eolien";382;0;382
"schema-regional-climat-air-energie";382;0;382
"sites-proteges";379;1;380
"loisirs";369;9;378
"vote";365;13;378
"dreal-auvergne-rhone-alpes";378;0;378
"compte-administratif";373;2;375
"sols";373;2;375
"pollution";356;18;374
"finance";370;3;373
"sante-social";368;3;371
"reseau";344;21;365
"nace";364;0;364
"ain";357;3;360
"air";355;4;359
"industrie";349;6;355
"institut-national-de-la-statistique-et-des-etudes-economiques";354;0;354
"energie";307;46;353
"saint-quentin";352;1;353
"habitat";346;4;350
"dreal";347;0;347
"parking";331;12;343
"region";294;44;338
"2018";336;2;338
"openstreetmap";276;61;337
"altitude";323;7;330
"covid19";132;194;326
"2017";308;10;318
"subventions";296;21;317
"nuisance-bruit";317;0;317
"habitats-et-biotopes";309;2;311
"recensement";243;66;309
"consommation";274;32;306
"pedologie";299;2;301
"compte";300;0;300
"repartition-de-la-population-demographie";299;0;299
"mayenne";294;1;295
"2022";290;4;294
"meteo";277;16;293
"specification-nationale";293;0;293
"littoral-aquitain";292;0;292
"utilities-communication";291;0;291
"cd-53";290;0;290
"biota";285;1;286
"covid-19";109;177;286
"gis-gr-eu";285;0;285
"grande-region";285;0;285
"hebergement";270;7;277
"trafic";273;4;277
"zonage";264;12;276
"pm10";274;0;274
"cartes";263;10;273
"emissions";269;4;273
"repartition-de-la-population";271;1;272
"2021";254;17;271
"politique-de-lenvironnement";269;0;269
"ecole";255;13;268
"structure";267;1;268
"cartes-pedologiques";268;0;268
"etudes-pedologiques";268;0;268
"types-de-sols";268;0;268
"sig";202;65;267
"temperature";259;7;266
"territoires";249;17;266
"society";266;0;266
"m71";265;0;265
"imagerie-relief-et-occupation-du-sol";264;0;264
"bruit";262;1;263
"enfance";260;3;263
"route-departementale";260;1;261
"filosofi";260;1;261
"data-gouv";255;2;257
"risque-zonages-risque-technologi";256;0;256
"budget-de-letat";254;0;254
"immigration";245;7;252
"montpellier";240;12;252
"etat-civil";228;22;250
"modelisation";248;1;249
"tri";241;5;246
"handicap";237;8;245
"public";240;2;242
"tramway";230;12;242
"emission";241;0;241
"entreprises";212;29;241
"guyane";239;1;240
"pos";239;1;240
"parc";234;5;239
"2016";236;2;238
"nature";235;2;237
"voie";237;0;237
"aquitaine";213;23;236
"cadre-de-vie";235;1;236
"production";229;6;235
"nouvelle-aquitaine";234;1;235
"gironde";230;2;232
"marches-publics";214;18;232
"no2";231;1;232
"directive-inondation";232;0;232
"plan";222;8;230
"reseau-routier";226;1;227
"geomorphologie";227;0;227
"ecologie";212;14;226
"bornes-de-recharge";221;4;225
"pays";221;3;224
"pprt";224;0;224
"enseignement-superieur";187;34;221
"2012";208;12;220
"normandie";218;2;220
"topographie";213;5;218
"dce";217;0;217
"trame-verte-et-bleue";217;0;217
"borne-de-recharge";213;4;217
"covid";69;148;217
"transport-collectif";213;3;216
"voiture";194;22;216
"association";196;19;215
"metropole";204;11;215
"lieux-de-production-et-sites-industriels";215;0;215
"inondations";213;0;213
"precipitations";212;1;213
"zone";211;2;213
"ban";202;9;211
"dreal-na";211;0;211
"associations";188;22;210
"economy";208;2;210
"mesures";209;0;209
"musique";196;11;207
"business";206;0;206
"college";197;8;205
"temps-reel";200;5;205
"arret";199;5;204
"ens";203;1;204
"horaires";199;5;204
"pays-de-la-loire";203;1;204
"decp";201;3;204
"photographie-aerienne";202;1;203
"batiment";192;10;202
"bibliotheque";194;8;202
"pme";200;2;202
"arrets";200;1;201
"metro";187;13;200
"securite";172;28;200
"train";173;25;198
"seine-saint-denis";195;3;198
"donnees-geographiques";197;0;197
"bureaux-de-vote";192;4;196
"risques-naturels";193;3;196
"coronavirus";82;114;196
"canton";188;7;195
"migrant";195;0;195
"landes-40";195;0;195
"marche";187;7;194
"musee";156;37;193
"terrain";185;8;193
"srce";193;0;193
"dreal-bfc";192;0;192
"deliberations";187;4;191
"transports-en-commun";175;15;190
"jeunesse";184;5;189
"poitou-charentes";189;0;189
"randonnee";184;5;189
"dechet";182;6;188
"exposition";186;2;188
"ign";177;11;188
"servitude";182;5;187
"etablissement";178;8;186
"eau-zonages-eau";186;0;186
"ilot-de-chaleur";185;1;186
"station-meteo";185;1;186
"ocsge";186;0;186
"mobilite-et-espace-public";185;0;185
"concentration-de-polluant";184;1;185
"ocsge2";185;0;185
"oceans";180;3;183
"etablissements";177;4;181
"reseau-de-transport";175;6;181
"2015";176;5;181
"enseignement-formation-recherche";178;3;181
"bornes-de-recharge-electrique";170;9;179
"accessibilite";166;12;178
"solidarite";175;2;177
"Ã©lections";155;22;177
"bornes-electriques";172;5;177
"departements";127;49;176
"limite";176;0;176
"referentiel";173;3;176
"limousin";176;0;176
"deces";120;55;175
"accueil";172;2;174
"elus";134;40;174
"immobilier";92;82;174
"infrastructures";169;5;174
"lignes";173;1;174
"routes";157;16;173
"eau-de-surface";169;3;172
"numerique";164;8;172
"regions";128;44;172
"infrastructure";162;8;170
"limites";165;5;170
"littoral";165;5;170
"d2m";170;0;170
"drone2map";170;0;170
"foret";157;12;169
"administratif";153;15;168
"risque-technologique";167;1;168
"perimetre";168;0;168
"pollution-atmospherique";167;1;168
"consultation";166;1;167
"reseaux";159;7;166
"resultats";160;6;166
"cci";161;4;165
"unite-administrative";165;0;165
"imagery";164;0;164
"collecte";162;1;163
"technologies";162;1;163
"culture-tourisme";161;2;163
"repartition-des-especes";162;0;162
"2013";153;8;161
"clermont-ferrand";160;1;161
"continuite-ecologique";160;0;160
"ecoles";154;6;160
"lycee";143;17;160
"voies";158;2;160
"agenda";144;15;159
"paris";96;63;159
"planification";158;1;159
"dreal-rhone-alpes";159;0;159
"services-dutilite-publique-et-services-publics";159;0;159
"borne-de-recharge-electrique";156;2;158
"cinema";125;32;157
"histoire";149;8;157
"schema-regional-de-coherence-ecologique";157;0;157
"brocas";134;22;156
"foncier";141;15;156
"chambre-de-commerce-et-d-industrie";156;0;156
"dcat";155;0;155
"inspire";154;1;155
"convention";152;2;154
"depenses";143;11;154
"enfant";151;3;154
"seine";154;0;154
"sncf-reseau";153;0;153
"ressources-humaines";149;3;152
"lycees";147;4;151
"france-metropolitaine";139;12;151
"acces";150;0;150
"faune";150;0;150
"flore";148;2;150
"geographie";121;29;150
"immigrÃ©";150;0;150
"modele-numerique-de-terrain";150;0;150
"immigre";150;0;150
"democratie-participative";149;1;150
"corridor-ecologique";150;0;150
"2014";147;2;149
"marche-public";141;8;149
"conseil-municipal";146;2;148
"eaux-souterraines";148;0;148
"imagery-base-maps-earth-cover";148;0;148
"scdl";145;3;148
"legislatives";138;9;147
"station";138;9;147
"theatre";136;11;147
"territoire-a-risque-dinondation";147;0;147
"reservoir-de-biodiversite";147;0;147
"mer";138;8;146
"alea";146;0;146
"surface-inondable";146;0;146
"deplacements-transports";144;2;146
"gestion-du-risque-dinondation";146;0;146
"extraitkbis";146;0;146
"internet";120;25;145
"auvergne-rhone-alpes";143;2;145
"loisir";141;3;144
"service";140;3;143
"aide";140;2;142
"maritime";141;1;142
"prevention";140;2;142
"restauration";139;3;142
"transport-en-commun";138;4;142
"universite";123;19;142
"cours-deau";141;1;142
"bornes-electrique";141;1;142
"commande-publique";131;10;141
"challengedata";95;46;141
"borne-electrique";134;6;140
"prescription";139;0;139
"scolaire";137;2;139
"limites-administratives";113;25;138
"zonages-planification";138;0;138
"activite";129;8;137
"art";132;5;137
"dvd";136;1;137
"espace schengen";137;0;137
"fiscalite";125;12;137
"espace-schengen";137;0;137
"innovation";123;13;136
"mediatheque";126;10;136
"parcelle";126;10;136
"agriculture-zonages-agricoles";136;0;136
"arbre";127;8;135
"osm";97;38;135
"ville";112;23;135
"conseil-departemental";135;0;135
"creation";131;3;134
"draaf-auvergne-rhone-alpes";134;0;134
"evolution";110;23;133
"police";115;18;133
"isere";129;4;133
"recharge-vehicules-electriques";129;4;133
"borne";129;3;132
"reunion";131;1;132
"ddt-isere";132;0;132
"ddt-haute-savoie";132;0;132
"ouvertes";131;1;132
"trimestrielles";131;0;131
"dataviz";25;106;131
"artois-picardie";131;0;131
"api";49;81;130
"espaces-naturels";129;1;130
"primitif";130;0;130
"mobilite-et-transports";128;2;130
"decoupage";111;18;129
"filaire";129;0;129
"ligne";127;2;129
"location";120;9;129
"quartier";125;4;129
"parcelles-cadastrales";120;8;128
"politique";95;33;128
"principaux";128;0;128
"syndicat";126;2;128
"risques-technologiques";128;0;128
"clermont-auvergne-metropole";128;0;128
"bdea";128;0;128
"bd-ea";128;0;128
"frequentation";123;4;127
"logement-social";120;7;127
"menage";126;1;127
"voiture-electrique";121;6;127
"referentiels-de-coordonnees";127;0;127
"ozone";126;0;126
"rhone";125;1;126
"estuaire";126;0;126
"caux";126;0;126
"orthophotoplans";126;0;126
"bornes";119;6;125
"vehicule-electrique";122;3;125
"metropole-golfe-de-gascogne";125;0;125
"archives";118;6;124
"bourgogne";122;2;124
"carte-communale";121;3;124
"climat";109;15;124
"communaute";123;1;124
"investissement";111;13;124
"participation";121;3;124
"zonages-nature";122;2;124
"plui";123;1;124
"bd-topo";121;3;124
"havre";124;0;124
"guadeloupe";122;1;123
"nationaux";123;0;123
"prix";90;33;123
"travaux";118;5;123
"eleves";120;2;122
"pav";119;3;122
"recettes";114;8;122
"donnees-vecteur";122;0;122
"codah";122;0;122
"havraise";122;0;122
"lagglomeration";122;0;122
"etranger";119;2;121
"europe";107;14;121
"information";114;7;121
"agglo";120;1;121
"vie-culturelle";120;1;121
"adressage";120;1;121
"martinique";119;1;120
"petite-enfance";114;6;120
"presidentielle";104;16;120
"cote-rocheuse";120;0;120
"electricite";105;14;119
"loi-de-finances";118;1;119
"maternelle";118;1;119
"ddt-ain";119;0;119
"equipement-public";117;2;119
"extrait-kbis";118;1;119
"ddt-rhone";118;0;118
"cote-sableuse";118;0;118
"metropole-manche-mer-du-nord";118;0;118
"arbres";112;5;117
"espace-public";116;1;117
"service-public";102;15;117
"loire";116;1;117
"bas-rhin";116;1;117
"cantons";101;15;116
"colleges";109;7;116
"nappe-phreatique";115;1;116
"rer";111;5;116
"departement-du-bas-rhin-67";116;0;116
"mobilites";106;10;116
"health";113;3;116
"meuse";115;1;116
"jardin";110;5;115
"naissance";97;18;115
"ppri";115;0;115
"prenoms";84;31;115
"zone-de-pollution-potentielle";115;0;115
"aide-sociale";114;0;114
"transparence";94;20;114
"cerema";111;3;114
"alimentation";73;40;113
"municipales";78;35;113
"aides";110;2;112
"directive-cadre-eau";112;0;112
"environmental-monitoring-facilities";112;0;112
"democratie";104;7;111
"institution";110;1;111
"personnes-agees";98;13;111
"entree-en-france";111;0;111
"evenement";99;11;110
"famille";104;6;110
"historique";103;7;110
"mnt";106;4;110
"qualite";106;4;110
"exposition-des-personnes-aux-polluants";110;0;110
"payant";109;0;109
"plan-de-prevention";109;0;109
"sage";109;0;109
"transition-ecologique";101;8;109
"espaces-verts";105;3;108
"landes";84;24;108
"scot";107;1;108
"unites-statistiques";108;0;108
"2011";106;1;107
"car";100;7;107
"mairie";95;12;107
"surveillance";102;5;107
"Ã©tranger";107;0;107
"citoyennetÃ©";107;0;107
"agriculture-agri-environnement";107;0;107
"tcu";107;0;107
"urbanisme-et-logements";105;2;107
"masse-deau";107;0;107
"pmr";103;3;106
"verre";104;2;106
"bureau-de-vote";104;2;106
"mayotte";101;4;105
"paysage";101;4;105
"ddt-loire";105;0;105
"sante-et-securite-des-personnes";105;0;105
"2005";105;0;105
"donnees-descriptives";105;0;105
"donnees-qualitatives";105;0;105
"budget-regional";99;5;104
"urbanisme-logement";101;3;104
"pdf";103;1;104
"netex";103;1;104
"risque-naturel";100;3;103
"pss";103;0;103
"borne-de-rechargement-electrique";103;0;103
"i2g";103;0;103
"covoiturage";88;14;102
"monument";85;17;102
"naissances";73;29;102
"parc-naturel-regional";101;1;102
"nom";101;1;102
"musees";83;19;102
"politique-de-la-ville";98;3;101
"travail";71;30;101
"cadre-de-vie-environnement";101;0;101
"limites-communales";98;3;101
"morbihan";95;5;100
"espace-naturel-sensible";100;0;100
"bourgogne-franche-comte";99;1;100
"plhi";100;0;100
"arrondissement";98;1;99
"poi";89;10;99
"politique-agricole-commune";93;6;99
"retraite";97;2;99
"tour";99;0;99
"milieux-naturels";98;1;99
"auvergne";98;1;99
"voitures-electriques";98;1;99
"donnee-generique-intercommunalite";98;0;98
"aprona";98;0;98
"inventaire-plaine";98;0;98
"point-de-mesure";98;0;98
"fonctionnement";94;3;97
"ille-et-vilaine";93;4;97
"sphere-publique";97;0;97
"moselle";96;1;97
"education-formation-jeunesse";97;0;97
"donnees-environnementales";97;0;97
"franche-comte";96;0;96
"frontiere";96;0;96
"recyclage";89;7;96
"vaccination";43;53;96
"axe";96;0;96
"iris";77;18;95
"numero";94;1;95
"pps";95;0;95
"protection";89;6;95
"silc";92;3;95
"sup";92;3;95
"granulats-marins";95;0;95
"vehicules-electriques";93;2;95
"voi";95;0;95
"etat-du-milieu-habitats";95;0;95
"saint-lo-agglo";95;0;95
"age";82;12;94
"depense";88;6;94
"etat";86;8;94
"fibre-optique";81;13;94
"usages";92;2;94
"utility-and-governmental-services";94;0;94
"entrÃ©e en france";93;0;93
"prenom";69;24;93
"spectacle";85;8;93
"chalons-en-champagne";92;1;93
"limite-administrative";92;0;92
"sol";89;3;92
"habitat-politique-de-la-ville-po";92;0;92
"construction";88;3;91
"ouvrage";90;1;91
"logement-sante-social";91;0;91
"fiche-horaire-fluo-grand-est";91;0;91
"biologie";89;1;90
"espaces-naturels-sensibles";89;1;90
"evenements";84;6;90
"patrimoine-naturel";89;1;90
"proprete";90;0;90
"vehicule";86;4;90
"lorient-agglomeration";90;0;90
"zas";90;0;90
"bois";88;1;89
"creche";84;5;89
"eau-souterraine";88;1;89
"producteur";85;4;89
"secteur";86;3;89
"georisques";88;1;89
"flux";87;1;88
"marches";88;0;88
"tram";83;5;88
"transports-et-mobilite";86;2;88
"calvados";86;2;88
"specification-locale";88;0;88
"comptes-publics";83;5;88
"chalons-agglo";88;0;88
"boulogne-billancourt";83;5;88
"annexes-budgetaires";88;0;88
"dataviz1";88;0;88
"annuaire";69;18;87
"hopital";68;19;87
"issy-les-moulineaux";86;1;87
"logements";73;14;87
"mobilier-urbain";83;4;87
"moyen";87;0;87
"rue";78;9;87
"seniors";84;3;87
"sports";83;4;87
"donnees-de-references-referentiels-vocabulaire-controle";87;0;87
"trait-de-cote";85;2;87
"donnees-de-references-referentie";87;0;87
"dioxyde-dazote";87;0;87
"controle-de-la-qualite-de-lair";87;0;87
"pm2-5";87;0;87
"eau-potable";84;2;86
"electrique";80;6;86
"photos";80;6;86
"photovoltaique";76;10;86
"loire-atlantique";85;1;86
"sport-tourisme-loisirs";85;1;86
"adresse-postale";86;0;86
"etat-du-milieu-especes";86;0;86
"dgfip";75;10;85
"scrutin";83;2;85
"sirene";61;24;85
"bd-carthage";85;0;85
"sources-denergie";85;0;85
"economie-europe";85;0;85
"gtfs-rt";83;2;85
"metropole-mers-celtiques";85;0;85
"observatoire-economique";85;0;85
"bordeaux";77;7;84
"ordures-menageres";84;0;84
"territoires-et-regions";83;1;84
"france-entiere";75;9;84
"ressources-marines-biologiques";84;0;84
"populations-exposees";84;0;84
"apprentissage";82;1;83
"commerces";76;7;83
"liste-de-jeux-de-donnees";82;1;83
"meudon";83;0;83
"smica";83;0;83
"csv";74;8;82
"equipement-sportif";41;41;82
"strasbourg";72;10;82
"datavisualisation";13;69;82
"aleas";82;0;82
"nord-pas-de-calais";81;1;82
"cac";81;1;82
"donnees-ouvertes-1";82;0;82
"2009";81;0;81
"bati";81;0;81
"insertion";76;5;81
"voyages";81;0;81
"natura-2000";79;2;81
"saint-denis";80;1;81
"zone-propice";81;0;81
"ans";80;0;80
"elevation";77;3;80
"parcours";78;2;80
"raster";80;0;80
"referentiels";80;0;80
"vosges";79;1;80
"sevres";80;0;80
"agriculture-et-territoire";80;0;80
"2023";80;0;80
"ayant";79;0;79
"csp";78;1;79
"elu";78;1;79
"eolien";75;4;79
"fontaine";78;1;79
"pnr";78;1;79
"chargeguru";79;0;79
"arts";74;4;78
"gare-de-voyageurs";70;8;78
"habitant";69;9;78
"local";75;3;78
"papier";78;0;78
"point";78;0;78
"mouvement-de-terrain";78;0;78
"specification-regionale";78;0;78
"dechetterie";75;3;78
"vrap";78;0;78
"2010";77;0;77
"aep";77;0;77
"conditions";74;3;77
"equipements-sportifs";73;4;77
"etudes";69;8;77
"etudiants";67;10;77
"livre";71;6;77
"parcs";75;2;77
"piscine";76;1;77
"zae";77;0;77
"barometre";74;3;77
"enjeux";77;0;77
"ortho-image-aerienne";77;0;77
"titre-de-sejour";77;0;77
"aube";76;1;77
"rapport-financier";77;0;77
"donnees-essentielles";76;1;77
"cereales";75;1;76
"effectif";69;7;76
"erosion";76;0;76
"frontiÃ¨re";76;0;76
"mesure";76;0;76
"orthophotoplan";75;1;76
"foncier-sol-occupation-du-sol";75;1;76
"admission-au-sejour";76;0;76
"meurthe-et-moselle";75;1;76
"administration-generale";74;1;75
"admission au sÃ©jour";75;0;75
"candidats";66;9;75
"cimetiere";74;1;75
"elementaire";74;1;75
"ile-de-france";54;21;75
"riviere";69;6;75
"systemes-de-maillage-geographique";75;0;75
"mission-sig";75;0;75
"departementales";70;5;75
"immigration-familiale";75;0;75
"siret";61;14;75
"citoyennete-et-administration";75;0;75
"administration-et-finances-publiques";75;0;75
"marne";74;1;75
"impact-sur-lenvironnement";73;2;75
"nouvelle-aquitaine-2";75;0;75
"cfa";74;0;74
"collectivites-locales";67;7;74
"conservatoire";70;4;74
"developpement";71;3;74
"itineraire";70;4;74
"maison";61;13;74
"manche";72;2;74
"morts";10;64;74
"places";73;1;74
"carte-de-sejour";74;0;74
"risque-n-inondation";74;0;74
"haute-marne";73;1;74
"chaville";74;0;74
"etudiant";66;7;73
"gratuit";66;7;73
"horodateur";73;0;73
"piste-cyclable";69;4;73
"recette";69;4;73
"milieu-biologique-habitats";73;0;73
"equipements-publics";73;0;73
"vehicules-electrique";72;1;73
"ville-davray";73;0;73
"adresse-locale";72;1;73
"architecture";66;6;72
"conseil";69;3;72
"etude";66;6;72
"horaire";64;8;72
"indicateur";70;2;72
"meteorologie";62;10;72
"rsa";69;3;72
"amenagement-urbanisme";69;3;72
"ddtm-44";72;0;72
"corse";68;4;72
"multi-risque";72;0;72
"bio";65;7;72
"ardennes";71;1;72
"directive-2000-60-ec";72;0;72
"chalons";72;0;72
"soldats";12;60;72
"rapportage";72;0;72
"hydrochemistry";72;0;72
"camping";60;11;71
"immigration-irreguliere";71;0;71
"universites";65;6;71
"decoupage-administratif";69;2;71
"qualite-de-lenvironnement";71;0;71
"programme-europeen";71;0;71
"bilan";69;1;70
"programmes";70;0;70
"routier";69;1;70
"stations";66;4;70
"vie-associative";67;3;70
"velos";66;4;70
"natural-risk-zones";70;0;70
"referentiels-geographiques";70;0;70
"participation-citoyenne";70;0;70
"sno-karst";70;0;70
"bibliotheques";62;7;69
"effectifs";68;1;69
"filiere";69;0;69
"gare";66;3;69
"gaz";59;10;69
"gps";64;5;69
"poubelle";69;0;69
"presidentielles";57;12;69
"primaire";68;1;69
"promenade";68;1;69
"regionales";66;3;69
"routes-departementales";59;10;69
"vls";69;0;69
"vanves";69;0;69
"plan-local-urbanisme";69;0;69
"haut-rhin";68;1;69
"comptes-consolides";69;0;69
"loi-de-finances-initiale";69;0;69
"donnees-derivees-indicateurs";69;0;69
"cinÃ©ma";53;15;68
"jardins";62;6;68
"statistique";54;14;68
"postale";67;1;68
"politique-regionale";68;0;68
"immigration-clandestine";68;0;68
"station-de-charge";67;1;68
"siren";58;10;68
"animation";63;4;67
"atlas";62;5;67
"camping-car";66;1;67
"circonscription";63;4;67
"denominations-geographiques";67;0;67
"livres";60;7;67
"produit";59;8;67
"visiteur";67;0;67
"ftth";59;8;67
"audeg";67;0;67
"glissement-de-terrain";67;0;67
"canal";66;0;66
"onf";62;4;66
"proximite";58;8;66
"resultat";63;3;66
"ter";58;8;66
"nuisance";66;0;66
"parcellaire-agricole";66;0;66
"tarn";65;1;66
"eau-superficielle";66;0;66
"assemblee-nationale";47;18;65
"collectivites";50;15;65
"data";30;35;65
"formations";59;6;65
"formations-sanitaires-et-sociales";65;0;65
"quartiers";62;3;65
"recharge";62;3;65
"tic";64;1;65
"visualisation";2;63;65
"zonages-amenagement";64;1;65
"premiere-guerre-mondiale";2;63;65
"o3";65;0;65
"particules-en-suspension";65;0;65
"government";65;0;65
"dvf";14;51;65
"adresses-locales";65;0;65
"ca";64;0;64
"diplome";62;2;64
"justice";48;16;64
"photographie";60;4;64
"presse";55;9;64
"Ã©lection";57;7;64
"enr";60;4;64
"arcgis";61;3;64
"morts-pour-la-france";2;62;64
"traces-de-soldats";2;62;64
"citizenship";64;0;64
"public-finances";64;0;64
"directive-cadre-sur-l-eau-dce";64;0;64
"accident";43;20;63
"cantine";61;2;63
"comptage";62;1;63
"comptes";58;5;63
"label";62;1;63
"opera";56;7;63
"panneau";63;0;63
"inventaire-nature-biodiversite";63;0;63
"fibre";52;11;63
"atc";63;0;63
"14-18";4;59;63
"mds";63;0;63
"chiffres-cles-de-limmigration";63;0;63
"autobus";59;3;62
"base";59;3;62
"bureau";60;2;62
"carrefour";62;0;62
"contours";40;22;62
"elections-legislatives";50;12;62
"erp";58;4;62
"financement";61;1;62
"immigration familiale";62;0;62
"port";59;3;62
"secours";58;4;62
"services-de-l-etat";61;1;62
"solaire";50;12;62
"tarif";61;1;62
"reseau-ferre";61;1;62
"transport-mobilite";52;10;62
"secteur-dactivite";61;1;62
"memoire-des-hommes";2;60;62
"covid19france";8;54;62
"autocar";57;4;61
"autorisation de sÃ©jour";61;0;61
"autorisation provisoire de sÃ©jour";61;0;61
"carte de sÃ©jour";61;0;61
"du";61;0;61
"eee";61;0;61
"indice";58;3;61
"ligne-reguliere";60;1;61
"migration professionnelle";61;0;61
"migration Ã©conomique";61;0;61
"point-d-arret";61;0;61
"prive";59;2;61
"regroupement familial";61;0;61
"rues";59;2;61
"textile";61;0;61
"titre de sÃ©jour";61;0;61
"autorisation-de-sejour";61;0;61
"autorisation-provisoire-de-sejour";61;0;61
"comptes-sociaux";60;1;61
"migration-economique";61;0;61
"migration-professionnelle";61;0;61
"qualite-de-lair";60;1;61
"regroupement-familial";61;0;61
"moissonnage";61;0;61
"alerte";59;2;61
"autorisation-provisoire-de-sejou";61;0;61
"recharge-voiture-electrique-fran";61;0;61
"reseaux-assainissements-eaux-pluviales-eaux-usees-transport-collecte";61;0;61
"reseaux-deau";61;0;61
"activites";55;5;60
"affaires";59;1;60
"affichage";59;1;60
"decheterie";55;5;60
"deputes";50;10;60
"zones-de-gestion-de-restriction-ou-de-reglementation-et-unites-de-declaration";58;2;60
"assiette-servitude";60;0;60
"ardeche";58;2;60
"icpe";59;1;60
"comptages-routiers";60;0;60
"gpu";60;0;60
"eaux-interieures";60;0;60
"datasprint";0;60;60
"inclusion-numerique";57;3;60
"agregats";59;0;59
"balade";55;4;59
"catalogue";59;0;59
"decisions";58;1;59
"hotel";53;6;59
"parlement";49;10;59
"submersion";58;1;59
"residentiel";59;0;59
"habitats-and-biotopes";59;0;59
"preservation-terre-et-eau";59;0;59
"pacinno";59;0;59
"caf";55;3;58
"comptabilite-publique";58;0;58
"logements-sociaux";54;4;58
"mariage";53;5;58
"orthophoto";57;1;58
"reference";56;2;58
"eaux-interieures-de-surface-rivieres-et-lacs";58;0;58
"eaux-usees";57;1;58
"agriculture-biologique";52;6;58
"saint";58;0;58
"adresses-postales";58;0;58
"eaux-interieures-de-surface-rivi";58;0;58
"budget-finances";58;0;58
"chomage";48;9;57
"crowdsourcing";16;41;57
"formation-professionnelle";48;9;57
"immigration clandestine";57;0;57
"immigration irrÃ©guliÃ¨re";57;0;57
"immigration-illegale";57;0;57
"liste";55;2;57
"particules";56;1;57
"place";57;0;57
"sexe";53;4;57
"site";53;4;57
"idg";56;1;57
"ouvert";57;0;57
"signataires";57;0;57
"plateforme-publique-de-l-information-geographique-ppige-nord-pas-de-calais";57;0;57
"dae";52;5;57
"equipement-services";57;0;57
"achat-public";55;1;56
"collectif";56;0;56
"orientation";50;6;56
"peche";53;3;56
"regions-maritimes";56;0;56
"vitesse";56;0;56
"vie-publique.fr";56;0;56
"ddtm-85";56;0;56
"risque-mouvement-de-terrain";56;0;56
"eaje";55;1;56
"webmapping";1;55;56
"titres-de-transport";52;4;56
"herault";55;1;56
"gestion-de-risque";56;0;56
"eaux-souterraines-nappes-deau";56;0;56
"sraddet";56;0;56
"amenagement-durable";55;1;56
"meteorological-geographical-features";56;0;56
"aeag";56;0;56
"gares";51;4;55
"monuments-historiques";41;14;55
"permis-de-construire";52;3;55
"reglementation";54;1;55
"restaurant";49;6;55
"revenu";49;6;55
"secteurs";54;1;55
"colonne";55;0;55
"marche-du-travail";53;2;55
"saone-et-loire";51;4;55
"actes-administratifs";54;1;55
"validations-telebillettiques";55;0;55
"etat-du-milieu-qualite-quantite";55;0;55
"belfort";54;1;55
"attractivite-et-innovation";55;0;55
"reseau-electrique";54;1;55
"20006911000019";55;0;55
"modele-numerique";55;0;55
"chemin";54;0;54
"communication";52;2;54
"espace-vert";53;1;54
"finance-publique";53;1;54
"la-poste";45;9;54
"rd";54;0;54
"reserve";40;14;54
"servitudes";54;0;54
"villes";36;18;54
"dila";52;2;54
"milieu-aquatique";54;0;54
"confinement";29;25;54
"administration-et-action-publique";54;0;54
"sante-et-systeme-de-soins";54;0;54
"atmosphere";53;0;53
"imagerybasemapsearthcover";52;1;53
"mos";53;0;53
"nogent-sur-marne";45;8;53
"societe";40;13;53
"technologie-numerique";52;1;53
"test";47;6;53
"vegetation";53;0;53
"niveau-de-diffusion";53;0;53
"agri-environnement";53;0;53
"missions";53;0;53
"star";53;0;53
"obstacle";53;0;53
"education-formation";52;1;53
"monoxyde-de-carbone";53;0;53
"atmospheric-conditions";53;0;53
"cyclable";48;4;52
"defibrillateur";48;4;52
"metz mÃ©tropole";52;0;52
"patrimoine-culturel";47;5;52
"senior";51;1;52
"services-publics";46;6;52
"tertiaire";52;0;52
"vehicules";49;3;52
"habitats-naturels";52;0;52
"referentiels-cadastre";52;0;52
"gestion-du-risque-d-inondation";52;0;52
"territoire-a-risque-d-inondation";52;0;52
"base-adresse-nationale";49;3;52
"culture-patrimoine";49;3;52
"rh";51;1;52
"mediation-numerique";52;0;52
"mja";52;0;52
"mobilite-douce";44;8;52
"aop";38;13;51
"ccas";50;1;51
"collectivite-territoriale";46;5;51
"etablissement-scolaire";46;5;51
"legislative";48;3;51
"main";51;0;51
"mp2013";35;16;51
"vie-sociale";49;2;51
"wifi";41;10;51
"ddt-ardeche";51;0;51
"pepiniere";51;0;51
"tvb";51;0;51
"atlas-des-paysages";50;1;51
"transport-interurbain";49;2;51
"intemperies";51;0;51
"geology";51;0;51
"agricole";48;2;50
"cantonales";48;2;50
"conseil-regional";50;0;50
"conteneurs";50;0;50
"enfants";47;3;50
"epuration";49;1;50
"hydrogeologie";50;0;50
"lecture";44;6;50
"licence";40;10;50
"mode-doux";50;0;50
"pharmacie";33;17;50
"pieton";49;1;50
"santÃ©";37;13;50
"vaccin";23;27;50
"notre";49;1;50
"python";3;47;50
"dataconnexions-6";1;49;50
"polluant-atmospherique";50;0;50
"saint-pierre-azif";50;0;50
"manoir";50;0;50
"donnees-territoriales";48;2;50
"conteneur";50;0;50
"inventaire-naturaliste";50;0;50
"referentiel-routier";50;0;50
"geophysics";50;0;50
"academie";43;6;49
"archive";47;2;49
"automobile";42;7;49
"bec";49;0;49
"debit";48;1;49
"document-urbanisme";49;0;49
"inclusion";48;1;49
"insertion-professionnelle";42;7;49
"maire";42;7;49
"mariages";31;18;49
"observatoire";33;16;49
"projets";47;2;49
"sur";49;0;49
"unite-urbaine";39;10;49
"vendee";47;2;49
"unite-paysagere";49;0;49
"974";47;2;49
"elections-departementales";44;5;49
"enedis";47;2;49
"montivilliers";49;0;49
"rolleville";49;0;49
"cauville";49;0;49
"epouville";49;0;49
"fontenay";49;0;49
"gainneville";49;0;49
"gonfreville";49;0;49
"harfleur";49;0;49
"lorcher";49;0;49
"mallet";49;0;49
"maneglise";49;0;49
"mannevillette";49;0;49
"martin";49;0;49
"octeville";49;0;49
"rogerville";49;0;49
"sainte";49;0;49
"pollution-de-leau";46;3;49
"epidemie";26;23;49
"2008";48;0;48
"election-locale";47;1;48
"etrangers";47;1;48
"fonds";47;1;48
"gendarmerie";32;16;48
"impots";42;6;48
"jeux";45;3;48
"montagne";42;6;48
"prestation";48;0;48
"sites";47;1;48
"visa";47;1;48
"zonages-eau";48;0;48
"touques";48;0;48
"bassin-darcachon";48;0;48
"doubs";47;1;48
"dame";48;0;48
"licence-odbl";48;0;48
"hydrogeology";48;0;48
"aires";47;0;47
"election-presidentielle";32;15;47
"emr";47;0;47
"guerre";45;2;47
"medecin";35;12;47
"menages";39;8;47
"organisations";47;0;47
"plage";40;7;47
"rÃ©sultats";45;2;47
"sncf";27;20;47
"societes";43;4;47
"sports-et-loisirs";44;3;47
"terroir";45;2;47
"partenariat";47;0;47
"intercommunalites";47;0;47
"fourriere";47;0;47
"naf";42;5;47
"deauville";47;0;47
"trouville-sur-mer";47;0;47
"villers-sur-mer";47;0;47
"villerville";47;0;47
"ppbe";47;0;47
"avignon";46;1;47
"niort";46;1;47
"archeologie";41;5;46
"bicyclette";42;4;46
"egalite";40;6;46
"hydrologie";42;4;46
"incendie";45;1;46
"indicateurs";38;8;46
"repas";45;1;46
"transport-public";40;6;46
"gens-du-voyage";46;0;46
"office-de-tourisme";45;1;46
"dpds";46;0;46
"vie-economique-innovation";46;0;46
"conventions";46;0;46
"portes";46;0;46
"formations-sanitaires-et-sociale";46;0;46
"mediation";46;0;46
"benerville-sur-mer";46;0;46
"blonville-sur-mer";46;0;46
"saint-arnoult";46;0;46
"tourgeville";46;0;46
"vauville";46;0;46
"karst";46;0;46
"ame";45;0;45
"amÃ©nagement du territoire";45;0;45
"aoc";31;14;45
"application";10;35;45
"arrete";39;6;45
"asile";43;2;45
"centre-de-retention-administrative";45;0;45
"contour";42;3;45
"controle-aux-frontieres";45;0;45
"cra";45;0;45
"detaillees";45;0;45
"donnee";42;3;45
"monuments";38;7;45
"parcellaire";43;2;45
"parite";30;15;45
"prelevement";44;1;45
"retour-aide";45;0;45
"scolarite";43;2;45
"square";45;0;45
"telecommunication";44;1;45
"urbain";44;1;45
"vtt";45;0;45
"donnee-generique-administratif";45;0;45
"blagnac";45;0;45
"dma";44;1;45
"station-de-recharge";44;1;45
"centre-de-retention-administrati";45;0;45
"article-179";45;0;45
"pollution-des-cours-deau";43;2;45
"action-sociale-solidarites";44;1;45
"marnes-la-coquette";45;0;45
"menagers";45;0;45
"partagee";45;0;45
"enseig-sup-recherche";45;0;45
"mobilite-deplacement-transports";45;0;45
"ajoutee";44;0;44
"centre de rÃ©tention administrative";44;0;44
"contrÃ´le aux frontiÃ¨res";44;0;44
"crue";43;1;44
"disponibilite";42;2;44
"eclairage";43;1;44
"ehpad";37;7;44
"evaluation";42;2;44
"gestion";39;5;44
"hydraulique";44;0;44
"immigration illÃ©gale";44;0;44
"indices";44;0;44
"personne-agee";43;1;44
"reglement";44;0;44
"retour aidÃ©";44;0;44
"tombe";44;0;44
"toulouse";32;12;44
"transport-scolaire";43;1;44
"travail illigal";44;0;44
"voitures";36;8;44
"Ã©trangers";44;0;44
"haute-loire";43;1;44
"aide-publique";43;1;44
"foret-dfci";43;1;44
"shapefile";43;1;44
"travail-illigal";44;0;44
"politique-environnementale";44;0;44
"rhone-mediterranee";44;0;44
"dirm";44;0;44
"mairie-et-democratie";44;0;44
"sd";44;0;44
"service-definition";44;0;44
"ver";44;0;44
"temps-theorique";44;0;44
"risques-et-territoires";44;0;44
"frequentation-mesuree";44;0;44
"totems";44;0;44
"schema-regional-d-039-amenagement-de-developpement-durable-et-d-039-egalite-des-territoires";44;0;44
"lio";44;0;44
"species-traits-phenology";44;0;44
"revenu-fiscal";44;0;44
"assemblee";37;6;43
"centre";40;3;43
"declaration";42;1;43
"diplomes";34;9;43
"sociales";41;2;43
"urgence";41;2;43
"parcelles";33;10;43
"espace-naturel";43;0;43
"eau-assainissement";43;0;43
"risque-risque-technologique";43;0;43
"sa-c-curita-c-sanitaire";43;0;43
"climatology-meteorology-atmosphere";42;1;43
"submersion-marine";42;1;43
"biogaz";40;3;43
"sdage";42;1;43
"cour-des-comptes";42;1;43
"adour-garonne";43;0;43
"loire-bretagne";43;0;43
"monoxyde-dazote";43;0;43
"plan-climat";43;0;43
"arret-urbain";43;0;43
"agriculture-et-economie";43;0;43
"artisanat";36;6;42
"bathymetrie";40;2;42
"coordonnees";18;24;42
"exterieure";42;0;42
"invalidite";42;0;42
"personnes-handicapees";42;0;42
"projet";40;2;42
"referentiel-geographique";41;1;42
"registre";38;4;42
"salaires";29;13;42
"superficie";35;7;42
"tableaux";38;4;42
"terre";40;2;42
"sentier";41;1;42
"boamp";33;9;42
"eau-peche";42;0;42
"rse";41;1;42
"carte-interactive";0;42;42
"mobilite-electrique";40;2;42
"observations";42;0;42
"species-distribution";42;0;42
"environnement-et-cadre-de-vie";42;0;42
"budget-general";42;0;42
"observatoire-eco-masse-salariale";42;0;42
"dendrometrique";42;0;42
"arretes";40;1;41
"circonscriptions";39;2;41
"co2";25;16;41
"declarants";41;0;41
"details";40;1;41
"dotation";40;1;41
"jeunes";35;6;41
"pmi";37;4;41
"publics";39;2;41
"surface";39;2;41
"geobretagne";39;2;41
"tres-haut-debit";38;3;41
"carte-scolaire";36;5;41
"randonnees";41;0;41
"libre-service";41;0;41
"bilan-social";41;0;41
"bourse-detudes";40;1;41
"rhin-meuse";41;0;41
"seine-normandie";41;0;41
"station-de-recharge-ve";40;1;41
"valorisation-du-patrimoine-regional";41;0;41
"industrie-et-services";40;1;41
"monlittoral";41;0;41
"hydrometeorology";41;0;41
"niveau-de-vent";41;0;41
"bourse-d-etudes";39;1;40
"carburant";18;22;40
"densite";36;4;40
"finances-locales";28;12;40
"limites administratives";14;26;40
"medicaments";23;17;40
"militaire";39;1;40
"occupation";40;0;40
"personne-handicapee";40;0;40
"residence";38;2;40
"spectacle-vivant";39;1;40
"transition-energetique";34;6;40
"voyage";35;5;40
"voyageurs";34;6;40
"Ã©ducation";24;16;40
"finistere";36;4;40
"amenagement-urbanisme-zonages-planification";38;2;40
"lorraine";39;1;40
"elections-municipales";30;10;40
"geocatalogue";40;0;40
"institution-citoyennete";40;0;40
"donnees-sexuees";40;0;40
"qualite-air";39;1;40
"democratie-et-citoyennete";40;0;40
"limite-territoriale";40;0;40
"prevention-des-inondations";40;0;40
"hydrodynamics";40;0;40
"action-sociale";39;0;39
"assemblee-regionale";39;0;39
"attractivite";38;1;39
"auto";38;1;39
"compostage";38;1;39
"droit";31;8;39
"dÃ©penses";37;2;39
"eleve";38;1;39
"hopitaux";18;21;39
"limitation";39;0;39
"main-d";39;0;39
"medicament";25;14;39
"mensuel";39;0;39
"mobile";26;13;39
"panneaux";37;2;39
"politique-publique";28;11;39
"salle";37;2;39
"transpole";39;0;39
"transport-de-voyageurs";36;3;39
"Sxcuritx-sanitaire";39;0;39
"alpes-maritimes";37;2;39
"compte administratif";39;0;39
"changement-climatique";31;8;39
"agglomeration";35;4;39
"allier";38;1;39
"police-municipale";39;0;39
"solidarite-sante";39;0;39
"occitanie";36;3;39
"ceyrat";39;0;39
"romagnat";39;0;39
"oscom";39;0;39
"visites";38;1;39
"saintquentin";39;0;39
"temps-officiel";39;0;39
"fichier-irve-des-bornes-de-recharge";35;4;39
"indicateur-de-vulnerabilite";39;0;39
"vulnerabilite-aux-inondations";39;0;39
"vulnerabilite-et-resilience";39;0;39
"agriculture-et-innovations";39;0;39
"species-populations-population-abundance";39;0;39
"alimentaire";34;4;38
"animaux";37;1;38
"chateau";38;0;38
"concert";36;2;38
"decision";36;2;38
"dimension";38;0;38
"enquete";33;5;38
"exploitation";36;2;38
"hygiene";34;4;38
"r-d";37;1;38
"relatives";38;0;38
"retraites";37;1;38
"salaire";32;6;38
"thd";33;5;38
"transilien";34;4;38
"urbaine";37;1;38
"ddt-43";38;0;38
"draaf";38;0;38
"greffes";36;2;38
"relais";38;0;38
"bilan-annuel";38;0;38
"metz-metropole";38;0;38
"pistes-cyclables";36;2;38
"budgets";38;0;38
"consommation-electrique";35;3;38
"gestion-des-crises-et-des-risque";38;0;38
"draaf-nouvelle-aquitaine";38;0;38
"ddt-haute-loire";38;0;38
"rip";37;1;38
"challenge-data";32;6;38
"species-traits-demographic-traits";38;0;38
"hydrology";38;0;38
"flood";38;0;38
"achat";31;6;37
"coordonnees-geographiques";34;3;37
"degustation";37;0;37
"education-nationale";30;7;37
"fonction-publique";34;3;37
"hlm";34;3;37
"monument-historique";36;1;37
"outre-mer";29;8;37
"revenus";28;9;37
"territoires et transports";37;0;37
"traitement";37;0;37
"vÃ©lo";33;4;37
"eau-ouvrage";37;0;37
"aveyron";36;1;37
"energie-production";31;6;37
"pdipr";37;0;37
"uai";36;1;37
"plan-local-durbanisme";37;0;37
"dreal-interne";37;0;37
"metromobilite";36;1;37
"la-rochelle";36;1;37
"credits-de-paiement";37;0;37
"grand-besancon-metropole";37;0;37
"fauna";37;0;37
"geoidf";37;0;37
"veolia";37;0;37
"acte";34;2;36
"bassin";36;0;36
"conchyliculture";34;2;36
"culturel";32;4;36
"departementale";36;0;36
"dÃ©mographie";17;19;36
"elections-presidentielles";32;4;36
"elections-regionales";28;8;36
"etablissement-de-sante";30;6;36
"europeennes";36;0;36
"geolocalise";8;28;36
"industriel";35;1;36
"jeune";35;1;36
"mobilitÃ©";32;4;36
"naturalisation";36;0;36
"permis";31;5;36
"salarie";35;1;36
"sanitaire";30;6;36
"services-d-utilite-publique-et-services-publics";31;5;36
"soins";33;3;36
"stade";34;2;36
"vent";36;0;36
"Ã©conomie";29;7;36
"defibrillateurs";32;4;36
"unesco";36;0;36
"conseillers-departementaux";35;1;36
"bca";36;0;36
"aubiere";36;0;36
"pont-du-chateau";36;0;36
"draaf-na";36;0;36
"velo-libre-service";36;0;36
"terminus";36;0;36
"gestion-de-leau";35;1;36
"documents-durbanisme";36;0;36
"ddt-25";36;0;36
"dgtm";36;0;36
"cnig-2014";36;0;36
"sous-sol";35;1;36
"atlas-culture";36;0;36
"activite-sportive";8;27;35
"aire";35;0;35
"budget-local";35;0;35
"bureaux de vote";35;0;35
"code-postal";26;9;35
"integration";35;0;35
"municipale";33;2;35
"nautisme";29;6;35
"nitrate";33;2;35
"qualite-de-vie";33;2;35
"satellite";33;2;35
"sdis";32;3;35
"viabilite-hivernale";35;0;35
"voisinage";35;0;35
"adherents-sinp-bourgogne";35;0;35
"autorites-publiques-sinp";35;0;35
"propriete-fonciere";34;1;35
"egalite-femmes-hommes";27;8;35
"prix-immobilier";5;30;35
"cebazat";35;0;35
"services-dutilite-publique";35;0;35
"casvp";35;0;35
"pop";35;0;35
"cournon-dauvergne";35;0;35
"paysan";35;0;35
"lieux-d-inclusion-numerique";34;1;35
"verdon";35;0;35
"accidents";26;8;34
"ages";33;1;34
"atteint";34;0;34
"autorisation";34;0;34
"citoyens";30;4;34
"classe";33;1;34
"cnil";26;8;34
"collectivites-territoriales";28;6;34
"couverture";29;5;34
"cpge";31;3;34
"dioxyde-de-soufre";34;0;34
"formatrices";34;0;34
"gymnase";33;1;34
"nutrition";3;31;34
"populations";33;1;34
"provence-alpes-cote-d-azur";21;13;34
"rpg";27;7;34
"spectacles";33;1;34
"infrastructures-de-transport";34;0;34
"nature-paysage-biodiversite";33;1;34
"parkings";31;3;34
"communautes-de-communes";33;1;34
"libourne";34;0;34
"lorient";33;1;34
"eaux-cotieres-eaux-maritimes";34;0;34
"1er";34;0;34
"eu";34;0;34
"vegetal";34;0;34
"academies";34;0;34
"tcd";34;0;34
"acte-administratif";33;1;34
"saint-genes-champanelle";34;0;34
"iot";33;1;34
"circuit-court";33;1;34
"protection-de-lenfance";34;0;34
"wfs";33;1;34
"ddct";34;0;34
"landsat";33;1;34
"openig";34;0;34
"species-populations-population-structure-by-age-size-class";34;0;34
"ecology";34;0;34
"1er-tour";32;1;33
"accompagnement";32;1;33
"aeroport";29;4;33
"branches";33;0;33
"classement";21;12;33
"climatologie";29;4;33
"club";22;11;33
"concours";32;1;33
"controle";30;3;33
"demande";33;0;33
"energies";30;3;33
"international";30;3;33
"monetaire";32;1;33
"national";31;2;33
"nombre";32;1;33
"securite-routiere";21;12;33
"toponymie";31;2;33
"actes";32;1;33
"arcep";22;11;33
"bureaux";32;1;33
"trafic-routier";31;2;33
"balances-comptables";33;0;33
"chateaugay";33;0;33
"lempdes";33;0;33
"orcines";33;0;33
"issy-com";33;0;33
"eau-continentale";33;0;33
"politique-educative";33;0;33
"crpm";33;0;33
"subventions-aux-associations";30;3;33
"blois";32;1;33
"qualite-de-leau";30;3;33
"recharges-electriques";33;0;33
"culture-et-loisirs";33;0;33
"scdl-deliberations";33;0;33
"coronavius";12;21;33
"urbanisme-et-foncier-planification-et-documents-durbanisme";33;0;33
"lieux-de-mediation-numerique";33;0;33
"actualites";26;6;32
"autoroutes";15;17;32
"balance";32;0;32
"bdr";32;0;32
"calendrier";26;6;32
"collectivite-locale";22;10;32
"commission";32;0;32
"espaces";32;0;32
"litterature";28;4;32
"navigation";27;5;32
"nomenclature";32;0;32
"non-formatrices";32;0;32
"organisation";32;0;32
"personnels";32;0;32
"pole-emploi";26;6;32
"politique des visas";32;0;32
"prets";32;0;32
"structures";30;2;32
"technologique";32;0;32
"vin";26;6;32
"wms";29;3;32
"Etablissements-agrxxs-CE";32;0;32
"zone-humide";32;0;32
"troncons";32;0;32
"benthique";32;0;32
"zonages-risque-technologique";32;0;32
"stationnements";29;3;32
"energies-renouvelables";30;2;32
"politique-des-visas";32;0;32
"decouverte";28;4;32
"juridictions-financieres";32;0;32
"simulateur";23;9;32
"collecte-des-dechets";31;1;32
"seine-maritime";30;2;32
"oleagineux";32;0;32
"proteagineux";32;0;32
"economie-entreprise";32;0;32
"autorisations-dengagement";32;0;32
"plf-2014";31;1;32
"directive-bruit";32;0;32
"izivia";32;0;32
"pnr-verdon";32;0;32
"systeme-de-protection-sociale";32;0;32
"anciens";31;0;31
"chien";31;0;31
"circuit";31;0;31
"competition";20;11;31
"conjoncturelles";31;0;31
"conseil-general";31;0;31
"cycle";30;1;31
"equipement-culturel";31;0;31
"essence";16;15;31
"igp";25;6;31
"iut";28;3;31
"medecins";24;7;31
"neige";30;1;31
"nogent sur marne";24;7;31
"reseaux-sociaux";31;0;31
"tri-selectif";26;5;31
"ventilations";31;0;31
"web";22;9;31
"nice";28;3;31
"gpso";30;1;31
"zones-naturelles-paysages-ecosystemes";30;1;31
"moyen-de-transport";31;0;31
"agriculture-parcellaire-agricole";30;1;31
"foret-gestion";30;1;31
"risque-minier";31;0;31
"zrr";28;3;31
"basque";31;0;31
"grand-paris";28;3;31
"acquisition-de-la-nationalite";31;0;31
"visualisation-de-donnees";0;31;31
"grenoble";29;2;31
"nohanent";31;0;31
"biofield";31;0;31
"mahendra-kumar-trivedi";31;0;31
"mahendra-trivedi";31;0;31
"the-trivedi-effect";31;0;31
"trivedi-effect";31;0;31
"zones-naturelles-paysages-ecosys";30;1;31
"petr";31;0;31
"ants";31;0;31
"plo";31;0;31
"zone-de-bruit";31;0;31
"execution-budgetaire";31;0;31
"siqo";31;0;31
"anct";18;13;31
"irve-stations-de-recharge";30;1;31
"urbanisme-et-foncier-planification-et-documents-d-urbanisme-1";31;0;31
"effort-fiscal";31;0;31
"potentiel-financier";31;0;31
"action-publique";29;1;30
"appartement";22;8;30
"civil";30;0;30
"communication-financiere";30;0;30
"cpef";30;0;30
"dÃ©coupage";16;14;30
"femme";25;5;30
"habitat-naturel";30;0;30
"habitation";29;1;30
"immatriculations";30;0;30
"investissements";26;4;30
"partiel";30;0;30
"pret";28;2;30
"programmation";30;0;30
"prospective";30;0;30
"puissance";29;1;30
"science";25;5;30
"signalisation";30;0;30
"television";25;5;30
"urgences";18;12;30
"visite";29;1;30
"installations-agricoles-et-aquacoles";30;0;30
"unites-urbaines";30;0;30
"emprunts";30;0;30
"moto";28;2;30
"nationalite-francaise";30;0;30
"enseignement-formation";30;0;30
"blanzat";30;0;30
"gerzat";30;0;30
"le-cendre";30;0;30
"avion";30;0;30
"comptage-routier";30;0;30
"sixt-sur-aff";30;0;30
"oleoproteagineux";30;0;30
"la-vague";30;0;30
"ville-de-lorient";30;0;30
"pvp";30;0;30
"ocs2d";30;0;30
"teo";30;0;30
"grand-age-et-autonomie";30;0;30
"luberon";30;0;30
"emploi-frontaliers";30;0;30
"aerien";28;1;29
"branche";29;0;29
"capacite";29;0;29
"conference";27;2;29
"conseillers";28;1;29
"cooperation";25;4;29
"etrangeres";29;0;29
"geographique";7;22;29
"gÃ©olocalisation";11;18;29
"naturel";29;0;29
"nitrates";28;1;29
"origine";28;1;29
"radio";26;3;29
"remuneration";26;3;29
"ressource-en-eau";29;0;29
"restaurants";18;11;29
"so2";29;0;29
"taux";18;11;29
"telephone";22;7;29
"tgv";20;9;29
"coworking";28;1;29
"puy-de-dome";28;1;29
"dgf";29;0;29
"wikidata";27;2;29
"administration-territoriale";29;0;29
"film";28;1;29
"culture-societe-service-tourisme";29;0;29
"eau-surveillance";28;1;29
"ademe";24;5;29
"reseau-de-surface";29;0;29
"tiers-lieux";29;0;29
"aide-sociale-a-lenfance";29;0;29
"creation-dentreprise";29;0;29
"biofield-energy-treatment";29;0;29
"biofield-treatment";29;0;29
"meteofrance";28;1;29
"etablissements-agra-c-a-c-s-ce";29;0;29
"rdi";29;0;29
"drh";29;0;29
"atmo";29;0;29
"urb";29;0;29
"plan-de-ville";29;0;29
"comptes-daffectation-speciale";29;0;29
"donnees-regionales-de-reference";29;0;29
"pandemie";20;9;29
"agriculteur";29;0;29
"community-composition-taxonomic-diversity";29;0;29
"2007";27;1;28
"altimetrie";25;3;28
"ase";28;0;28
"bien-etre";27;1;28
"certification";26;2;28
"citoyen";23;5;28
"codes-postaux";17;11;28
"conseil gÃ©nÃ©ral";28;0;28
"cub";28;0;28
"depute";25;3;28
"dette";27;1;28
"dÃ©cÃ¨s";11;17;28
"elections-europeennes";21;7;28
"eolienne";28;0;28
"eple";28;0;28
"etalab";16;12;28
"ferme";27;1;28
"gabarit";28;0;28
"gite";28;0;28
"habitats";27;1;28
"implantation";28;0;28
"installations-de-suivi-environnemental";28;0;28
"jeux-olympiques";16;12;28
"laboratoire";24;4;28
"medecine";25;3;28
"plan-de-prevention-des-risques";27;1;28
"recensements";28;0;28
"resulats";28;0;28
"resultats-electoraux";22;6;28
"structurels";28;0;28
"tarifs";26;2;28
"taxe";27;1;28
"zones";28;0;28
"Ã©tat civil";12;16;28
"poids-lourds";28;0;28
"transports-infrastructure-routier";28;0;28
"lozere";27;1;28
"renovation";24;4;28
"rgc";28;0;28
"la-reunion";27;1;28
"perimetres";28;0;28
"prescriptions";28;0;28
"votes";19;9;28
"sectorisation";28;0;28
"solidarites";28;0;28
"chamalieres";28;0;28
"durtol";28;0;28
"occupation-et-usage-du-sol";28;0;28
"royat";28;0;28
"dreal-nouvelle-aquitaine";28;0;28
"decoupages";28;0;28
"provence";28;0;28
"civ";28;0;28
"telephone-mobile";25;3;28
"buildings";28;0;28
"pprn-mt";28;0;28
"dfa";28;0;28
"ocs-2d";28;0;28
"administration-regionale";28;0;28
"equipment";28;0;28
"ccpl";28;0;28
"publie-par-la-collectivite";28;0;28
"ecopop";28;0;28
"fonds-historique";28;0;28
"administration-locale";10;17;27
"annees";27;0;27
"artificialisation";21;6;27
"bateau";26;1;27
"derniers";27;0;27
"diagnostic";26;1;27
"donnees-budgetaires";27;0;27
"energie-renouvelable";20;7;27
"ferroviaire";26;1;27
"harmonises";27;0;27
"intensite";27;0;27
"maires";20;7;27
"mobilier";26;1;27
"musÃ©es";12;15;27
"recrutement";23;4;27
"securite-civile";25;2;27
"telephonie";25;2;27
"video";24;3;27
"picardie";25;2;27
"bruit-routier";27;0;27
"inventaire-paysage";26;1;27
"eau-aep";27;0;27
"zonage-eau";27;0;27
"permis-de-conduire";18;9;27
"quartiers-prioritaires";27;0;27
"secteur-des-services";27;0;27
"espace-public-mobilier-urbain";27;0;27
"occupation-sol";24;3;27
"animations";27;0;27
"creches";25;2;27
"ecole-maternelle";25;2;27
"refugie";27;0;27
"cartotheque";27;0;27
"dpe";24;3;27
"drone";26;1;27
"perignat-les-sarlieve";27;0;27
"pprl";27;0;27
"amenagement-numerique";27;0;27
"vente-immobiliere";17;10;27
"200";27;0;27
"profil-acheteur";27;0;27
"servitudes-dutilite-publique";27;0;27
"cd37";27;0;27
"jaune-budgetaire";27;0;27
"adresse-base";27;0;27
"orthophotographies";27;0;27
"housing";27;0;27
"spatial-planning";27;0;27
"town-planning";27;0;27
"effectifs-salaries";26;1;27
"bd-em";27;0;27
"embellir-votre-quartier";27;0;27
"actif";26;0;26
"activite-economique";26;0;26
"agents";26;0;26
"analyse";13;13;26
"application-mobile";7;19;26
"assurance-maladie";19;7;26
"autopartage";26;0;26
"comparative";26;0;26
"distributeur";26;0;26
"especes";26;0;26
"expositions";24;2;26
"festival";20;6;26
"films";21;5;26
"finale";26;0;26
"genre";16;10;26
"geo";14;12;26
"intÃ©gration";26;0;26
"manifestation";26;0;26
"master";22;4;26
"ministere";22;4;26
"nuitees";26;0;26
"participant";26;0;26
"pmt";26;0;26
"radar";20;6;26
"transport-urbain";25;1;26
"voie-verte";26;0;26
"zones-humides";26;0;26
"Ã©quipement";20;6;26
"opensource";6;20;26
"intertidal";26;0;26
"milieu-physique-hydrodynamique-cotiere";26;0;26
"mer-et-littoral";25;1;26
"amenagement-urbain";25;1;26
"ads";26;0;26
"masse-salariale";24;2;26
"prioritaire";26;0;26
"start-up";25;1;26
"polluant";25;1;26
"point-repere";26;0;26
"bureau-communautaire";26;0;26
"wmts";25;1;26
"directive-2002-49-ce";26;0;26
"open-agenda";25;1;26
"fortification";26;0;26
"lfi-2012";26;0;26
"plf-2012";25;1;26
"etat-du-milieu-biogeochimie";26;0;26
"occupation-des-sols";26;0;26
"hta";26;0;26
"reanimation";9;17;26
"datagouv";25;1;26
"politiques-sociales";26;0;26
"beaumont";26;0;26
"cartographie-de-reference";26;0;26
"sviewer";26;0;26
"minima-sociaux-et-pauvrete";26;0;26
"infra-rouge-couleur";26;0;26
"enseig-sup-recherche-universite-de-la-grande-region";26;0;26
"autonomie";22;3;25
"capteur";25;0;25
"cheval";24;1;25
"concernant";25;0;25
"elections-cantonales";17;8;25
"emprunt";24;1;25
"epidemiologie";5;20;25
"espace";24;1;25
"fantoir";22;3;25
"feader";25;0;25
"finess";19;6;25
"immatriculation";23;2;25
"informatique";21;4;25
"inlandwaters";22;3;25
"internationales";25;0;25
"livraison";24;1;25
"lycÃ©e";12;13;25
"migrations";25;0;25
"mortalite";13;12;25
"musee-de-france";14;11;25
"musÃ©e";20;5;25
"pauvrete";22;3;25
"premier";25;0;25
"ps";25;0;25
"schema";25;0;25
"vaccins";12;13;25
"vente";13;12;25
"vert";23;2;25
"aires-de-service";25;0;25
"cultures-marines";25;0;25
"pedestre";25;0;25
"sgar-rhone-alpes";25;0;25
"afr";23;2;25
"qpv";23;2;25
"risques-industriels";25;0;25
"telecom";21;4;25
"aero-data";25;0;25
"economie-sociale-et-solidaire";22;3;25
"sport-loisirs";25;0;25
"profils";25;0;25
"navette";24;1;25
"archives-departementales";25;0;25
"dalles";25;0;25
"ruralite";24;1;25
"eaux-cotieres";25;0;25
"eaux-de-transition";25;0;25
"paot";25;0;25
"actes-reglementaires";25;0;25
"lfi-2013";25;0;25
"projet-de-lois-de-reglement";25;0;25
"etat-du-milieu-pollutions";25;0;25
"education-au-developpement-durable";2;23;25
"metz";24;1;25
"covidfrance";0;25;25
"vie-de-linstitution";25;0;25
"strategique";25;0;25
"reglion";25;0;25
"saur";25;0;25
"institutions-et-citoyens";25;0;25
"challengeopendata";25;0;25
"barriere-inondation";25;0;25
"routes-classees";25;0;25
"routes-classees-a-grande-circulation";25;0;25
"image-satellite";24;1;25
"osm2igeo";25;0;25
"aeronautique";24;0;24
"aliments";5;19;24
"allocation";24;0;24
"apa";24;0;24
"baignade";22;2;24
"cimetieres";23;1;24
"collectivite";20;4;24
"concessions";23;1;24
"contrat";23;1;24
"dependance";21;3;24
"distribution";24;0;24
"douane";17;7;24
"dÃ©chets";22;2;24
"dÃ©partement";13;11;24
"egalite-homme-femme";13;11;24
"facebook";21;3;24
"frontieres";13;11;24
"frontiÃ¨res";13;11;24
"horodateurs";24;0;24
"hotels";13;11;24
"impot";16;8;24
"installations";23;1;24
"mouvement";24;0;24
"ouverture";23;1;24
"pacs";22;2;24
"pietons";23;1;24
"recherche-et-developpement";19;5;24
"reserve-parlementaire";14;10;24
"ressources";24;0;24
"solidaritÃ©";24;0;24
"tonnage";24;0;24
"rnu";24;0;24
"urbanisme-et-foncier-planification-et-documents-d-urbanisme";24;0;24
"installations-classees";24;0;24
"ant";24;0;24
"hydrographie-mesures";24;0;24
"ecole-elementaire";22;2;24
"foyer-fiscal";24;0;24
"geodesie";23;1;24
"pratiques-culturelles";23;1;24
"vie-politique";23;1;24
"zone-30";24;0;24
"zone-bleue";24;0;24
"scanr";23;1;24
"diagnostics";24;0;24
"photographies";24;0;24
"internat";24;0;24
"bruits";24;0;24
"enseignement-agricole";24;0;24
"horaires-theoriques";23;1;24
"versailles";22;2;24
"entailles";24;0;24
"delimitation";24;0;24
"observatoire-finances";24;0;24
"tableau-de-bord-regional";24;0;24
"rapport-dactivites";24;0;24
"preconisations";24;0;24
"saintdenis";24;0;24
"datasprint-pedagogique";0;24;24
"traces2roues";0;24;24
"sars-cov-2";7;17;24
"dashboards";24;0;24
"smh";24;0;24
"pnr-du-morvan";24;0;24
"le-mix-de-production";23;1;24
"flora-biology";24;0;24
"photographies-aereinnes";24;0;24
"agenda-21";23;0;23
"biomasse";23;0;23
"botanique";20;3;23
"bpe";13;10;23
"deux-roues";20;3;23
"documents";22;1;23
"domaine";23;0;23
"dÃ©placements";22;1;23
"eaux";23;0;23
"fonction";21;2;23
"ingenieur";17;6;23
"niveau-de-vie";20;3;23
"obligations";22;1;23
"observation";23;0;23
"offre";23;0;23
"personnel";22;1;23
"piste";23;0;23
"pole";23;0;23
"profession";22;1;23
"programme";21;2;23
"propriete-industrielle";22;1;23
"publique";19;4;23
"senat";21;2;23
"ski";19;4;23
"statut";21;2;23
"stockage";23;0;23
"structurelles";23;0;23
"totale";23;0;23
"marchÃ©s publics";17;6;23
"sites-industriels";23;0;23
"dreal-pc";23;0;23
"financement-public";22;1;23
"correze";22;1;23
"ill-nappe-rhin";23;0;23
"site-protege";23;0;23
"radiations";22;1;23
"asile-a-la-frontiere";23;0;23
"batiment-equipements";23;0;23
"bm";23;0;23
"bmvr";23;0;23
"loi-1901";22;1;23
"organisme-culturel";23;0;23
"installations-agricoles-et-aquac";23;0;23
"eclairage-public";22;1;23
"base-de-donnees";20;3;23
"budget-participatif";22;1;23
"budget-2018";23;0;23
"conventions-de-subvention";23;0;23
"gard";21;2;23
"polynesie-francaise";20;3;23
"pave";23;0;23
"geoportail-de-lurbanisme";23;0;23
"gbfs";23;0;23
"valeur-fonciere";11;12;23
"htb";23;0;23
"standard-cnig-plu-v2014";23;0;23
"enghien-les-bains";23;0;23
"deconfinement";9;14;23
"magosm";23;0;23
"camargue";23;0;23
"metropole-europeenne-de-lille";22;1;23
"agroalimentaire";9;13;22
"antennes";18;4;22
"assistant-maternel";21;1;22
"bar";20;2;22
"centres";20;2;22
"concertation";21;1;22
"couple";20;2;22
"creanciers";22;0;22
"debat";19;3;22
"digue";22;0;22
"enseignants";20;2;22
"formelle";22;0;22
"ges";20;2;22
"informations";20;2;22
"lac";17;5;22
"locaux";21;1;22
"m52";22;0;22
"metiers";18;4;22
"ministre";17;5;22
"operateur";18;4;22
"paje";21;1;22
"pesticide";17;5;22
"pesticides";11;11;22
"pompier";20;2;22
"ports";21;1;22
"poste";19;3;22
"publicite";21;1;22
"raisons";22;0;22
"site-internet";18;4;22
"systemes";22;0;22
"tranche";22;0;22
"zone-protegee";20;2;22
"produits-phytosanitaires";19;3;22
"tri-des-dechets";18;4;22
"zonages";20;2;22
"risque-gestion-du-risque";22;0;22
"agen";21;1;22
"piezometre";22;0;22
"dnpb";22;0;22
"plan-de-vol";22;0;22
"planification-et-developpement-urbain";22;0;22
"assolement";22;0;22
"dcpsl";22;0;22
"cars";20;2;22
"ecosysteme";22;0;22
"economie-emploi";21;1;22
"aulnat";22;0;22
"sites-internet";21;1;22
"examens";22;0;22
"draaf-alpc";22;0;22
"draaf-aquitaine-limousin-poitou-charentes";22;0;22
"draaf-aquitaine-limousin-poitou-";22;0;22
"m57";22;0;22
"points-dapport-volontaire";22;0;22
"donnees-quantitatives";22;0;22
"referentiels-altitude";22;0;22
"administrative-units";22;0;22
"eau-masse-deau";22;0;22
"parcoursup";15;7;22
"cantonnement";22;0;22
"culture-et-tourisme";22;0;22
"ramassage";22;0;22
"cul";22;0;22
"ro";22;0;22
"transports-urbains";22;0;22
"no";22;0;22
"plans-locaux-durbanisme";22;0;22
"comptes-de-concours-financiers";22;0;22
"d-35";22;0;22
"colmar";21;1;22
"territorie";22;0;22
"economie-du-sport";22;0;22
"activites-des-urssaf";22;0;22
"genetic-composition-allelic-diversity";22;0;22
"handicap-et-invalidite";22;0;22
"unite-de-consommation-uc";22;0;22
"revenu-fiscal-median";22;0;22
"autorite-organisatrice-de-la-mobilite-durable";22;0;22
"rapport-interdecile";22;0;22
"services-et-equipements-publics";22;0;22
"limites-decoupages";22;0;22
"agence";20;1;21
"aide-au-logement";21;0;21
"assainissement-collectif";20;1;21
"audiovisuel";17;4;21
"cada";19;2;21
"cadre de vie - environnement";21;0;21
"cantines";21;0;21
"categories";21;0;21
"centre-social";21;0;21
"chauffage";19;2;21
"circulation-routiere";6;15;21
"cms";21;0;21
"collectivite territoriale";20;1;21
"communaute-de-communes";21;0;21
"danse";19;2;21
"declarant";21;0;21
"doctorat";20;1;21
"dÃ©claration";20;1;21
"dÃ©partements";12;9;21
"emplacement";21;0;21
"espece";20;1;21
"fpc";21;0;21
"haut-debit";20;1;21
"historiques";20;1;21
"immobiliers";14;7;21
"indemnites";21;0;21
"ipch";21;0;21
"magasin";13;8;21
"mairies";17;4;21
"parc-relais";20;1;21
"placement";21;0;21
"plaisance";21;0;21
"potentiels";21;0;21
"precarite";14;7;21
"references";20;1;21
"rÃ©gions";13;8;21
"sculpture";18;3;21
"signalement";19;2;21
"superieur";19;2;21
"tableau-de-bord";5;16;21
"taxi";20;1;21
"tkm";21;0;21
"toilette";20;1;21
"veloroute";20;1;21
"ventilees";21;0;21
"vigilance";20;1;21
"wikipedia";12;9;21
"Ã©cole";15;6;21
"Ã©nergie";19;2;21
"pharmacies";12;9;21
"om";21;0;21
"ddt-63";21;0;21
"territoire-a-risque-important-d-inondation";21;0;21
"boutique";19;2;21
"sinp";21;0;21
"site-industriel";21;0;21
"zonages-etude";21;0;21
"classement-sonore";21;0;21
"agriculture-sante-vegetale";20;1;21
"rte";16;5;21
"cdi";20;1;21
"stop";21;0;21
"comptage-et-flux";21;0;21
"social-et-ressources-humaines";21;0;21
"def";21;0;21
"budgets-annexes";21;0;21
"tableau-d-assemblage";21;0;21
"deal";21;0;21
"habitat-indigne";21;0;21
"services-d-utilite-publique-et-s";16;5;21
"territoire-a-risque-important-d-";21;0;21
"zones-de-gestion-de-restriction-";20;1;21
"anonyme";21;0;21
"annecy";12;9;21
"region-bfc";21;0;21
"production-electrique";19;2;21
"vedl";21;0;21
"simulateurs-dila";20;1;21
"porto-vecchio";14;7;21
"aeroscopia";21;0;21
"arrets-et-lignes-du-reseau";21;0;21
"amenagement-du-territoires";0;21;21
"virus";6;15;21
"espaces-verts-environnement";21;0;21
"ville-de-saint-denis";21;0;21
"continuite-eco-paysagere";20;1;21
"cacl";21;0;21
"schema-damenagement-et-de-sestion-des-eaux";21;0;21
"orthoimagery";21;0;21
"cadastral-parcels";20;1;21
"ou-vivre";0;21;21
"environnement-protection-de-la-nature";21;0;21
"action";20;0;20
"administrations";19;1;20
"aeriennes";20;0;20
"aide-sociale-departementale";20;0;20
"anciennes";20;0;20
"annee";18;2;20
"annuels";20;0;20
"avenue";20;0;20
"biens-culturels";20;0;20
"ble";19;1;20
"co";20;0;20
"commerce-exterieur";15;5;20
"communales";10;10;20
"composantes";16;4;20
"contrats";19;1;20
"ctci";20;0;20
"defense";15;5;20
"domaine-public";19;1;20
"edf";17;3;20
"electeur";18;2;20
"epargne";20;0;20
"equipe";8;12;20
"etang";15;5;20
"familles";13;7;20
"gare de voyageurs";12;8;20
"gaz-a-effet-de-serre";16;4;20
"grand-etablissement";19;1;20
"homme";17;3;20
"ias";10;10;20
"immeuble";19;1;20
"lieux";19;1;20
"mais";20;0;20
"medecin-generaliste";9;11;20
"menu";19;1;20
"monde";9;11;20
"nouveaux";20;0;20
"odbl";20;0;20
"procedure";19;1;20
"regionale";19;1;20
"rennes";2;18;20
"rpps";8;12;20
"tennis";18;2;20
"trottoir";19;1;20
"Ã©lus";16;4;20
"aires-de-jeux";18;2;20
"abris";20;0;20
"mortagne-sur-sevre";20;0;20
"pluie";19;1;20
"lden";20;0;20
"emplacements";20;0;20
"chantiers";19;1;20
"zone-de-revitalisation-rurale";20;0;20
"geophysique";20;0;20
"rebent";20;0;20
"aides-financieres";18;2;20
"humidite";18;2;20
"vie-urbaine";19;1;20
"atlas-aquitaine";20;0;20
"referentiel-arrets";20;0;20
"dpas";20;0;20
"social-sante";20;0;20
"rnsr";19;1;20
"sentiers";20;0;20
"environnement-loiret";20;0;20
"orne";18;2;20
"transport-ferroviaire";20;0;20
"dut";17;3;20
"annexe-informative";20;0;20
"corridors";20;0;20
"volcan";20;0;20
"recharge-vehicule-electrique-fra";19;1;20
"description-du-reseau";20;0;20
"compost";19;1;20
"dune-du-pilat";20;0;20
"alpes-de-haute-provence";18;2;20
"don-du-sang";3;17;20
"protection-de-lenvironnement";19;1;20
"social-enfance-sante";20;0;20
"rando";20;0;20
"groslay";20;0;20
"nuisance-n-bruit";20;0;20
"la-pepipniere";20;0;20
"deuil";20;0;20
"particules-pm2-5";20;0;20
"concentrations";20;0;20
"plf-2013";19;1;20
"prix-du-m2";1;19;20
"gracethd";20;0;20
"borne-fontaine";20;0;20
"corona";13;7;20
"covid2019";1;19;20
"observatoire-eco-effectifs-salaries";20;0;20
"transports-et-mobilites";20;0;20
"ltecv";20;0;20
"emprises";20;0;20
"referentiels-imagerie";20;0;20
"biodiversity-dynamics";20;0;20
"genetic-composition-population-genetic-differentiation";20;0;20
"ods";20;0;20
"species-traits-physiological-traits";20;0;20
"enjeu-chiroptere";20;0;20
"niveau-de-vent-a-100m";20;0;20
"rge-cb2d";20;0;20
"commune-propice";20;0;20
"bassin-versant";19;0;19
"batiment-public";19;0;19
"budget-principal";19;0;19
"candidatures";19;0;19
"clinique";16;3;19
"conjoncture";18;1;19
"consacrees";19;0;19
"conservatoires";19;0;19
"cours-d-eau";13;6;19
"donnees-statistiques";18;1;19
"ecoulement";19;0;19
"emballage";18;1;19
"emplois";17;2;19
"employees";19;0;19
"entrees";14;5;19
"femmes";13;6;19
"financiers";19;0;19
"francais";14;5;19
"francais-etablis-hors-de-france";19;0;19
"france mÃ©tropolitaine";17;2;19
"garderie";19;0;19
"gic";18;1;19
"hotspot";16;3;19
"image";19;0;19
"incidence";6;13;19
"jeu";16;3;19
"lycee-public";19;0;19
"maladie";17;2;19
"numÃ©rique";16;3;19
"pac";17;2;19
"pch";19;0;19
"peinture";18;1;19
"produits";8;11;19
"rapportant";19;0;19
"recherche-publique";19;0;19
"regularite";18;1;19
"relief";17;2;19
"securite-sociale";17;2;19
"traitement-des-dechets";15;4;19
"transport_public";17;2;19
"twitter";15;4;19
"usage";19;0;19
"vacances";18;1;19
"vegetaux";17;2;19
"zus";19;0;19
"data2c";0;19;19
"Production";19;0;19
"url";19;0;19
"prefecture";18;1;19
"jurisprudence";11;8;19
"intermodalite";17;2;19
"psmv";19;0;19
"referentiels-voies-et-adresses";18;1;19
"feu";19;0;19
"gestion-de-crise";18;1;19
"eau-utilisation-autre";19;0;19
"seveso";16;3;19
"midi-pyrenees";16;3;19
"ddt-03";19;0;19
"dechetteries";18;1;19
"logement-politique-de-la-ville-politique-de-la-ville";19;0;19
"ars";18;1;19
"canalisation";19;0;19
"enseignement-general";10;9;19
"comptes-annuels";18;1;19
"empreinte-ecologique";18;1;19
"etablissements-scolaires";18;1;19
"interconnexion";19;0;19
"photo-aerienne";19;0;19
"territoires-et-transports";19;0;19
"usagers";18;1;19
"marches-conclus";19;0;19
"desserte";19;0;19
"logement-politique-de-la-ville-p";19;0;19
"haute-garonne";16;3;19
"ddt-allier";19;0;19
"ddt-puy-de-dome";19;0;19
"cours-eau";19;0;19
"rrn";19;0;19
"zbr";19;0;19
"souterrain";19;0;19
"tahiti";19;0;19
"apport";19;0;19
"volontaire";19;0;19
"3-milles";19;0;19
"aom";19;0;19
"article-23";19;0;19
"noirmoutier-en-lile-85163";19;0;19
"polluant-de-leau";18;1;19
"kehl";19;0;19
"natixis-investment-managers-international";19;0;19
"routes-transports";18;1;19
"lfi-2014";19;0;19
"bt";19;0;19
"lieu-daccueil";19;0;19
"coronavirusfrance";1;18;19
"73065";19;0;19
"direction-cohesion";19;0;19
"bruit-ferroviaire";19;0;19
"sno-h";19;0;19
"species-populations-species-distribution";19;0;19
"parlement-de-la-mer";19;0;19
"administration-et-services-publics";19;0;19
"slam";19;0;19
"accessibilitÃ©";15;3;18
"achats";18;0;18
"aide-directe";18;0;18
"alcool";17;1;18
"annexe";18;0;18
"annuelles";16;2;18
"arret-de-bus";14;4;18
"avis";14;4;18
"boursier";17;1;18
"budget-annexe";18;0;18
"bÃ¢timents";18;0;18
"cadre";17;1;18
"categorie";17;1;18
"chambre";18;0;18
"charte";18;0;18
"collÃ¨ge";16;2;18
"communautaire";18;0;18
"conseil municipal";17;1;18
"delinquance";7;11;18
"depistage";14;4;18
"deuxieme";18;0;18
"donnes";18;0;18
"dÃ©mocratie";17;1;18
"dÃ©placements - transports";16;2;18
"education-prioritaire";15;3;18
"espe";16;2;18
"football";14;4;18
"forets";14;4;18
"francais-de-l-etranger";17;1;18
"geocodage";9;9;18
"images";17;1;18
"institutions-publiques";18;0;18
"marque";17;1;18
"metadonnees";18;0;18
"meubles";17;1;18
"modalite";18;0;18
"monetaires";18;0;18
"municipal";17;1;18
"nantes";13;5;18
"nationalite";17;1;18
"nuit";18;0;18
"opah";18;0;18
"ouvrages";18;0;18
"paca";2;16;18
"parc-de-stationnement";12;6;18
"parc-naturel";12;6;18
"placements";18;0;18
"plh";18;0;18
"police-nationale";13;5;18
"politique-publique-democratie";17;1;18
"pompiers";17;1;18
"pont";18;0;18
"potable";18;0;18
"privation";18;0;18
"qualite-des-soins";18;0;18
"rapport";16;2;18
"recherche-universitaire";17;1;18
"reconnaissance";18;0;18
"recyclage-des-dechets";11;7;18
"rÃ©seau";10;8;18
"sens";18;0;18
"telecommunications";16;2;18
"totales";18;0;18
"totem";18;0;18
"tribunaux";13;5;18
"canicule";17;1;18
"Ã©lections cantonales";14;4;18
"Ã©lections dÃ©partementales 2015";10;8;18
"dÃ©partementales";14;4;18
"salubrite";18;0;18
"bts";17;1;18
"geojson";13;5;18
"caserne";18;0;18
"amenagement-urbanisme-assiette-servitude";18;0;18
"itineraires";17;1;18
"donnee-generique-demographie";18;0;18
"step";18;0;18
"mer-littoral-topographie";17;1;18
"environnement-espace-naturel";18;0;18
"agriculture-exploitation-elevage";17;1;18
"designation";18;0;18
"sitadel";14;4;18
"tache";18;0;18
"air-climat-changement-climatique";18;0;18
"sanisette";17;1;18
"communes-nouvelles";15;3;18
"democratie-locale";16;2;18
"elections-departementales-2015";10;8;18
"premier-tour";14;4;18
"prise-de-vue-aerienne";18;0;18
"subvention-municipale";16;2;18
"intelligence-artificielle";5;13;18
"composteurs";17;1;18
"sicoval";18;0;18
"graphiques";0;18;18
"parrainages";2;16;18
"bioenergies";18;0;18
"locavore";18;0;18
"parapente";13;5;18
"cog";15;3;18
"";18;0;18
"capteur-trafic";18;0;18
"second";18;0;18
"nca";18;0;18
"aspects-militaires";18;0;18
"point-dapport-volontaire";18;0;18
"itinerance";18;0;18
"finacement";18;0;18
"jeunesse-animation-sport";18;0;18
"grand-belfort";18;0;18
"geographie-administrative";18;0;18
"ptac";18;0;18
"plan-deau";18;0;18
"gestion-du-littoral-et-de-la-mer";18;0;18
"compte-de-gestion";18;0;18
"emploi-temps-plein";18;0;18
"cnaf";18;0;18
"thermosensibilite";18;0;18
"patrimoine-tourisme-culture";18;0;18
"outre-mer-ocean-indien";18;0;18
"economic-development";18;0;18
"employment";18;0;18
"sme";18;0;18
"coronavirusenfrance";0;18;18
"bus-et-tramway";18;0;18
"ville-durable";17;1;18
"borne-de-recharge-vehicule-electrique";18;0;18
"vehicule-propre";18;0;18
"agglopolys";18;0;18
"infomapaccessservice";18;0;18
"marche-du-travail-flux-frontaliers-vers-le-luxembourg";18;0;18
"abonnes";17;0;17
"accidentologie";11;6;17
"aerodrome";16;1;17
"aot";17;0;17
"apl";16;1;17
"arrondissements";9;8;17
"autoroute";13;4;17
"avions";17;0;17
"bac";13;4;17
"boursiers";17;0;17
"campings";6;11;17
"carbone";14;3;17
"carburants";1;16;17
"centres-de-collecte";2;15;17
"chasse";17;0;17
"code";15;2;17
"collection";17;0;17
"competences";11;6;17
"conge";16;1;17
"eau-cotiere";15;2;17
"emprise";17;0;17
"estimation";2;15;17
"gig";16;1;17
"innondation";17;0;17
"irrigation";17;0;17
"joafe";16;1;17
"legale";17;0;17
"lie";17;0;17
"loi";10;7;17
"lois";8;9;17
"loyer";14;3;17
"marchÃ© public";14;3;17
"marseille";11;6;17
"metier";15;2;17
"ministres";16;1;17
"nucleaire";14;3;17
"paiement";17;0;17
"partage";17;0;17
"particulier";16;1;17
"patients";7;10;17
"pensions";17;0;17
"personnes Ã¢gÃ©es";16;1;17
"restauration-collective";16;1;17
"rÃ©gion";12;5;17
"saone";17;0;17
"sel";17;0;17
"site-web";10;7;17
"sonore";17;0;17
"sortie";13;4;17
"sorties";12;5;17
"sÃ©curitÃ©";6;11;17
"technologie";14;3;17
"telechargement";13;4;17
"titres";17;0;17
"trace";17;0;17
"transport-routier";17;0;17
"travaillees";17;0;17
"valorisation";15;2;17
"ventes";14;3;17
"videosurveillance";8;9;17
"wc";17;0;17
"Ã©lections municipales";13;4;17
"3d";13;4;17
"collections";16;1;17
"organisation-du-suivi-de-l-eau-programmes-de-surveillance-reseaux-de-mesure";17;0;17
"lieux-de-surveillance";17;0;17
"concession";17;0;17
"classification-de-l-usage-des-sols";17;0;17
"infrastructure-routiere";17;0;17
"zonages-agricoles";17;0;17
"ash";17;0;17
"2-basse-normandie";17;0;17
"specification-departementale";17;0;17
"enjeu";17;0;17
"zonage-reglementaire";17;0;17
"asso";16;1;17
"poissons-migrateurs";17;0;17
"midi-pyrÃ©nÃ©es";16;1;17
"Gare de voyageurs";17;0;17
"elementaires";17;0;17
"maternelles";17;0;17
"algue";17;0;17
"orange";13;4;17
"ent";17;0;17
"cable";15;2;17
"continuites-ecologiques";17;0;17
"code-insee";16;1;17
"courbes-de-niveau";16;1;17
"grand-paris-express";16;1;17
"location-immobiliere";14;3;17
"modele-numerique-de-surface";17;0;17
"point-darret";17;0;17
"polynesie";17;0;17
"second-tour";15;2;17
"station-essence";8;9;17
"station-service";8;9;17
"antennes-relais";5;12;17
"haute-savoie";15;2;17
"referentiel-lignes";17;0;17
"zone-reglementee";17;0;17
"lisieux";17;0;17
"noirmoutier-en-l-ile-85163";17;0;17
"pirae";15;2;17
"ingenieurs";16;1;17
"land-cover";17;0;17
"appels-a-projets";17;0;17
"vie-citoyenne";16;1;17
"membres-geomartinique";17;0;17
"cyclotourisme";16;1;17
"renovation-energetique";12;5;17
"egalite-femme-homme";9;8;17
"cogeneration";17;0;17
"deploiement";14;3;17
"mobilite-transport-modes-actifs";15;2;17
"adhesion";16;1;17
"planning";17;0;17
"saeiv";17;0;17
"efs";3;14;17
"admin-express";17;0;17
"etablissement-denseignement";17;0;17
"sitac";17;0;17
"denombrement";17;0;17
"milieux-aquatiques";17;0;17
"zone-dactivites";17;0;17
"finances-departementales";17;0;17
"coherence-ecologique";17;0;17
"portails-immobiliers";16;1;17
"annonces-immobilieres";16;1;17
"val-de-fensch";17;0;17
"etat-du-milieu-geologie";17;0;17
"esri-france";1;16;17
"coronavirusupdates";0;17;17
"reseau-cyclable";17;0;17
"corsica-statistica";17;0;17
"plan-de-relance";16;1;17
"limitesadministratives";17;0;17
"voirie-espaces-publics";17;0;17
"metropole-rouen-normandie";17;0;17
"gek";17;0;17
"longueur-limite";17;0;17
"hauteur-limite";17;0;17
"puy";17;0;17
"restriction-de-circulation";17;0;17
"largeur-limite";17;0;17
"charge-limite";17;0;17
"reseau-aep";17;0;17
"alimentation-en-eau-potable";17;0;17
"patrimoine-tourisme-loisirs";17;0;17
"prises-de-vue";17;0;17
"activite-touristique";7;9;16
"agences";16;0;16
"almanach";11;5;16
"anru";16;0;16
"antenne";11;5;16
"arceau";16;0;16
"aupres";16;0;16
"bilaterale";16;0;16
"brevet";13;3;16
"brevets";15;1;16
"cardiaque";15;1;16
"chantier";15;1;16
"consommation-d-energie";8;8;16
"courrier";16;0;16
"cuisine";14;2;16
"demographie-medicale";6;10;16
"departs";16;0;16
"eau-souterraine-hydrogeologie";16;0;16
"encombrants";14;2;16
"entrepreneuriat";15;1;16
"exploitation-agricole";15;1;16
"financement-europeen";14;2;16
"gastronomie";13;3;16
"haie";16;0;16
"hospitalisations";1;15;16
"impots-locaux";10;6;16
"lampadaire";16;0;16
"lieu";15;1;16
"listes";13;3;16
"macroeconomiques";16;0;16
"maisons";15;1;16
"medecin-specialiste";7;9;16
"median";16;0;16
"niveau";14;2;16
"nourriture";10;6;16
"opendataday2010";16;0;16
"pcrdt";14;2;16
"politique-sociale";15;1;16
"propriete";14;2;16
"publication";13;3;16
"raccordement";15;1;16
"reseau-hydrographique";15;1;16
"rivieres";13;3;16
"rmi";16;0;16
"sante-publique";6;10;16
"schema-directeur-de-la-region";16;0;16
"scientifique";16;0;16
"terrasse";15;1;16
"union-europeenne";11;5;16
"urbanisation";13;3;16
"viticulture";8;8;16
"bocage";15;1;16
"carte interactive";0;16;16
"aire-de-jeux";16;0;16
"android";2;14;16
"implantation-des-routes";16;0;16
"grid";16;0;16
"etat-du-milieu-qualite-et-quantite";16;0;16
"site-eolien";16;0;16
"Montpellier";16;0;16
"dfci";16;0;16
"carrieres";16;0;16
"donnÃ©es ouvertes";16;0;16
"schema-de-coherence-territoriale";16;0;16
"bassin-adour-garonne";16;0;16
"eaux-de-transition-estuaires";16;0;16
"impact-eco";1;15;16
"annonces";10;6;16
"demi-pension";16;0;16
"milieu-physique";16;0;16
"benthos";16;0;16
"2ieme";16;0;16
"aides-aux-entreprises";15;1;16
"chiffre-daffaires";14;2;16
"chiffres-cles";15;1;16
"depenses-recettes";11;5;16
"essais-cliniques";16;0;16
"horaires-et-itineraires";16;0;16
"informations-institutionnelles-et-financieres";16;0;16
"manifestations";15;1;16
"modelisation-numerique";16;0;16
"prestation-sociale";16;0;16
"memoire";15;1;16
"dechets-menagers";12;4;16
"ordures";16;0;16
"sportif";14;2;16
"ancien";13;3;16
"debats";16;0;16
"sections-de-comptage";16;0;16
"gisement";16;0;16
"economie-locale";13;3;16
"cr-auvergne-rhone-alpes";16;0;16
"organismes";16;0;16
"conseil-communautaire";16;0;16
"lycees-professionnels";16;0;16
"livre-lecture";16;0;16
"gal";16;0;16
"dashboard";0;16;16
"etat-du-milieu-qualite-et-quanti";16;0;16
"cartes-statiques";15;1;16
"rna";12;4;16
"ecoles-primaire";15;1;16
"tbm";16;0;16
"bdlisa";16;0;16
"prix-carburants";0;16;16
"chutes-de-blocs";16;0;16
"effondrement";16;0;16
"solidaire";15;1;16
"com";16;0;16
"comptabilites";16;0;16
"fonctionnements";16;0;16
"tresoreries";16;0;16
"mission-locale";16;0;16
"rec";16;0;16
"ris";16;0;16
"production-delectricite";13;3;16
"distributeurs-denergie";14;2;16
"siah";16;0;16
"fonds-de-concours";16;0;16
"prei";16;0;16
"lycee-professionnel";15;1;16
"aide-publique-au-developpement";16;0;16
"1949";16;0;16
"surcotes";16;0;16
"idelis";16;0;16
"usages-non-thermosensibles";16;0;16
"usages-thermosensibles";16;0;16
"bassin-minier-nord-pas-de-calais";16;0;16
"observatoire-eco-difficultes-des-entreprises";16;0;16
"sport-et-nature";16;0;16
"siri";16;0;16
"investissement-territoire";16;0;16
"igr";16;0;16
"abs";16;0;16
"map-the-news";0;16;16
"feed-automatise";16;0;16
"budget-cd34";16;0;16
"saint-marcellin";9;7;16
"ocs-ge2";16;0;16
"donnees-historiques";16;0;16
"reseau-alimentation-en-eau-potable";16;0;16
"ambassade";8;7;15
"aquaculture";15;0;15
"audit";15;0;15
"autolib";13;2;15
"auxiliaires";15;0;15
"bano";11;4;15
"boulodrome";15;0;15
"bovins";14;1;15
"chaleur";14;1;15
"chant";11;4;15
"cimetiÃ¨re";14;1;15
"cours";14;1;15
"crime";13;2;15
"crimes";6;9;15
"crous";13;2;15
"crÃ©ation";13;2;15
"culte";14;1;15
"debarquements";15;0;15
"declarations";15;0;15
"desequilibres";15;0;15
"dgddi";7;8;15
"document";14;1;15
"dÃ©veloppement durable";13;2;15
"economie-numerique";8;7;15
"fleuve";10;5;15
"grille";15;0;15
"illustration";15;0;15
"installation";15;0;15
"jour";15;0;15
"liste-electorale";14;1;15
"logiciel";11;4;15
"medico-social";15;0;15
"montant";14;1;15
"monuments historiques";6;9;15
"nuisances";15;0;15
"ocsol";14;1;15
"offre-de-soins";12;3;15
"orge";14;1;15
"petite enfance";12;3;15
"pib";7;8;15
"projections";13;2;15
"proportion";13;2;15
"rev";15;0;15
"site-naturel";9;6;15
"sociale";15;0;15
"sports-loisirs";12;3;15
"tableau";6;9;15
"thÃ©Ã¢tre";12;3;15
"transgironde";15;0;15
"troncon";15;0;15
"utilisant";15;0;15
"utilise";15;0;15
"violence";13;2;15
"voie-navigable";15;0;15
"zac";15;0;15
"zoo";13;2;15
"Ã©coles";12;3;15
"datautile";0;15;15
"enseignement-secondaire";15;0;15
"enseignement supÃ©rieur";7;8;15
"coteaux";15;0;15
"canevas";15;0;15
"remi";15;0;15
"activite-industrielle";15;0;15
"diro";15;0;15
"reseau-ferroviaire";14;1;15
"conseil-regional-rhone-alpes";15;0;15
"foncier-sol";15;0;15
"mine-carriere-granulats";15;0;15
"decoupage-electoral";14;1;15
"risque-zonages-risque-technologique";15;0;15
"marmande";14;1;15
"communaute-urbaine";15;0;15
"systeme-de-transport";15;0;15
"logement-vacant";11;4;15
"prevision";14;1;15
"aladin";15;0;15
"cnrm";15;0;15
"ppige";14;1;15
"cotations";14;1;15
"demography";15;0;15
"erosion-cotiere";15;0;15
"centre-ville";13;2;15
"ecole-primaire";13;2;15
"egalite-hommes-femmes";10;5;15
"mecenat";15;0;15
"numerisation";15;0;15
"point-de-collecte";15;0;15
"previsions-meteo";15;0;15
"residence-pricipale";15;0;15
"resultat-dexercice";15;0;15
"savoie";13;2;15
"cyclisme";9;6;15
"dea";13;2;15
"se-garer";15;0;15
"ecoles-maternelles";15;0;15
"reims";15;0;15
"surfaces";15;0;15
"paces";13;2;15
"usages-numeriques";14;1;15
"cd-ain";15;0;15
"habitat-politique-de-la-ville-pa";15;0;15
"autres-filieres";15;0;15
"cartographies";14;1;15
"emission-atmospherique";15;0;15
"affaissement";15;0;15
"environnement-urbain";15;0;15
"pied-de-falaise";15;0;15
"sommet-de-falaise";15;0;15
"institution-publique";15;0;15
"pyrenees-orientales";14;1;15
"nancy";14;1;15
"budget-primitf";15;0;15
"solidarite-et-sante";15;0;15
"urinoir";15;0;15
"sts";14;1;15
"wfd-groundwater-body";15;0;15
"domont";15;0;15
"montmagny";15;0;15
"source-demission";15;0;15
"temps-de-parole";9;6;15
"particules-pm10";15;0;15
"lyceens";14;1;15
"variete";15;0;15
"prix-de-vente";2;13;15
"120-ug-m3-sur-8-heures";15;0;15
"story-map";15;0;15
"gradient";15;0;15
"thermosensible";15;0;15
"fxx";15;0;15
"acquisition-de-la-nationalite-par-declaration";15;0;15
"images-aeriennes";14;1;15
"municipales-2020";8;7;15
"pdesi";15;0;15
"service-au-public";15;0;15
"difficultes-des-entreprises";15;0;15
"ep";15;0;15
"mairie-de-saint-denis";15;0;15
"logements-et-logements-sociaux";14;1;15
"inventaire-faune";15;0;15
"neuvillesaintremy";7;8;15
"36159";15;0;15
"urbanisme-amenagement";15;0;15
"standard-cnig-plu";15;0;15
"pathogens";14;1;15
"utas";15;0;15
"sdage-2022-2027";15;0;15
"aide-financiere";14;0;14
"alignement";13;1;14
"ape";10;4;14
"arbres-remarquables";12;2;14
"artisan";8;6;14
"assurances";14;0;14
"baccalaureat";9;5;14
"bathymÃ©trie";14;0;14
"boulevard";14;0;14
"brest";10;4;14
"candidat";12;2;14
"carriere";13;1;14
"carton";14;0;14
"chaque";14;0;14
"charges";13;1;14
"chemins";14;0;14
"conseiller";14;0;14
"construire";13;1;14
"credit";13;1;14
"crise-sanitaire";13;1;14
"data-gouv-fr";12;2;14
"debarquement";14;0;14
"demographiques";14;0;14
"developpement-local";14;0;14
"directs";14;0;14
"documentation";11;3;14
"donnees-personnelles";11;3;14
"effectivement";14;0;14
"elevage";12;2;14
"emballages";14;0;14
"entrants";14;0;14
"epci-a-fiscalite-propre";8;6;14
"epst";14;0;14
"espace-protege";14;0;14
"feder";14;0;14
"feux";13;1;14
"financieres";14;0;14
"gendarmerie-nationale";5;9;14
"gÃ©olocalisÃ©";2;12;14
"idh";13;1;14
"inscrits";13;1;14
"institutions";12;2;14
"journaux";9;5;14
"juridique";12;2;14
"jusqu";14;0;14
"licences";13;1;14
"liees";14;0;14
"lieu-de-visites-touristiques";2;12;14
"locale";14;0;14
"massif";13;1;14
"materielle";14;0;14
"media";11;3;14
"mobilib";14;0;14
"molene";12;2;14
"moyennes";14;0;14
"naissances-annuelles";6;8;14
"neptune";14;0;14
"oeuvre";14;0;14
"payees";14;0;14
"paysages";11;3;14
"planningcadastre";12;2;14
"points";14;0;14
"poisson";14;0;14
"population-active";13;1;14
"poteau";14;0;14
"preemption";14;0;14
"produits-alimentaires";1;13;14
"professionnel";13;1;14
"proposition";13;1;14
"propositions";13;1;14
"redevance";14;0;14
"rejets";14;0;14
"rhst";14;0;14
"rural";14;0;14
"sejour";13;1;14
"senateurs";13;1;14
"soin";14;0;14
"spanc";14;0;14
"table";14;0;14
"taxes";13;1;14
"teom";13;1;14
"toilettes";13;1;14
"transferts";14;0;14
"vacance";6;8;14
"vae";14;0;14
"vues-aeriennes";14;0;14
"machine-learning";2;12;14
"fusion";12;2;14
"secteur-sauvegarde";14;0;14
"comptages";14;0;14
"toilettes-publiques";12;2;14
"infrarouge";14;0;14
"fluvial";14;0;14
"site-industriel-production";14;0;14
"pluvial";14;0;14
"zonages-paysage";12;2;14
"production-vegetale-culture";14;0;14
"conditions-atmospheriques";14;0;14
"patrimoine-naturel-bocage";14;0;14
"circonscriptions-legislatives";7;7;14
"adsl";8;6;14
"investissement-locatif";9;5;14
"gauville";14;0;14
"villers-bocage";14;0;14
"millevaches-en-limousin";14;0;14
"arsenic";14;0;14
"limite-communale";14;0;14
"menus";13;1;14
"Ã©lections rÃ©gionales 2015";11;3;14
"activites-humaines-divers";14;0;14
"marais";14;0;14
"peuplement-biologique";14;0;14
"faune-flore";14;0;14
"inactif";14;0;14
"monoparentale";14;0;14
"ligne-de-mosaiquage";14;0;14
"art-deco";14;0;14
"pedagogie";13;1;14
"recharge-voiture-electrique-france";14;0;14
"recherche-clinique";14;0;14
"services-voyageurs";14;0;14
"couverture-mobile";4;10;14
"demographie-et-population-recensement";14;0;14
"zone-rouge";14;0;14
"immigration-professionnelle";14;0;14
"fete-de-la-science";12;2;14
"alpc";14;0;14
"arceaux";14;0;14
"x-ray-diffraction";14;0;14
"plateforme-publique-de-l-information-geographique";14;0;14
"commune-rurale";14;0;14
"gaz-renouvelable";14;0;14
"cite-scolaire";14;0;14
"unites-denseignement";14;0;14
"education-enseignement";13;1;14
"ddtm-50";14;0;14
"service-public-fr";12;2;14
"tracages";14;0;14
"gares-de-voyageurs";14;0;14
"mandat";14;0;14
"activite-economique-emploi";14;0;14
"coeur-de-ville";14;0;14
"front-dunaire";14;0;14
"siba";14;0;14
"tao";14;0;14
"engin";14;0;14
"profil-dacheteur";14;0;14
"economie-et-entreprises";14;0;14
"education-et-enseignement";13;1;14
"opd";14;0;14
"rack";14;0;14
"voeux";13;1;14
"troyes";13;1;14
"minimum-garanti";14;0;14
"plum";14;0;14
"mam";14;0;14
"cotation-nationale";14;0;14
"plan-occupation-des-sols";14;0;14
"les-lilas";14;0;14
"bailleurs";14;0;14
"demande-dasile";14;0;14
"maison-de-la-nature-et-de-larbre";14;0;14
"circuit-scolaire";14;0;14
"bloc-sanitaire";14;0;14
"solidarites-sante";14;0;14
"gestion-post-crise";14;0;14
"ofgl";14;0;14
"version-prod";14;0;14
"connaitre-la-cdc";14;0;14
"meudon-fr";14;0;14
"inventaire-flore";14;0;14
"inventaire-plantes-vasculaires";14;0;14
"lom";14;0;14
"ocove";14;0;14
"species-traits-body-mass";14;0;14
"species-traits-natal-dispersion-distance";14;0;14
"famille-tourisme-et-sport";14;0;14
"population-ecology";14;0;14
"service-de-letat";14;0;14
"behaviour";14;0;14
"agriculture-approvisonnement-restauration-collective";14;0;14
"reseau-eu";14;0;14
"abstention";6;7;13
"accompagnement-social";13;0;13
"accueil des Ã©trangers";13;0;13
"accueil-familial";13;0;13
"acquisition de la nationalitÃ©";13;0;13
"actp";13;0;13
"administration-electronique";11;2;13
"animation-socioculturelle";2;11;13
"apprentissage de la langue franÃ§aise";13;0;13
"berges";12;1;13
"bibliographie";13;0;13
"budget-2011";12;1;13
"bureauxdevote";10;3;13
"cafe";10;3;13
"cai";13;0;13
"ceser";13;0;13
"cheptel";13;0;13
"circonstances";13;0;13
"cles";13;0;13
"codes";2;11;13
"coeur";12;1;13
"crimes-et-delits";4;9;13
"cultivee";13;0;13
"digital";11;2;13
"dob";13;0;13
"domicile";10;3;13
"douanes";11;2;13
"ecu";13;0;13
"effets collectifs";13;0;13
"energie-solaire";7;6;13
"enseignement gÃ©nÃ©ral";4;9;13
"etablissement-hospitalier";8;5;13
"etablissements-de-sante";12;1;13
"examen";12;1;13
"fonctionnaires";13;0;13
"foot";13;0;13
"fournitures";13;0;13
"frÃ©quentation";13;0;13
"generales";13;0;13
"grand_paris";13;0;13
"grand_paris_express";12;1;13
"habillage";13;0;13
"hors";13;0;13
"hydrometrie";12;1;13
"ilot";13;0;13
"immigres";11;2;13
"inegalites";4;9;13
"internaute";13;0;13
"isf";4;9;13
"labels";4;9;13
"lait";13;0;13
"libre";13;0;13
"medical";12;1;13
"meuble";12;1;13
"minima-sociaux";13;0;13
"nationalitÃ© franÃ§aise";13;0;13
"offre-d-emploi";12;1;13
"patrimoine-arbore";12;1;13
"personnes";13;0;13
"pev";13;0;13
"politique-de-l-environnement";6;7;13
"polluants";12;1;13
"pourcentages";13;0;13
"pratique-sportive";12;1;13
"pratiques culturelles";13;0;13
"president";10;3;13
"prestation-autonomie";13;0;13
"proximitÃ©";8;5;13
"rdf";5;8;13
"redecoupage";13;0;13
"regimes";13;0;13
"res";2;11;13
"reservation";12;1;13
"rÃ©intÃ©gration";13;0;13
"section";13;0;13
"signaletique";12;1;13
"transport-aerien";13;0;13
"velib";12;1;13
"videoprotection";7;6;13
"Ã©lections europÃ©ennes 2014";9;4;13
"Ã©lections lÃ©gislatives";12;1;13
"Ã©loignement des Ã©trangers";13;0;13
"map";1;12;13
"espaces verts";12;1;13
"inscrit";12;1;13
"dÃ©penses culturelles";13;0;13
"znieff";12;1;13
"hydrographie-zonages-perimetres-et-programmes-d-action";13;0;13
"mobilite-transport-transport-maritime-et-fluvial";13;0;13
"patrimoine-naturel-zonages-de-protection-de-gestion-ou-d-intervention";13;0;13
"reseau-routier-national";12;1;13
"gestion-des-crises-et-des-risques";13;0;13
"sante-vegetale";13;0;13
"tonneins";13;0;13
"culture-societe-service-patrimoine-culturel";13;0;13
"captage";13;0;13
"saint-barthelemy";13;0;13
"collecte-selective-des-dechets";13;0;13
"passeport";12;1;13
"hydrographie-reseaux-et-ouvrages";13;0;13
"meneslies";13;0;13
"nouvion";13;0;13
"pnr-millevaches";13;0;13
"alf";13;0;13
"als";13;0;13
"synthese";7;6;13
"finances publiques";13;0;13
"Ile-de-France";13;0;13
"social et ressources humaines";13;0;13
"sedimentologie";13;0;13
"nievre";12;1;13
"yonne";12;1;13
"versement";13;0;13
"urbanisme-reglementaire";13;0;13
"corridors-ecologiques";13;0;13
"patrimoine-naturel-autres";13;0;13
"i-2-g";13;0;13
"accueil-des-etrangers";13;0;13
"bassin-loire-bretagne";13;0;13
"effets-collectifs";13;0;13
"elections-regionales-2015";10;3;13
"eloignement-des-etrangers";13;0;13
"indicateur-de-valeur-ajoutee";5;8;13
"qualite-de-service";12;1;13
"reintegration";13;0;13
"tour-1";11;2;13
"carte-de-france";2;11;13
"ecole-de-commerce";11;2;13
"angers";8;5;13
"abattoir";13;0;13
"allocation-personnalisee-dautonomie";12;1;13
"voiries";13;0;13
"topologie";13;0;13
"sante-humaine";12;1;13
"region-normandie";13;0;13
"secheresse";7;6;13
"troncon-elementaire";13;0;13
"sdage-2016-2021";13;0;13
"lot";12;1;13
"apprentissage-de-la-langue-franc";13;0;13
"hydrographie-zonages-perimetres-";13;0;13
"montpellier-mediterranee-metropo";13;0;13
"patrimoine-naturel-zonages-de-pr";13;0;13
"courbes-isophones";13;0;13
"2006";13;0;13
"adherents";9;4;13
"bande-cyclable";13;0;13
"deve";13;0;13
"m14";13;0;13
"tarifs-voyageurs";13;0;13
"rechargement";13;0;13
"benzene";13;0;13
"amenagement-cyclable";12;1;13
"rgpd";7;6;13
"circulation-des-eaux";13;0;13
"partenariats";13;0;13
"fonds-raster";13;0;13
"pyrenees-atlantiques";10;3;13
"evolution-professionnelle";12;1;13
"autres-coquillages";13;0;13
"zone-damenagement-du-territoire";13;0;13
"cohabitation";13;0;13
"code-source";10;3;13
"journalier";12;1;13
"csa";13;0;13
"admis";13;0;13
"admissibles";13;0;13
"voeu";11;2;13
"tourteaux";13;0;13
"ezanville";13;0;13
"roubaix";13;0;13
"pollution-par-lagriculture";13;0;13
"bassin-dentreprises";13;0;13
"reseaux-routiers";13;0;13
"siare";13;0;13
"budget-2019";13;0;13
"lignes-regulieres";13;0;13
"grand-debat";2;11;13
"batiment-et-energie";12;1;13
"observatoire-territorial";13;0;13
"anciennetes";13;0;13
"bonifications";13;0;13
"decotes";13;0;13
"droits-directs";13;0;13
"liquidations";13;0;13
"notre-territoire";13;0;13
"environnement-energie";13;0;13
"acv";9;4;13
"commerces-et-tourisme";13;0;13
"socle-commun-donnees-locales";11;2;13
"mulhouse";13;0;13
"comptage-velo";13;0;13
"comptes-administratifs";13;0;13
"base-adresse";11;2;13
"covid-tracker";0;13;13
"masque";13;0;13
"barometre-economique";13;0;13
"hospitalisation";2;11;13
"education-jeunesse";10;3;13
"dtcm";13;0;13
"antennes-5g";1;12;13
"drom";13;0;13
"notebook";0;13;13
"polluants-atmospheriques";13;0;13
"etablissement-public-de-cooperation-intercommunale-epci";13;0;13
"administration-et-donnees-de-reference";13;0;13
"mix-de-production";13;0;13
"queyras";13;0;13
"transports-lignes-de-bus-et-ferroviaires-transfrontalieres";13;0;13
"securite-prevention";13;0;13
"2eme-tour";12;0;12
"aah";12;0;12
"accueil-de-jour";11;1;12
"acteurs-institutionnels";11;1;12
"aides-la-presse-ecrite";11;1;12
"aire-urbaine";8;4;12
"annexes";12;0;12
"artistes";12;0;12
"bailleur";11;1;12
"besoin";12;0;12
"biotope";12;0;12
"ccpa";12;0;12
"collaboratif";8;4;12
"compte-rendu";12;0;12
"conciliation";12;0;12
"conseiller-regional";12;0;12
"cooperation-decentralisee";12;0;12
"cuve";12;0;12
"date";11;1;12
"demarches";6;6;12
"denrees";12;0;12
"deposees";12;0;12
"developpement-humain";12;0;12
"effectifs-superieur";9;3;12
"electronique";11;1;12
"entretien";11;1;12
"equipements-culturels";9;3;12
"exportations";9;3;12
"fete";9;3;12
"fourniture";12;0;12
"garage";6;6;12
"garde";11;1;12
"gites";12;0;12
"grippe";5;7;12
"groupe-politique";12;0;12
"guide";9;3;12
"hackathon";4;8;12
"halte";12;0;12
"humanitaire";10;2;12
"importations";10;2;12
"ingredients";2;10;12
"insertion-sociale";9;3;12
"inventaires";12;0;12
"lille";6;6;12
"limites-politiques";2;10;12
"lumiere";12;0;12
"manufacturiere";12;0;12
"marche-de-fournitures";12;0;12
"marchÃ©";11;1;12
"maree";10;2;12
"maternite";11;1;12
"mediatheques";11;1;12
"militaires";11;1;12
"moteur";4;8;12
"mur";12;0;12
"mÃ©tÃ©o";9;3;12
"nfc";12;0;12
"occupees";12;0;12
"office-du-tourisme";12;0;12
"parcs-relais";12;0;12
"peuplement";11;1;12
"pistes";12;0;12
"piÃ©ton";11;1;12
"plans";12;0;12
"plantes";11;1;12
"png";11;1;12
"politiques";11;1;12
"pression";11;1;12
"promenades";12;0;12
"raisins";12;0;12
"raison";12;0;12
"reconversion";12;0;12
"registre-parcellaire-graphique";7;5;12
"repartition";8;4;12
"reseau-de-bus";7;5;12
"rugby";8;4;12
"sante-sociale";8;4;12
"securite-des-soins";12;0;12
"selectif";11;1;12
"sociaux";12;0;12
"source";9;3;12
"spectacle vivant";12;0;12
"tabac";11;1;12
"terrains";11;1;12
"transport-fluvial";12;0;12
"typologie";11;1;12
"ue";10;2;12
"urbaines";12;0;12
"uta";12;0;12
"val-de-marne";9;3;12
"za";12;0;12
"restrictions";12;0;12
"data2b";0;12;12
"mode doux";12;0;12
"graphique";0;12;12
"activite-economique-agriculture-et-elevage";12;0;12
"circuit-touristique";12;0;12
"mÃ©dicament";9;3;12
"bÃ¢timent";12;0;12
"tournage";12;0;12
"cil";9;3;12
"qualite-pollution";12;0;12
"habitat-politique-de-la-ville-politique";12;0;12
"foret-description";10;2;12
"etablissement-public-de-cooperation-intercommunale";12;0;12
"maet";12;0;12
"colayrac-saint-cirq";12;0;12
"donnee-generique-action-publique";12;0;12
"gers";11;1;12
"personnes-a-mobilite-reduite";12;0;12
"climat-meteo-meteo";12;0;12
"habitat-urbain";12;0;12
"ptz";6;6;12
"masses";12;0;12
"arcachon";11;1;12
"impact-adm";0;12;12
"food";4;8;12
"ammonium";12;0;12
"crues";12;0;12
"h2020";11;1;12
"fablab";11;1;12
"colloque";12;0;12
"commun";11;1;12
"affichage-libre";11;1;12
"apport-volontaire";12;0;12
"arts-plastiques";11;1;12
"cds";12;0;12
"elections-europeennes-2014";8;4;12
"gaz-naturel";9;3;12
"industrie-pharmaceutique";11;1;12
"liquidation-judiciaire";12;0;12
"performance-publique";12;0;12
"redressement-judiciaire";12;0;12
"regie";12;0;12
"taxe-de-sejour";12;0;12
"zone-pietonne";12;0;12
"antennes-mobiles";3;9;12
"moteur-de-recherche";1;11;12
"foret-foret";12;0;12
"hydroelectricite";12;0;12
"incendie-de-foret";12;0;12
"ecoles-primaires";12;0;12
"points-de-comptage";12;0;12
"donnees-de-reference";11;1;12
"dematerialisation";11;1;12
"smartphone";6;6;12
"gestion-des-ressources-en-eau";12;0;12
"revitalisation";10;2;12
"lolf";12;0;12
"startup";7;5;12
"association-des-utilisateurs-de-bornes-electriques";6;6;12
"culture-societe-service-enseigne";12;0;12
"residence-principale";11;1;12
"contractuel";12;0;12
"cartographie-automatique";0;12;12
"agence-d-urbanisme-d-orleans";12;0;12
"escalade";12;0;12
"enquete-gares-connexions";12;0;12
"tours";10;2;12
"banque-populaire";12;0;12
"planification-cadastre";12;0;12
"conseil-departemental-89";12;0;12
"teledetection";12;0;12
"ouvrage-dart";12;0;12
"resistance";12;0;12
"commande-public";10;2;12
"tri-plus";12;0;12
"cotes-darmor";9;3;12
"var";10;2;12
"cpge-integree-a-luniversite";12;0;12
"olympique";11;1;12
"coquille-saint-jacques";12;0;12
"nanterre";11;1;12
"decret-ndeg2017-486";12;0;12
"profil";12;0;12
"maillage";11;1;12
"prenom-naissance";3;9;12
"rivers-water-framework-directive";12;0;12
"tad";12;0;12
"sencrop";12;0;12
"projet-annuel-de-performance";12;0;12
"deust";11;1;12
"95210";12;0;12
"attainville";12;0;12
"plan-climat-air-energie-pcae";12;0;12
"consommation-delectricite";7;5;12
"agence-durbanisme-dorleans";12;0;12
"traces";12;0;12
"donnees-essentielles-de-la-commande-publique";12;0;12
"horaires-temps-reel";10;2;12
"grand-debat-national";1;11;12
"emeraude";12;0;12
"csb";12;0;12
"bouffemont";12;0;12
"salifere";12;0;12
"plr-2011";12;0;12
"vieillesses";12;0;12
"zfe";12;0;12
"bd-historique";12;0;12
"hub-site";12;0;12
"artificialisation-des-sols";9;3;12
"science-ouverte";8;4;12
"acquisition-de-la-nationalite-par-decret";12;0;12
"trottinettes";11;1;12
"aleop";12;0;12
"amenagements-cyclables";11;1;12
"mdna";12;0;12
"aide-regionale";12;0;12
"cesu";11;1;12
"etat-du-milieu-hydrodynamique";12;0;12
"activite-partielle";12;0;12
"travailleurs-independants";12;0;12
"plan-local-durbanisme-intercommunal";12;0;12
"annemasse";12;0;12
"defaillances";12;0;12
"ea-public";12;0;12
"argenteuil";12;0;12
"biodiversite-et-environnement";12;0;12
"parrainage";6;6;12
"bilan-gaz";12;0;12
"sdirve";12;0;12
"le-poinconnet";12;0;12
"opahru";12;0;12
"adacl-datagouv";12;0;12
"envionnement";12;0;12
"pcrs";11;1;12
"anthropization";12;0;12
"evopop";12;0;12
"interaction-networks";12;0;12
"landscape-dynamics";12;0;12
"ocoa";12;0;12
"pollimed";12;0;12
"paris-centre";12;0;12
"ppv";12;0;12
"limagne";12;0;12
"multi";12;0;12
"prime-de-partage-de-la-valeur";12;0;12
"bilan-accessibilite-2014";12;0;12
"pfia";12;0;12
"impact-de-lagriculture-sur-lenvironnement";12;0;12
"aide-et-action-sociales";12;0;12
"carte-annuelle";12;0;12
"enseig-sup-recherche-dfhi-isfates";12;0;12
"demographie-population-en-age-de-travailler";12;0;12
"securite-prevention-securite-routiere";12;0;12
"demographie-evolution-de-la-population";12;0;12
"abonnement";11;0;11
"adultes";11;0;11
"analyses";8;3;11
"annuel";11;0;11
"appellation-d-origine";2;9;11
"arrondies";11;0;11
"assurance";10;1;11
"ateliers";11;0;11
"bateaux";10;1;11
"borne de recharge";11;0;11
"budgetaire";11;0;11
"cad";11;0;11
"carrefours";11;0;11
"cea";11;0;11
"cnda";11;0;11
"collecte-citoyenne";2;9;11
"collecte-selective";8;3;11
"commerciales";11;0;11
"composition-nutritionnelle";1;10;11
"constructions-humaines";11;0;11
"cout";10;1;11
"culture-regionale";11;0;11
"cycliste";11;0;11
"dejection";11;0;11
"diplomatie";7;4;11
"distributeurs";11;0;11
"divorce";7;4;11
"donateurs";11;0;11
"echange";11;0;11
"edition";10;1;11
"eglise";11;0;11
"enseignement technologique";3;8;11
"epin";11;0;11
"essais_cliniques";11;0;11
"fonction-publique-territoriale";10;1;11
"foyer";11;0;11
"fse";11;0;11
"gouvernance";11;0;11
"groupe";11;0;11
"industrie_pharmaceutique";11;0;11
"instruction";10;1;11
"jeux-de-donnees";11;0;11
"large";10;1;11
"librairie";6;5;11
"loyers";8;3;11
"ludotheque";11;0;11
"magasins";9;2;11
"manifestations-sportives";11;0;11
"marche-de-services";11;0;11
"mere";11;0;11
"micro-creche";11;0;11
"millions";11;0;11
"mode-de-garde";11;0;11
"modification";11;0;11
"msa";11;0;11
"mÃ©nages";6;5;11
"nouvelle-caledonie";11;0;11
"ofpra";11;0;11
"parking-public";9;2;11
"pathologies";6;5;11
"poissons";11;0;11
"postal";11;0;11
"pratique";11;0;11
"prestations";10;1;11
"quintile";11;0;11
"rang";11;0;11
"recherche et dÃ©veloppement";9;2;11
"recherche_clinique";11;0;11
"referendum";9;2;11
"referent";11;0;11
"regards";11;0;11
"rejet";11;0;11
"relatif";11;0;11
"religion";9;2;11
"remunerations";10;1;11
"remunerees";11;0;11
"rentabilite";7;4;11
"republique";10;1;11
"reseau-postal";11;0;11
"reserve-naturelle-regionale";11;0;11
"reutilisation";7;4;11
"routiere";11;0;11
"rÃ©sultats_Ã©lectoraux";5;6;11
"sapeur-pompier";11;0;11
"sciences";7;4;11
"securite-sanitaire";7;4;11
"sondage";9;2;11
"sonores";11;0;11
"sous-groupes";11;0;11
"standard";11;0;11
"stocks";8;3;11
"strategie";6;5;11
"taille";9;2;11
"territorial";11;0;11
"transition";9;2;11
"travail-social";11;0;11
"travailleur-social";11;0;11
"ugb";11;0;11
"utilisation";9;2;11
"vetements";11;0;11
"viticole";3;8;11
"Ã©volution";10;1;11
"sru";10;1;11
"SA-c-curitA-c-sanitaire";11;0;11
"afd";11;0;11
"litto3d";11;0;11
"corbeille";11;0;11
"propretÃ©";11;0;11
"chiens";11;0;11
"pau";10;1;11
"Ã©lections dÃ©partementales";9;2;11
"cheminement";11;0;11
"cyclables";11;0;11
"anfr";6;5;11
"infrastructures-routieres";11;0;11
"pr";11;0;11
"quartier-prioritaire";11;0;11
"drome";10;1;11
"foncier-agricole";10;1;11
"foret-reglement";11;0;11
"chaulnes";11;0;11
"clermont-dessous";11;0;11
"mer-littoral-culture-marine";11;0;11
"ios";1;10;11
"patinoire";11;0;11
"randonnee-pedestre";11;0;11
"reservoir";11;0;11
"mobilite-transport-deplacement-collectif";11;0;11
"train-express-regional";9;2;11
"mae";11;0;11
"aqueux";11;0;11
"polluees";11;0;11
"qgis";4;7;11
"leaflet";0;11;11
"dordogne";10;1;11
"avalanche";10;1;11
"impact-soc";0;11;11
"impact-demo";0;11;11
"chlorures";11;0;11
"cooperation-transfrontaliere";10;1;11
"domaine-public-fluvial-dpf";11;0;11
"ill-domaniale";11;0;11
"schema-de-gestion";11;0;11
"sulfates";11;0;11
"tetrachloroethylene";11;0;11
"trichloroethylene";11;0;11
"metabolite";10;1;11
"economie-circulaire";9;2;11
"necmergitur";11;0;11
"scolaires";11;0;11
"2nd";11;0;11
"reservoirs-de-biodiversite";11;0;11
"assainissement-non-collectif";11;0;11
"boite-aux-lettres";9;2;11
"enseignement-technologique";3;8;11
"fetes";10;1;11
"marche-de-lelectricite";10;1;11
"salle-polyvalente";11;0;11
"securite-ferroviaire";11;0;11
"tour-2";11;0;11
"wifi-public";6;5;11
"telephonie-mobile";6;5;11
"donnee-generique-habillage";11;0;11
"4g";10;1;11
"yvelines";9;2;11
"dsoe";11;0;11
"preservation";11;0;11
"opinion-publique";10;1;11
"medde";11;0;11
"tmja";11;0;11
"corridor";11;0;11
"lidar";11;0;11
"valorisation-des-dechets";9;2;11
"patent";11;0;11
"cahors";10;1;11
"mobilite-transport-transport-mar";11;0;11
"exposition-sonore";11;0;11
"transformation-numerique";11;0;11
"ondes";10;1;11
"election-presidentielle-2017";8;3;11
"cartes-interactives";0;11;11
"astronomie";11;0;11
"vcub";11;0;11
"eolien-terrestre";11;0;11
"tbc";11;0;11
"sdes";7;4;11
"lineaire";11;0;11
"rencontre";11;0;11
"schema-cyclable";11;0;11
"eboulement";11;0;11
"abri";11;0;11
"scan";10;1;11
"saint-raymond";11;0;11
"gnv";10;1;11
"bailleurs-sociaux";10;1;11
"batiments-publics";11;0;11
"com-agglo-brive";11;0;11
"land-use";11;0;11
"station-depuration";11;0;11
"electorale";11;0;11
"pci";8;3;11
"fauteuil-roulant-ou-mobilite-reduite";11;0;11
"universite-paris-nanterre";11;0;11
"constructibilite";11;0;11
"derogation";11;0;11
"associatif";10;1;11
"xynthia";11;0;11
"casa";11;0;11
"dcg";11;0;11
"endo-recrutement";11;0;11
"wfd-surface-water-body-river";11;0;11
"producteurs";9;2;11
"capv";11;0;11
"moisselles";11;0;11
"economie-et-entreprise";9;2;11
"oise-mobilite";11;0;11
"guf";11;0;11
"velotourisme";10;1;11
"placements-financiers";11;0;11
"triticale";11;0;11
"femmes-hommes";11;0;11
"gigoi";11;0;11
"bd-inventaire";11;0;11
"invalidites";11;0;11
"map-series";11;0;11
"territoire-solidarite";11;0;11
"dasco";11;0;11
"prenoms-garcons";4;7;11
"prenoms-fille";4;7;11
"transaction";10;1;11
"atlasante";11;0;11
"referenciels-geographiques";11;0;11
"licence-ouverte";11;0;11
"particuliers-employeurs";10;1;11
"developpement-du-territoire";11;0;11
"urssaf";8;3;11
"france-services";9;2;11
"observatoire-eco-travailleurs-independants";11;0;11
"election-presidentielle-2022";2;9;11
"neuville-saint-remy";7;4;11
"vaccin-covid";0;11;11
"route-departementale-1";11;0;11
"but";11;0;11
"revenu-net-declare";11;0;11
"agence-territoriale";11;0;11
"prime-exceptionnelle";11;0;11
"limite-petr";11;0;11
"donnees-geographiques-de-reference";11;0;11
"pseudocanton";11;0;11
"soils";11;0;11
"limite-scot";11;0;11
"limite-arrondissement";11;0;11
"amenagement-et-urbanisme";11;0;11
"territoire-de-massif";11;0;11
"geodesy";11;0;11
"prime-covid";11;0;11
"climatic-change";11;0;11
"gal-leader";11;0;11
"ca-de-blois";11;0;11
"limite-pseudocanton";11;0;11
"contrainte-zone-ctr";11;0;11
"production-and-industrial-facilities";11;0;11
"zonage-politique-amenagement-des-territoires";11;0;11
"communities";11;0;11
"contrainte-radar-primaire";11;0;11
"limite-gal";11;0;11
"limite-epci";11;0;11
"donnees-hors-loi-lom";11;0;11
"limite-territoire-de-massif";11;0;11
"inventaire-patrimoine-culturel-recensement-etude-oeuvre-monument";11;0;11
"pepa";11;0;11
"limite-region";11;0;11
"limite-pnr";11;0;11
"limite-pays";11;0;11
"population-evolution";11;0;11
"mots-cle-complementaire-facultatif";11;0;11
"acces-aux-droits";9;1;10
"accidents-de-la-route";4;6;10
"acteurs";9;1;10
"actifs";8;2;10
"activitÃ©";5;5;10
"actuelle";10;0;10
"aemo";10;0;10
"aerienne";10;0;10
"agent-social";10;0;10
"aire-geographique";5;5;10
"alimentation-humaine";3;7;10
"appels";10;0;10
"archives-publiques";8;2;10
"armee";9;1;10
"assistante-maternelle";9;1;10
"atelier";9;1;10
"atlantique";10;0;10
"bacs";9;1;10
"beneficiaires";9;1;10
"bigdata";1;9;10
"biodiversitÃ©";6;4;10
"budget-de-l-etat";7;3;10
"catastrophe";8;2;10
"cd";9;1;10
"chaussee";10;0;10
"chomeur";8;2;10
"circuits";10;0;10
"cohesion";10;0;10
"collectivitÃ©s";8;2;10
"colonnes-enterrees";10;0;10
"combustibles";10;0;10
"competence";8;2;10
"comptabilite";8;2;10
"concerts";8;2;10
"conservation";10;0;10
"consommateurs";9;1;10
"contraception";10;0;10
"controle-de-legalite";10;0;10
"couleur";9;1;10
"decret";5;5;10
"depense-administrative";9;1;10
"dessin";10;0;10
"detente";9;1;10
"dette-publique";7;3;10
"deviation";10;0;10
"direction";9;1;10
"dlpaj";3;7;10
"don";10;0;10
"dpm";10;0;10
"drees";9;1;10
"droit-du-travail";5;5;10
"eure";8;2;10
"exclue";10;0;10
"frequence";9;1;10
"girci";10;0;10
"halte-garderie";10;0;10
"hauts-de-seine";6;4;10
"hebergements";9;1;10
"hiver";7;3;10
"indicateur de valeur ajoutÃ©e";2;8;10
"industries";8;2;10
"inflation";5;5;10
"infractions";4;6;10
"innovantes";10;0;10
"interieure";9;1;10
"intra-regionale";10;0;10
"judiciaire";9;1;10
"medecin-liberal";7;3;10
"mns";10;0;10
"mode";9;1;10
"multilaterale";10;0;10
"natation";9;1;10
"nationales";10;0;10
"operateurs";9;1;10
"ordonnances";3;7;10
"patrimoine-architectural";6;4;10
"pendant";10;0;10
"physique";10;0;10
"plaque";10;0;10
"plateforme";8;2;10
"portail";6;4;10
"postes";9;1;10
"precedente";10;0;10
"presence";10;0;10
"produits-de-sante";10;0;10
"profession-sante";7;3;10
"protection patrimoine";1;9;10
"protection-sociale";9;1;10
"ratp";8;2;10
"representation";10;0;10
"reserve-de-biosphere";4;6;10
"reserve-de-faune";4;6;10
"reserve-de-flore";4;6;10
"responsabilite-societale";10;0;10
"restauration-scolaire";10;0;10
"revenu-de-solidarite-active";10;0;10
"salaries";9;1;10
"salon";9;1;10
"sau";10;0;10
"securite-publique";6;4;10
"sinistre";10;0;10
"sportifs";8;2;10
"systeme";10;0;10
"talus";10;0;10
"temperatures";9;1;10
"territoriaux";10;0;10
"totaux";10;0;10
"tour 2";10;0;10
"transactions";8;2;10
"transmission";8;2;10
"ude";10;0;10
"usees";10;0;10
"variation";10;0;10
"vieillissement";8;2;10
"vÃ©hicule";10;0;10
"geofla";9;1;10
"saint-malo";5;5;10
"crÃ¨che";8;2;10
"canisites";10;0;10
"budget primitif";10;0;10
"activites-humaines-reseaux-d-observation-et-de-surveillance-du-littoral";10;0;10
"Ã©lections rÃ©gionales";10;0;10
"loi-notre";2;8;10
"surveillance-meteorologique";9;1;10
"INSEE";10;0;10
"acteur";10;0;10
"zone piÃ©tonne";10;0;10
"open-street-map";10;0;10
"nature-paysage-biodiversite-zonages-nature";10;0;10
"meudon-la-forÃªt";10;0;10
"risque-risque-minier";10;0;10
"aides Ã  la presse";9;1;10
"culture-societe-service-erp-autre";10;0;10
"risque-seisme";10;0;10
"nuisance-dechet";10;0;10
"habitat-politique-de-la-ville-construction";10;0;10
"pprt-de-la-zone-industrielle-d-amiens-nord";10;0;10
"port-sainte-marie";10;0;10
"plan-local";10;0;10
"sic";10;0;10
"tache-urbaine";10;0;10
"zsc";10;0;10
"montpellier-mediterranee-metropole-limites-communales-epci-montpellier-limites-administratives";10;0;10
"datation";10;0;10
"point-arret";10;0;10
"foncier-sol-foncier-agricole";10;0;10
"irstea";10;0;10
"logement-politique-de-la-ville-immobilier-et-logement";9;1;10
"elasticsearch";0;10;10
"surfaces-inondables";10;0;10
"beauval";10;0;10
"coisy";10;0;10
"dompierre-becquincourt";10;0;10
"saint-valery-sur-somme";10;0;10
"keolis";10;0;10
"aeeh";10;0;10
"composes-organohalogenes-volatils";10;0;10
"datascience";2;8;10
"gares et infrastructures";10;0;10
"atrazine";10;0;10
"desethylatrazine";10;0;10
"desisopropylatrazine";10;0;10
"research";10;0;10
"biocenose";10;0;10
"BM";10;0;10
"BMVR";10;0;10
"Culture";10;0;10
"MÃ©diathÃ¨que";10;0;10
"canisite";10;0;10
"ssp";9;1;10
"antenne-sociale";10;0;10
"chambres-hotes";10;0;10
"commercant";10;0;10
"eco2mix";7;3;10
"elus-municipaux";7;3;10
"federations";9;1;10
"infrastructure-de-recharge";9;1;10
"mairie-annexe";10;0;10
"modele";7;3;10
"numeros";9;1;10
"polices-municipales";3;7;10
"protection-subsidiaire";10;0;10
"realisation";10;0;10
"reforme-territoriale";2;8;10
"reseau-social";10;0;10
"reseau-vert";10;0;10
"residences-principales";5;5;10
"tisseo";9;1;10
"reseau-mobile";4;6;10
"roe";10;0;10
"movements";10;0;10
"texture";10;0;10
"conferences";10;0;10
"dejeuner";10;0;10
"estimation-immobiliere";1;9;10
"euro2016";10;0;10
"hal";9;1;10
"assemblees";10;0;10
"trimestres";10;0;10
"magazine";10;0;10
"contact";9;1;10
"budget-2017";10;0;10
"tickets";10;0;10
"basse-tension";10;0;10
"couverture-4g";1;9;10
"fourier-transform-infrared-spectroscopy";10;0;10
"cnracl";10;0;10
"ircantec";10;0;10
"fond-de-carte";10;0;10
"classification";10;0;10
"effondrements";10;0;10
"aide-a-finalite-regionale";10;0;10
"evaluations";10;0;10
"rep";10;0;10
"madon";10;0;10
"culture-societe-service-erp-autr";10;0;10
"habitat-politique-de-la-ville-co";10;0;10
"pprt-de-la-zone-industrielle-d-a";10;0;10
"calaire-chimie-sa";10;0;10
"euro-2016";10;0;10
"2nd-tour";10;0;10
"poteau-incendie";10;0;10
"elections-legislatives-2017";7;3;10
"compteurs";10;0;10
"ilots";10;0;10
"denomination";10;0;10
"sac";10;0;10
"versailles-grand-parc";9;1;10
"shape";10;0;10
"med";10;0;10
"bilan-carbone";9;1;10
"caisse-depargne";10;0;10
"ecoles-elementaires";10;0;10
"logements-vacants";6;4;10
"albi";9;1;10
"geoidecarto";10;0;10
"n-zonages-amenagement";10;0;10
"sdage-2010-2015";10;0;10
"bus-arrets-abris-bus-transports";10;0;10
"institutions-locales";10;0;10
"tranche-dage";9;1;10
"action-coeur-de-ville";9;1;10
"caen";9;1;10
"interet-de-lenfant";10;0;10
"transports-scolaires";10;0;10
"suffrage";10;0;10
"pm25";10;0;10
"data-collection";10;0;10
"elec";10;0;10
"evacuation";10;0;10
"espaces-info-energie";10;0;10
"95426";10;0;10
"gap";2;8;10
"parc-national";10;0;10
"plan-doccupation-des-sols";10;0;10
"prelevement-deau";10;0;10
"nuisances-sonores";10;0;10
"rne";7;3;10
"boite";10;0;10
"sousse";10;0;10
"decoset";10;0;10
"flexgrid";10;0;10
"sigidurs";10;0;10
"dioxyde-azote";10;0;10
"conseil-de-communaute";10;0;10
"spf";4;6;10
"pollution-de-lair";10;0;10
"surveillance-urbaine";10;0;10
"elue";10;0;10
"annemasse-agglo";10;0;10
"citalis";10;0;10
"vivre-a-issy";10;0;10
"jvmalin";10;0;10
"dinum";10;0;10
"reseaux-energie";8;2;10
"scan25";10;0;10
"schema-regional";10;0;10
"inventaire-des-emissions";10;0;10
"coronavirustraking";0;10;10
"covidtracker";1;9;10
"assistantes-maternelles";9;1;10
"emploi-a-domicile";9;1;10
"observatoire-eco-particuliers-employeurs";10;0;10
"personne-physique";8;2;10
"environnement-agriculture-eau";10;0;10
"martigues";10;0;10
"ambilly";10;0;10
"bonne";10;0;10
"etrembieres";10;0;10
"gaillard";10;0;10
"juvigny";10;0;10
"machilly";10;0;10
"saint-cergues";10;0;10
"ville-la-grand";10;0;10
"un";10;0;10
"trier-issy-com";10;0;10
"citoyennete-et-democratie";10;0;10
"pleiades";10;0;10
"societariat-mecenat";10;0;10
"pollen";9;1;10
"dechets-industriels-et-commerciaux";10;0;10
"emissions-polluantes";10;0;10
"sources-et-formes-de-pollution";10;0;10
"unite-legale";10;0;10
"stationnement-cyclable";9;1;10
"france-num";10;0;10
"tpe-pme";10;0;10
"donnee-collaborative";10;0;10
"institut-national-de-la-statistique-et-des-etudes-economiques-insee";10;0;10
"aquatic";10;0;10
"biomarla";10;0;10
"community-composition-species-interactions";10;0;10
"ecosystem-function-net-primary-productivity";10;0;10
"genetic-composition-co-ancestry";10;0;10
"contrainte-reglementaire-hertzienne";10;0;10
"contrainte-plan-deau";10;0;10
"sensibilite-environnementale";10;0;10
"enjeu-avifaune";10;0;10
"lycee-agricole";10;0;10
"synthese-contrainte-reglementaire";10;0;10
"aomd";10;0;10
"infra-rouge";10;0;10
"potentiel-eolien-50m";10;0;10
"region-grand-est";10;0;10
"enjeu-patrimonial";10;0;10
"mot-cle";10;0;10
"lycee-privee-sous-contrat";10;0;10
"contrainte-reglementaire-environnementale";10;0;10
"montferrand";10;0;10
"site-inscrit-et-classe";10;0;10
"maisons-familiales-rurales";10;0;10
"contrainte-reseau-transport-energie";10;0;10
"aides-a-finalite-regionale";10;0;10
"eir2016";10;0;10
"statistical-units";10;0;10
"contrainte-radar-militaire";10;0;10
"contrainte-radar-meteorologique";10;0;10
"raccordement-reseau";10;0;10
"depense-culturelle";10;0;10
"sensibilite-avifaunistique";10;0;10
"velos-nouvelles-mobilites";10;0;10
"centre-de-formation-des-apprentis-agricole";10;0;10
"contrainte-urbanisme";10;0;10
"contrainte-reglementaire-aeronautique";10;0;10
"contrainte-de-pente";10;0;10
"label-accueil-qualite-bien-etre";10;0;10
"crise-covid-19";10;0;10
"gisement-de-vent-a-50m";10;0;10
"gisement-de-vent-a-100m";10;0;10
"appreciation-par-secteur";10;0;10
"projets-eolien-en-alsace";10;0;10
"limite-departement";10;0;10
"potentiel-eolien-100m";10;0;10
"servitude-utilite-publique-monument-historique";10;0;10
"espace-de-cooperation-interreg";10;0;10
"contrainte-paysagere";10;0;10
"clin-paluel-penly";10;0;10
"energie-energies-renouvelables";10;0;10
"demographie-projection-de-la-population";10;0;10
"2002";9;0;9
"accident-circulation";3;6;9
"administratives";9;0;9
"aed";9;0;9
"aeroports";8;1;9
"affiches";8;1;9
"agenda21";9;0;9
"agglomerations";7;2;9
"allergie";8;1;9
"annuaire-de-services";4;5;9
"apd";9;0;9
"artisans";5;4;9
"ascenseur";9;0;9
"asile Ã  la frontiÃ¨re";9;0;9
"attraction";9;0;9
"banque";7;2;9
"bilan-financier";9;0;9
"billettique";9;0;9
"boisson";8;1;9
"bouches-du-rhone";7;2;9
"bourse";8;1;9
"bruts";9;0;9
"budget-supplementaire";9;0;9
"canin";9;0;9
"caracteristiques-geographiques-meteorologiques";6;3;9
"catalogue-des-donnees";8;1;9
"chercheurs";9;0;9
"cirque";8;1;9
"commission-permanente";9;0;9
"commissions";9;0;9
"comparaison";1;8;9
"concessionnelle";9;0;9
"connexion";8;1;9
"container";9;0;9
"couples";4;5;9
"cultures";6;3;9
"datadouane";2;7;9
"delits";3;6;9
"depots";9;0;9
"discipline-sportive";8;1;9
"drci";9;0;9
"dÃ©coupage-administratif";8;1;9
"eau-usee";9;0;9
"encours";9;0;9
"enseignement-primaire";8;1;9
"environement";6;3;9
"eurostat";5;4;9
"exportation";4;5;9
"faits-constates";5;4;9
"flotte";9;0;9
"foret-mediterraneenne";9;0;9
"fournissant";9;0;9
"frup";9;0;9
"gsm";9;0;9
"hauteur";9;0;9
"immeubles";8;1;9
"industrie-de-l-edition";4;5;9
"industrie-du-cinema";4;5;9
"inscriptions";9;0;9
"intervention";9;0;9
"ishmt";9;0;9
"l-enseignement";9;0;9
"legislation";2;7;9
"liee";9;0;9
"livraisons";9;0;9
"mandats";9;0;9
"maternels";8;1;9
"medecins-liberaux";2;7;9
"methode";8;1;9
"multimedia";9;0;9
"municipalite";7;2;9
"mÃ©dicaments";3;6;9
"navigables";9;0;9
"navire";5;4;9
"norme";9;0;9
"offre-legale";8;1;9
"omr";7;2;9
"open-transition-energie";8;1;9
"operation";8;1;9
"pass";9;0;9
"passage";7;2;9
"pension";9;0;9
"performance-energetique";8;1;9
"periode";9;0;9
"personne-a-mobilite-reduite";6;3;9
"petanque";9;0;9
"pictogrammes";9;0;9
"piece";8;1;9
"piste cyclable";9;0;9
"places-lits";9;0;9
"pluriannuelles";9;0;9
"polices municipales";2;7;9
"prestataires";8;1;9
"principal";9;0;9
"problemes-sociaux";9;0;9
"production-audiovisuelle";4;5;9
"promoteur_industriel";9;0;9
"protection internationale";9;0;9
"protection subsidiaire";9;0;9
"protection-de-l-enfance";9;0;9
"provenant";9;0;9
"publiques";7;2;9
"puericulture";7;2;9
"randonnÃ©e";9;0;9
"rapport-public";7;2;9
"rattachement";9;0;9
"recette-budgetaire";8;1;9
"regime-general";8;1;9
"regional";8;1;9
"regulation";7;2;9
"remarquables";9;0;9
"reperes";8;1;9
"repertoire";9;0;9
"reserve-parlementaire-et-ministerielle";3;6;9
"reussite";8;1;9
"rnb";6;3;9
"rÃ¨glement de dublin";9;0;9
"rÃ©fugiÃ©";9;0;9
"rÃ©serve parlementaire";7;2;9
"sae";6;3;9
"sensible";9;0;9
"service public";8;1;9
"seuil";8;1;9
"severe";9;0;9
"sociÃ©tÃ©";9;0;9
"son";9;0;9
"sparql";2;7;9
"stock";8;1;9
"syndicats";5;4;9
"terre-agricole";8;1;9
"titre-de-transport";9;0;9
"tonnes";9;0;9
"tour 1";7;2;9
"trajet";7;2;9
"transportees";9;0;9
"unite";8;1;9
"uspto";9;0;9
"vie-pratique";8;1;9
"vignes";9;0;9
"visiter";9;0;9
"Ã  la une";1;8;9
"inao";4;5;9
"tutoriel";1;8;9
"Ã©quipements";3;6;9
"cnam";7;2;9
"zfu";8;1;9
"merimee";9;0;9
"bornes de recharge";9;0;9
"louveterie";9;0;9
"dÃ©penses recettes";9;0;9
"aides financiÃ¨res";9;0;9
"mobilite-transport-transport-routier-et-voirie";9;0;9
"Ã©lections europÃ©ennes";9;0;9
"itrf";9;0;9
"surf";8;1;9
"actrice";9;0;9
"course";9;0;9
"dÃ©libÃ©ration";9;0;9
"espace vert";9;0;9
"cpf";7;2;9
"air-climat";8;1;9
"site-industriel-production-mine-carriere-granulats";9;0;9
"cyclo";9;0;9
"nature-paysage-biodiversite-chasse";9;0;9
"pprmt";9;0;9
"reserve-naturelle";8;1;9
"bazens";9;0;9
"pont-du-casse";9;0;9
"charente-maritime";8;1;9
"tourisme-loisirs";8;1;9
"dax";9;0;9
"etablissement-recevant-du-public";8;1;9
"saint-martin-de-seignanx";9;0;9
"tarnos";9;0;9
"3-d";9;0;9
"cni";9;0;9
"parcs-d-activites-economie-urbanisme-operationnel-dfao-amenagement";9;0;9
"napoleonien";9;0;9
"patrimoine-tourisme-loisirs-patrimoine-architectural-et-culturel";9;0;9
"qualite-pollution-de-l-eau";9;0;9
"abc";9;0;9
"anah";9;0;9
"planification-urbaine";9;0;9
"protection-patrimoine";1;8;9
"abbeville";9;0;9
"bethencourt-sur-mer";9;0;9
"bray-les-mareuil";9;0;9
"canaples";9;0;9
"feuquieres-en-vimeu";9;0;9
"friaucourt";9;0;9
"vauchelles-les-quesnoy";9;0;9
"vraignes-les-hornoy";9;0;9
"etablissements-da-c-rogatoires";9;0;9
"controles";5;4;9
"kibana";1;8;9
"initiatives";9;0;9
"vosges-du-nord";9;0;9
"SÃ©curitÃ©";9;0;9
"services voyageurs";9;0;9
"sÃ©curitÃ© ferroviaire";9;0;9
"natura2000";8;1;9
"zones-de-gestion";9;0;9
"BibliothÃ¨que";9;0;9
"familial";9;0;9
"tonnages";9;0;9
"dedd";9;0;9
"milieu-naturel";9;0;9
"consulaire";9;0;9
"departementaux";9;0;9
"activites-sportives";7;2;9
"allergene";8;1;9
"atlas-regional";9;0;9
"auto-ecoles";2;7;9
"bureau-de-poste";9;0;9
"election-departementales";9;0;9
"grotte";9;0;9
"informatique-et-libertes";8;1;9
"inter-region-de-recherche-clinique";9;0;9
"nom-de-domaine";9;0;9
"objets-trouves";8;1;9
"promoteur-industriel";9;0;9
"protection-internationale";9;0;9
"reglement-de-dublin";9;0;9
"scenario-rcp";9;0;9
"communes-rurales";8;1;9
"geomatique";5;4;9
"lieux-culturels";8;1;9
"surface-agricole";7;2;9
"transports-infrastructure-ferroviaire";9;0;9
"dechets-verts";8;1;9
"plan-regional";9;0;9
"3g";8;1;9
"bowling";9;0;9
"equestre";9;0;9
"limites-territoriales";9;0;9
"hydrant";9;0;9
"igcs";9;0;9
"naizin";9;0;9
"type-de-sol";9;0;9
"denis";9;0;9
"dpaph";9;0;9
"verts";9;0;9
"roche-jagu";9;0;9
"diner";9;0;9
"prix-m2";1;8;9
"publications";9;0;9
"minier";9;0;9
"zone-grise";9;0;9
"contractualisation-politique-de-la-ville";9;0;9
"tpe";7;2;9
"mobilite-transport";7;2;9
"tisf";9;0;9
"aap";9;0;9
"aide-sociale-a-lhebergement";9;0;9
"trame";9;0;9
"transport-networks";9;0;9
"clic";9;0;9
"velostar";9;0;9
"organisme-de-formation";6;3;9
"etiage";9;0;9
"corine-land-cover";8;1;9
"organismes-de-recherche";9;0;9
"bebe";4;5;9
"fitness";8;1;9
"mer-littoral-peche-maritime";9;0;9
"dac";9;0;9
"calcul";5;4;9
"brgm";9;0;9
"inter-region-de-recherche-cliniq";9;0;9
"mobilite-transport-transport-rou";9;0;9
"nature-paysage-biodiversite-chas";9;0;9
"plateforme-publique-de-l-informa";9;0;9
"reserve-parlementaire-et-ministe";3;6;9
"site-industriel-production-mine-";9;0;9
"ddtm-66";9;0;9
"moules";9;0;9
"flux-mobiles";9;0;9
"stades";8;1;9
"indre-et-loire";7;2;9
"doctorant";9;0;9
"sante-mentale";9;0;9
"glisse";9;0;9
"stages";9;0;9
"index";7;2;9
"francais-de-letranger";8;1;9
"capteurs";9;0;9
"charte-ethique";9;0;9
"compte-de-resultat";9;0;9
"services-en-gare";9;0;9
"controle-de-la-qualite-de-l-air";9;0;9
"enseignement-artistique";9;0;9
"societariat";9;0;9
"haies";9;0;9
"n-zonages-eau";9;0;9
"pcaet";7;2;9
"recolement";9;0;9
"antiquite";9;0;9
"bacheliers";9;0;9
"altitudes";9;0;9
"lithologie";9;0;9
"absenteisme";9;0;9
"arrets-de-bus";9;0;9
"interurbain";9;0;9
"permis-de-demolir";6;3;9
"scdl-subventions";9;0;9
"alsh";9;0;9
"prenoms-enfants";5;4;9
"poilus";3;6;9
"boucle";9;0;9
"pm-10";9;0;9
"folklore";9;0;9
"aide-personnes-handicapes";9;0;9
"defibrilateurs";9;0;9
"le-mix-par-enedis";9;0;9
"radars";4;5;9
"95199";9;0;9
"camion";7;2;9
"communaute-dagglomeration";9;0;9
"proliferation-dalgues";9;0;9
"zones-dactivites";9;0;9
"acheteurs";9;0;9
"attribution-de-compensation";9;0;9
"nro";6;3;9
"ble-tendre";9;0;9
"satisfaction";9;0;9
"vallee";9;0;9
"mutations";7;2;9
"assistants";8;1;9
"maitrise-du-foncier";9;0;9
"accm";9;0;9
"lfi-2011";9;0;9
"farine";9;0;9
"part-thermosensible";9;0;9
"cinor";9;0;9
"donnees-prioritaires";9;0;9
"ap";9;0;9
"lyon";5;4;9
"genealogie";0;9;9
"point-d-039-arret";9;0;9
"gaspillage";9;0;9
"ddm";9;0;9
"scdl-equipements";9;0;9
"dechets-alimentaires";8;1;9
"epinal";3;6;9
"auto-entrepreneurs";8;1;9
"prix-appartements";1;8;9
"cranves-sales";9;0;9
"lucinges";9;0;9
"test-covid19";1;8;9
"animal";9;0;9
"construction-logements-sociaux";8;1;9
"encadrement-des-loyers";6;3;9
"auto-import";9;0;9
"open-source";2;7;9
"chelles";9;0;9
"social-sante-et-sports";9;0;9
"gouter";9;0;9
"perte-dautonomie";9;0;9
"personne-morale";7;2;9
"free-floating";8;1;9
"compare";9;0;9
"dash";9;0;9
"data-challenge";3;6;9
"l-as";9;0;9
"infofeatureaccessservice";9;0;9
"scannerisation";9;0;9
"vaccination-covid-19";9;0;9
"age-liquidation";9;0;9
"lys-saint-georges";6;3;9
"bailleurs-bailleur";9;0;9
"poussette";9;0;9
"tests-covid-19";9;0;9
"infrastructures-reseaux";9;0;9
"presidentielle-2022";2;7;9
"geotiff";9;0;9
"lpa";9;0;9
"reseau-des-eaux-usees";9;0;9
"imagerie-imagerie-aerienne-photos-anciennes";9;0;9
"activites-et-usages-urbanisation-et-artificialisation";9;0;9
"etat-du-milieu-littoral";9;0;9
"activite-de-plein-air";8;0;8
"administration-publique";5;3;8
"aides-publiques";6;2;8
"allocations";7;1;8
"amenagements";8;0;8
"amÃ©nagement";8;0;8
"assiette";6;2;8
"augustins";8;0;8
"bancs";8;0;8
"barrage";8;0;8
"barriere";8;0;8
"biologique";7;1;8
"biologiques";8;0;8
"blessures";8;0;8
"boucherie";8;0;8
"budget-2010";7;1;8
"cadastre-vert";8;0;8
"capacite-accueil";8;0;8
"capital";6;2;8
"changements";8;0;8
"charge";7;1;8
"charte-graphique";8;0;8
"chemin-de-fer";8;0;8
"circulation-douce";8;0;8
"civils";8;0;8
"cnav";8;0;8
"collective";7;1;8
"college-public";7;1;8
"commercants";7;1;8
"concentration";8;0;8
"conditions-de-vie";5;3;8
"conseil-constitutionnel";4;4;8
"conseil-de-paris";8;0;8
"conseil-de-quartier";8;0;8
"conseiller-municipal";6;2;8
"consommateur";6;2;8
"constitution";6;2;8
"convention-collective";2;6;8
"cote";8;0;8
"courant";8;0;8
"couvert";8;0;8
"creances";7;1;8
"credits";8;0;8
"cucs";8;0;8
"demographie-des-medecins";1;7;8
"departemental";7;1;8
"derives";8;0;8
"diplÃ´mes";4;4;8
"discipline";8;0;8
"dÃ©libÃ©rations";8;0;8
"dÃ©putÃ©s";8;0;8
"eau-residuaire-urbaine";8;0;8
"education-artistique-et-culturelle";8;0;8
"effectif-scolaire";8;0;8
"effet";8;0;8
"emplois-tremplin";8;0;8
"encadrement";7;1;8
"enseignant-chercheur";8;0;8
"entreprendre";8;0;8
"epn";7;1;8
"essences";7;1;8
"etablissement-d-enseignement";6;2;8
"etablissements-sanitaires";5;3;8
"etudiees";8;0;8
"evenements-culturels";7;1;8
"faisant";8;0;8
"federation";3;5;8
"fiscalitÃ©";8;0;8
"forÃªt";5;3;8
"fournisseurs";7;1;8
"fp7";7;1;8
"fret";8;0;8
"fromage";6;2;8
"fruits";6;2;8
"galerie";8;0;8
"generateur";7;1;8
"geoscientificinformation";8;0;8
"habitants";7;1;8
"hadopi";8;0;8
"hebergement-touristique";8;0;8
"hotspots";8;0;8
"indemnisation";7;1;8
"indemnitÃ©s";8;0;8
"infantile";8;0;8
"infirmier";7;1;8
"inpi";5;3;8
"insolite";8;0;8
"interieures";8;0;8
"internationale";7;1;8
"internet-acces";5;3;8
"iop";8;0;8
"journees-europeennes-du-patrimoine";8;0;8
"le met";8;0;8
"librairies";8;0;8
"locales";8;0;8
"marche-de-travaux";8;0;8
"materiel";8;0;8
"mensuelles";8;0;8
"miel";7;1;8
"milieu";8;0;8
"milliers";8;0;8
"mouillage";8;0;8
"mÃ©decins";5;3;8
"nationale";8;0;8
"nombre-de-medecin";1;7;8
"noms";7;1;8
"nourrissons";1;7;8
"offrant";8;0;8
"offres-culturelles";8;0;8
"opinion";8;0;8
"ordinateur";8;0;8
"paiements";8;0;8
"palmares";7;1;8
"parc-zoologique";8;0;8
"parcs-et-jardins";6;2;8
"parent";7;1;8
"particuliers";5;3;8
"partner";8;0;8
"personnalite";8;0;8
"phytosanitaire";6;2;8
"pluviometrie";7;1;8
"poles-de-competitivite";6;2;8
"ppa";8;0;8
"preliminaires";8;0;8
"prestees";8;0;8
"professeurs";8;0;8
"quantite";8;0;8
"questionnaire";7;1;8
"questions";8;0;8
"rail";5;3;8
"renouvelables";8;0;8
"renovation-urbaine";7;1;8
"reserves";8;0;8
"retour";8;0;8
"rge";4;4;8
"rÃ©gionales";7;1;8
"sanctions";7;1;8
"sida";8;0;8
"similaires";8;0;8
"special";8;0;8
"specifiques";8;0;8
"stage";8;0;8
"startups";5;3;8
"station de charge";8;0;8
"stsisi";7;1;8
"suede";7;1;8
"supports";8;0;8
"syndrome-grippal";1;7;8
"synthetiques";8;0;8
"sÃ©nat";6;2;8
"taux-de-recours";1;7;8
"taxis";7;1;8
"thermalisme";8;0;8
"titulaires";8;0;8
"trains";5;3;8
"trame-verte";7;1;8
"transformation";8;0;8
"transport-de-marchandises";8;0;8
"transport-maritime";8;0;8
"travaillant";8;0;8
"tÃ©lÃ©vision";8;0;8
"unitaire";8;0;8
"utilite-publique";7;1;8
"utilitiescommunication";7;1;8
"viande";7;1;8
"vidÃ©o";8;0;8
"vigne";7;1;8
"villes-et-villages-fleuris";8;0;8
"vivre-avec-un-handicap";8;0;8
"voie-nationale";8;0;8
"vsig";4;4;8
"vÃ©hicule Ã©lectrique";8;0;8
"wifi public";4;4;8
"zone-sensible";8;0;8
"zppaup";8;0;8
"Ã©conomie numÃ©rique";2;6;8
"Ã©galitÃ©";5;3;8
"Santx-et-Protection-des-Animaux";8;0;8
"datajournalisme";1;7;8
"datagouvfr";5;3;8
"garonne";8;0;8
"interactif";0;8;8
"hÃ´tels";7;1;8
"contrÃ´le";8;0;8
"loup";8;0;8
"revenus fiscaux localisÃ©s";7;1;8
"complexe-sportif";8;0;8
"essonne";5;3;8
"retards";6;2;8
"vitalis";8;0;8
"personnes handicapÃ©es";8;0;8
"borne-a-verre";8;0;8
"impasse";7;1;8
"trottoirs";7;1;8
"cotes-d-armor";7;1;8
"culture-sport-patrimoine";8;0;8
"electeurs";8;0;8
"golfe-de-gascogne";8;0;8
"accident-de-la-route";6;2;8
"poitiers";6;2;8
"cartes-communales";7;1;8
"gestion-du-littoral";8;0;8
"maine-et-loire";6;2;8
"regions-biogeographiques";8;0;8
"transport-deplacement";8;0;8
"json";5;3;8
" tranquillitÃ©";8;0;8
"GR 653";8;0;8
"IGN";8;0;8
"Iris";8;0;8
"atm";8;0;8
"dÃ©chet";8;0;8
"dÃ©coupage administratif";8;0;8
"dÃ©placement";8;0;8
"marathon";8;0;8
"marathonienne";8;0;8
"montpellier ";8;0;8
"pub";8;0;8
"rÃ©seau vert";8;0;8
"zone 30";8;0;8
"frayeres-eau-nature-et-biodiversite";8;0;8
"sites-proteges-environnement";8;0;8
"veloroutes";8;0;8
"marquenterre";8;0;8
"aiguillon";8;0;8
"granges-sur-lot";8;0;8
"layrac";8;0;8
"pinel-hauterive";8;0;8
"saint-hilaire-de-lusignan";8;0;8
"saint-laurent";8;0;8
"vianne";8;0;8
"aac";8;0;8
"controle-qualite";7;1;8
"odonymie";6;2;8
"banc";7;1;8
"objets-mobiliers";7;1;8
"pluviometrie-pluies-herault";8;0;8
"impact-de-l-agriculture-sur-l-environnement";8;0;8
"pm-3";8;0;8
"auto-ecole";3;5;8
"autorite-environnementale";8;0;8
"pig";6;2;8
"tablette";7;1;8
"n-2000";8;0;8
"transports-deplacements-trafic";8;0;8
"flixecourt";8;0;8
"mers-les-bains";8;0;8
"moyenneville";8;0;8
"thesaurus";6;2;8
"seisme";8;0;8
"scÃ©nario rcp";8;0;8
"assurance-chomage";7;1;8
"biosphere";8;0;8
"Ressources humaines";8;0;8
"Social";8;0;8
"croissance-verte";8;0;8
"esat";7;1;8
"cnous";7;1;8
"Statistiques";8;0;8
"caniparc";8;0;8
"motos";8;0;8
"participatif";8;0;8
"cap";7;1;8
"data-bzh";0;8;8
"onisep";7;1;8
"biodechets";7;1;8
"defunt";8;0;8
"demarche";7;1;8
"dvds";8;0;8
"elections-professionnelles";7;1;8
"emissions-co2";5;3;8
"gr-653";8;0;8
"lieux-de-vote";8;0;8
"matieres-premieres";6;2;8
"prealable";7;1;8
"prestation-de-compensation-du-handicap";8;0;8
"professionnels-de-sante";7;1;8
"recharge-vehicule-electrique-france";8;0;8
"taux-de-reussite";5;3;8
"tranquillite";8;0;8
"zone-pietonniere";8;0;8
"nouvelles-regions";3;5;8
"allery";8;0;8
"ecologique";7;1;8
"ecosystemes";8;0;8
"2g";8;0;8
"kerbernez";8;0;8
"naturels";8;0;8
"village";7;1;8
"dotations";8;0;8
"systeme-de-maillage-geographique";8;0;8
"laboratoires";6;2;8
"conseiller-departemental";8;0;8
"enseignements";8;0;8
"plans-topographiques";6;2;8
"bornage";7;1;8
"sciences-techniques";8;0;8
"densite-de-population";5;3;8
"product";8;0;8
"dictionnaire";5;3;8
"secteur-public";6;2;8
"moyenne-tension";8;0;8
"documents-d-urbanisme";8;0;8
"geoportail-de-l-urbanisme";8;0;8
"formations-de-sante";8;0;8
"moyens-financiers";8;0;8
"moyens-humains";8;0;8
"structures-de-recherche";8;0;8
"plan-cadastral";7;1;8
"coney";8;0;8
"pprif";8;0;8
"proliferation-d-algues";8;0;8
"acquis";8;0;8
"post-bac";6;2;8
"n-zonages-nature";8;0;8
"espace-aerien";3;5;8
"draaf-aquitaine";8;0;8
"grand-cahors";8;0;8
"amenagement-urbanisme-zonages-am";8;0;8
"effets-risques-technologiques-da";8;0;8
"frayeres-eau-nature-et-biodivers";8;0;8
"impact-de-l-agriculture-sur-l-en";8;0;8
"nature-paysage-biodiversite-zona";8;0;8
"parcs-d-activites-economie-urban";8;0;8
"pprt-de-mesnil-saint-nicaise-et-";8;0;8
"transports-infrastructure-routie";8;0;8
"ceca";8;0;8
"bussang";8;0;8
"topographique";6;2;8
"demande-de-raccordement";8;0;8
"politique-du-transport";8;0;8
"dons";8;0;8
"mobive";8;0;8
"pollutions";8;0;8
"bordeaux-metropole";7;1;8
"hippisme";8;0;8
"kite";8;0;8
"raquettes";8;0;8
"scooter";8;0;8
"batcub";8;0;8
"tourisme-culturel";6;2;8
"fss";8;0;8
"immobilisation";8;0;8
"vincennes";7;1;8
"ehb";8;0;8
"point-dinteret";8;0;8
"auto-partage";8;0;8
"taxe-fonciere";7;1;8
"bruit-aerien";8;0;8
"qualite-de-l-environnement";8;0;8
"beaux-arts";8;0;8
"jazz";8;0;8
"mediolittoral";8;0;8
"observations-in-situ-reseaux";8;0;8
"structure-dhebergement";8;0;8
"classification-des-dechets";8;0;8
"collecte-des-dechets-a-la-source";8;0;8
"mine";8;0;8
"reservoirs";8;0;8
"composteur";8;0;8
"le-signal";8;0;8
"sommet-de-dune";8;0;8
"soulac-sur-mer";8;0;8
"dossier-patient";7;1;8
"gestion-des-dechets";8;0;8
"universite-dangers";8;0;8
"ecoles-dingenieurs";8;0;8
"open-acess";6;2;8
"cotentin";8;0;8
"puissance-souscrite";8;0;8
"sciences-humaines-et-sociales";8;0;8
"cartopartie";8;0;8
"saint-martin";8;0;8
"idref";8;0;8
"orchestre-de-douai";8;0;8
"paris1";0;8;8
"emploi-cadre";8;0;8
"peche-a-pied-professionnelle";8;0;8
"capacite-daccueil";8;0;8
"filets";8;0;8
"profils-acheteurs";7;1;8
"des";8;0;8
"lotissement";8;0;8
"lakes-water-framework-directive";8;0;8
"parcs-nature-biodiversite";8;0;8
"ballade";8;0;8
"montmorency";8;0;8
"multimodal";4;4;8
"corsica";8;0;8
"dot";8;0;8
"agglobus";8;0;8
"percentile";8;0;8
"habitats-dinteret-communautaire";8;0;8
"programme-local-de-lhabitat";8;0;8
"servitude-dutilite-publique";8;0;8
"poubelles";8;0;8
"centre-de-vote";8;0;8
"vigicrues";7;1;8
"lanceur";8;0;8
"telecoms";7;1;8
"zone-verte";8;0;8
"carpediem";8;0;8
"luneville";8;0;8
"city-stade";8;0;8
"agroecologie";8;0;8
"fontaines";7;1;8
"maisons-assistants-maternels";8;0;8
"experimentation";8;0;8
"ble-dur";8;0;8
"cotation-regionale";8;0;8
"jaune-budgetaire-associations";8;0;8
"analytique";8;0;8
"sde";8;0;8
"conseil-de-metropole";8;0;8
"isle";8;0;8
"saint-brice-sous-foret";8;0;8
"saint-prix";8;0;8
"budget-secondaire";8;0;8
"equipements-collectifs";6;2;8
"datasante";8;0;8
"etat-du-milieu-hydrographie";8;0;8
"etablissement-employeur";7;1;8
"fort-de-france";7;1;8
"cirad";8;0;8
"renouvellement-urbain";5;3;8
"coupedumonde2018";8;0;8
"elections-municipales-2020";6;2;8
"elu-e-s";8;0;8
"base-adresse-local";8;0;8
"testpcr";1;7;8
"majic";5;3;8
"points-darret";8;0;8
"restes-a-recouvrer";8;0;8
"climatologymeteorologyatmosphere";8;0;8
"licence-ouverte-etalab";8;0;8
"culture-tourisme-patrimoine";8;0;8
"mesh";8;0;8
"animal-sauvage";8;0;8
"rehabilitation-logements-sociaux";7;1;8
"sainr-denis";8;0;8
"culture-et-patrimoine";8;0;8
"vac-si";6;2;8
"geomonlittoral";8;0;8
"pays-de-mormal";2;6;8
"rosny-sur-seine";8;0;8
"codes-naf";7;1;8
"haute-resolution";8;0;8
"arcgis-hub-page";8;0;8
"umami";8;0;8
"equipements-public";8;0;8
"loi-lom";8;0;8
"entreprise-titulaire";8;0;8
"convention-de-subvention";8;0;8
"mix";8;0;8
"emploi-scientifique";8;0;8
"emplois-de-r-d";8;0;8
"etablissements-a-caractere-industriel-et-commercial";8;0;8
"etablissements-publics-a-caractere-scientifique-et-technologique";8;0;8
"fondations-reconnues-dutilite-publique";8;0;8
"institutions-sans-but-lucratif";8;0;8
"isbl";8;0;8
"permanents";8;0;8
"personnel-de-soutien";8;0;8
"tableau-de-bord-avance";8;0;8
"tbes";8;0;8
"techniciens-de-la-recherche";8;0;8
"modificatif";8;0;8
"notifies";8;0;8
"coastal-wetlands-and-estuaries";8;0;8
"ecosystem-function-disturbance-regime";8;0;8
"ecosystem-manipulation";8;0;8
"lagoons";8;0;8
"rec-thau";8;0;8
"presidentielle2022";1;7;8
"cnig";8;0;8
"parc-naturel-regional-des-vosges-du-nord";8;0;8
"provence-alpes-agglomeration";8;0;8
"bornes-de-recharges-pour-vehicules-electriques";8;0;8
"flore-et-faune-sauvages";8;0;8
"geoportail-donnees-ouvertes-carte-patrimoine-neustadt-strasbourg-architecture-psmv";8;0;8
"36006";8;0;8
"2022-2023";8;0;8
"parc-naturel-regional-des-ballons-des-vosges";8;0;8
"arcom";6;2;8
"zone-a-dominante-humide";8;0;8
"biogeochemistry";8;0;8
"recueil-des-actes-administratifs";8;0;8
"bus-transport-public";8;0;8
"dfhi-isfates-formations-transfrontalieres-ingenierie-et-informatique";8;0;8
"demographie-densite-de-population";8;0;8
"unigr-formations-transfrontalieres-ingenierie-production-et-construction";8;0;8
"secteur-activite";8;0;8
"accroissement";7;0;7
"achat public";7;0;7
"actualite";4;3;7
"adeli";5;2;7
"administratifs";7;0;7
"aide-a-la-presse";1;6;7
"aires-de-covoiturage";6;1;7
"allocation-compensatrice-pour-tierce-personne";7;0;7
"anciennete";6;1;7
"applications";6;1;7
"arrivees";7;0;7
"asip-sante";7;0;7
"assocaition";7;0;7
"audience";7;0;7
"auto-evaluation";7;0;7
"autorisations";4;3;7
"bebes";6;1;7
"belgique";6;1;7
"benevolat";5;2;7
"bien-culturel";7;0;7
"bleue";7;0;7
"bp";7;0;7
"budget-2012";6;1;7
"bulletin-officiel";4;3;7
"bureau de vote";7;0;7
"candelabre";7;0;7
"cap-digital";4;3;7
"capacitation";7;0;7
"cartons";7;0;7
"catÃ©gorie";6;1;7
"cause-deces";5;2;7
"chimiques";7;0;7
"classique";7;0;7
"clubs";6;1;7
"coicop";7;0;7
"combustible";7;0;7
"conflits";7;0;7
"conjoncturels";7;0;7
"consulat";7;0;7
"contentieux";7;0;7
"cooperation-intercommunale";7;0;7
"creations";7;0;7
"criminalite";5;2;7
"crustaces";7;0;7
"dehors";7;0;7
"detenus";7;0;7
"diffusion";7;0;7
"discrimination";7;0;7
"divers";7;0;7
"donne";7;0;7
"donne-es";7;0;7
"droits";6;1;7
"durable";7;0;7
"dÃ©pense";6;1;7
"echanges";7;0;7
"ecomobilite";5;2;7
"economique";7;0;7
"ecotourisme";3;4;7
"employabilite";7;0;7
"enseignement - formation - recherche";7;0;7
"epandage";7;0;7
"equipement-de-loisir";6;1;7
"espacesverts";5;2;7
"etablissements-derogatoires";7;0;7
"europeenne";7;0;7
"excel";4;3;7
"expatriation";2;5;7
"exploitant";7;0;7
"export";4;3;7
"familiale";7;0;7
"festivals";7;0;7
"fonctionnaire";6;1;7
"fondation";6;1;7
"forge";7;0;7
"formation-continue";5;2;7
"fouilles";2;5;7
"frais";7;0;7
"frequente";6;1;7
"genie";7;0;7
"gini";3;4;7
"gymnases";6;1;7
"handicape";7;0;7
"hectares";7;0;7
"histoire-locale";6;1;7
"hommes";4;3;7
"hotellerie";5;2;7
"humide";7;0;7
"hÃ©bergement";6;1;7
"inactive";7;0;7
"industrie-hoteliere";7;0;7
"industrielle";7;0;7
"intercites";4;3;7
"interieur";4;3;7
"interscot";7;0;7
"jardinieres";6;1;7
"langue";7;0;7
"lcs";7;0;7
"lieu-dit";7;0;7
"lit";7;0;7
"medias";2;5;7
"mesure-educative";7;0;7
"methodologie";7;0;7
"modernes";7;0;7
"mooc";4;3;7
"mst";7;0;7
"nappe";7;0;7
"nivellement";7;0;7
"non-residents";7;0;7
"objet-mobilier";6;1;7
"oeufs";7;0;7
"officiels";7;0;7
"open-gov";6;1;7
"orchestre";7;0;7
"organisme-public";4;3;7
"parents";6;1;7
"pdu";7;0;7
"pepite";7;0;7
"performance";5;2;7
"permis de conduire";2;5;7
"personnel-hospitalier";5;2;7
"phd";6;1;7
"piscines";7;0;7
"planification-des-transports";7;0;7
"points-de-contact";1;6;7
"politique de la ville";6;1;7
"porc";6;1;7
"portugal";6;1;7
"position";7;0;7
"pouvoirs";7;0;7
"precipitation";7;0;7
"prelevements";7;0;7
"premier-ministre";5;2;7
"preservatif";7;0;7
"previsions";7;0;7
"primaires";7;0;7
"prison";5;2;7
"produits_de_sante";7;0;7
"profondeur";7;0;7
"proprietaire";4;3;7
"pru";7;0;7
"qualitÃ©";7;0;7
"rajustee";7;0;7
"recoltes";3;4;7
"recrutements";5;2;7
"regroupement";7;0;7
"relais-assistantes-maternelles";7;0;7
"reparation";7;0;7
"representation-cartographique";7;0;7
"residences";7;0;7
"ressource";6;1;7
"retraits";7;0;7
"riviÃ¨re";7;0;7
"rurale";6;1;7
"rÃ©fÃ©rentiel";7;0;7
"salles-de-cinema";4;3;7
"sante-et-protection-des-animaux";7;0;7
"scanner";3;4;7
"seance-pleniere";7;0;7
"series";6;1;7
"sites-inscrits";7;0;7
"smartcity";1;6;7
"snir";7;0;7
"sportives";6;1;7
"standardise";7;0;7
"sujets";7;0;7
"superficies";6;1;7
"tarn-et-garonne";6;1;7
"technico-economique";7;0;7
"temps";7;0;7
"ticket";7;0;7
"tourisme-nautique";1;6;7
"transport-terrestre";7;0;7
"transporteurs";7;0;7
"tva";5;2;7
"unite_urbaine";1;6;7
"unites";7;0;7
"usages-internet";7;0;7
"varietes";7;0;7
"veh-km";7;0;7
"velhop";4;3;7
"ventile";7;0;7
"ventiles";7;0;7
"vidÃ©osurveillance";1;6;7
"vie";7;0;7
"voie-publique";7;0;7
"wifi-paris";4;3;7
"xml";7;0;7
"Ã©lections prÃ©sidentielles";7;0;7
"Ã©nergie renouvelable";5;2;7
"Ã©tablissement";5;2;7
"Ã©vÃ©nement";5;2;7
"infographie";1;6;7
"rÃ©forme territoriale";2;5;7
"Etablissements-dA-c-rogatoires";7;0;7
"damir";3;4;7
"systÃ¨me";7;0;7
"artistique";7;0;7
"Ã©lÃ©mentaire";7;0;7
"milieu-chimique-colonne-d-eau";7;0;7
"caracteristiques-geographiques-oceanographiques";6;1;7
"point-de-suivi";7;0;7
"Ã©lection europÃ©enne";7;0;7
"Ã©lection prÃ©sidentielle";7;0;7
"Ã©lection cantonale";7;0;7
"2001";7;0;7
"fauchage";7;0;7
"pollution-sol";6;1;7
"protection-de-biotope";7;0;7
"region-auvergne";7;0;7
"route-a-grande-circulation";7;0;7
"transport-infrastructure";7;0;7
"autre";7;0;7
"code postal";6;1;7
"scolaritÃ©";7;0;7
"transports-deplacements-securite-routiere";6;1;7
"evaluation-environnementale";7;0;7
"site-industriel-production-site-de-production-d-energie";7;0;7
"01-sinp";7;0;7
"voies-vertes";7;0;7
"eoliennes";7;0;7
"isocote";7;0;7
"as-1";7;0;7
"mesnil-saint-nicaise";7;0;7
"montdidier";7;0;7
"pt-2";7;0;7
"clermont-soubiran";7;0;7
"fongrave";7;0;7
"lasserre";7;0;7
"le-passage";7;0;7
"longueville";7;0;7
"moirax";7;0;7
"montayral";7;0;7
"montpezat";7;0;7
"saint-jean-de-thurac";7;0;7
"mer-littoral-navigation-maritime";7;0;7
"reseau-energie-divers-electricite";7;0;7
"approbation";7;0;7
"cc";7;0;7
"sainte-marie-de-gosse";7;0;7
"tethieu";7;0;7
"controle-sanitaire";3;4;7
"eau-pluviale";7;0;7
"monuments-religieux";7;0;7
"sentier-de-randonnee";7;0;7
"transports-collectifs";7;0;7
"lots";6;1;7
"nuisance-sonore";7;0;7
"activites-economiques";7;0;7
"construction-neuve";6;1;7
"constructions";7;0;7
"investisseurs";3;4;7
"zone-urbaine";7;0;7
"donnee-generique-milieu-physique";7;0;7
"bergerac";7;0;7
"perigueux";6;1;7
"culture-de-champ";7;0;7
"ablaincourt-pressoir";7;0;7
"assevillers";7;0;7
"bacouel-sur-selle";7;0;7
"camon";7;0;7
"caours";7;0;7
"cayeux-sur-mer";7;0;7
"cottenchy";7;0;7
"drucat";7;0;7
"esmery-hallon";7;0;7
"flesselles";7;0;7
"lamotte-brebiere";7;0;7
"naours";7;0;7
"nibas";7;0;7
"noyelles-sur-mer";7;0;7
"saleux";7;0;7
"asf";7;0;7
"jeune-enfant";7;0;7
"couleurs-naturelles";7;0;7
"Train";7;0;7
"znieff2";7;0;7
"mer-du-nord";7;0;7
"de-restriction-ou-de-reglementation-et-unites-de-declaration";7;0;7
"ocean-indien";7;0;7
"logement-habitat";6;1;7
"2rm";5;2;7
"laureats";7;0;7
"teletravail";4;3;7
"20e-siecle";7;0;7
"a-la-une";1;6;7
"accueil-de-la-petite-enfance";7;0;7
"agence-du-numerique";6;1;7
"aire-de-stationnement";7;0;7
"assistants-maternels";7;0;7
"bassin-de-retention";7;0;7
"best-seller";7;0;7
"blesses";7;0;7
"centres-de-loisirs";6;1;7
"croix-rouge";6;1;7
"demi-heure";7;0;7
"developpement-ddurable";7;0;7
"dispositif-medical";5;2;7
"ecoute";7;0;7
"election-cantonale";7;0;7
"esperance-de-vie";5;2;7
"etablissements-recevant-du-public";7;0;7
"fete-de-la-musique";1;6;7
"giratoire";7;0;7
"identite";6;1;7
"le-perreux-sur-marne";6;1;7
"panorama-des-installations";7;0;7
"referundum";7;0;7
"reseau-internet";5;2;7
"sexualite";7;0;7
"societe-civile";7;0;7
"toulouse-metropole";3;4;7
"tues";7;0;7
"categorie-socioprofessionnelle";6;1;7
"cr";7;0;7
"enp";7;0;7
"loiret";4;3;7
"neuf";3;4;7
"niche-ecologique";7;0;7
"energie-consommation";4;3;7
"qualite-biologique";7;0;7
"organisation-administrative";7;0;7
"taux-de-chomage";6;1;7
"ai";6;1;7
"fosse";7;0;7
"vecteur";6;1;7
"application-cartographique";0;7;7
"jugements";6;1;7
"micro-creches";7;0;7
"ufr";7;0;7
"cd50";7;0;7
"montagne-de-reims";7;0;7
"ane";7;0;7
"gestionnaire";6;1;7
"stationnement-en-voirie";7;0;7
"vannes";4;3;7
"stagiaire";5;2;7
"spd";4;3;7
"formation-initiale";7;0;7
"particle-size";7;0;7
"surface-area";7;0;7
"licence-professionnelle";6;1;7
"boisement";7;0;7
"agrement";6;1;7
"pvt";1;6;7
"tepcv";7;0;7
"commerce-de-detail";6;1;7
"shs";7;0;7
"carroyage";5;2;7
"musculation";6;1;7
"riscle";7;0;7
"politiques-publiques";7;0;7
"moselotte";7;0;7
"vol";5;2;7
"gip-e-bourgogne-franche-comte";7;0;7
"amenagement-urbanisme-assiette-s";7;0;7
"de-restriction-ou-de-reglementat";7;0;7
"patrimoine-tourisme-loisirs-patr";7;0;7
"plan-de-prevention-des-risques-n";7;0;7
"plans-de-prevention-des-risques-";7;0;7
"ddtm-06";7;0;7
"digues";7;0;7
"aperam";7;0;7
"clermont";7;0;7
"logistinord";7;0;7
"mazingarbe";7;0;7
"sup-pm-1";7;0;7
"wateringues";7;0;7
"wingles";7;0;7
"agout";7;0;7
"revision";7;0;7
"accesibilite";7;0;7
"mel";5;2;7
"professeur";7;0;7
"vehicule-de-transport-en-commun";7;0;7
"acces-public";7;0;7
"bd-ortho";7;0;7
"elections-presidentielles-2017";2;5;7
"sictiam";7;0;7
"presidente";7;0;7
"toto";6;1;7
"cartographie-thematique";0;7;7
"accrobranche";7;0;7
"alpinisme";7;0;7
"aquarium";7;0;7
"colonies";7;0;7
"courbe-de-niveau";7;0;7
"parachutisme";7;0;7
"pelote";7;0;7
"poney";7;0;7
"quad";7;0;7
"rafting";7;0;7
"surfaces-agricoles";7;0;7
"taxes-locales";7;0;7
"thalassotherapie";7;0;7
"via-ferrata";7;0;7
"mers-celtiques";7;0;7
"surete";6;1;7
"conseils-de-quartier";7;0;7
"evolution-demographique";5;2;7
"draaf-pc";7;0;7
"zonages-risques-naturels";7;0;7
"source-d-emission";7;0;7
"prenom-de-bebe";3;4;7
"edl-2013";7;0;7
"zone-de-preemption";7;0;7
"bdtopo";1;6;7
"le-havre";3;4;7
"acoustique";7;0;7
"corps-sedimentaires";7;0;7
"facade";7;0;7
"haute-tension";7;0;7
"limite-dune-foret";7;0;7
"cep";6;1;7
"brve";7;0;7
"deportation";7;0;7
"ouibus";2;5;7
"conseil-metropolitain";7;0;7
"residences-secondaires";6;1;7
"reemploi";7;0;7
"direction-affaires-maritimes";5;2;7
"sorbonne";0;7;7
"dragues";7;0;7
"rosny-sous-bois";7;0;7
"demolir";7;0;7
"ginko";7;0;7
"signal";7;0;7
"zones-de-circulation";7;0;7
"aide-famille";7;0;7
"points-dapports-volontaires";7;0;7
"caca";7;0;7
"pm";7;0;7
"point-tri";7;0;7
"cpam";7;0;7
"training";6;1;7
"hydrogene";7;0;7
"rcs";6;1;7
"ligair";7;0;7
"carte-didentite";7;0;7
"visualiseur-pprn";7;0;7
"obstacles-a-lecoulement";6;1;7
"reseaux-dinitiative-publique";7;0;7
"service-dutilite-publique";7;0;7
"milieu-chimique-colonne-deau";7;0;7
"production-denergie";5;2;7
"memorial";7;0;7
"evenementiel";6;1;7
"bethune";5;2;7
"horizon";7;0;7
"ita";7;0;7
"ram";7;0;7
"pmz";4;3;7
"flh";7;0;7
"stthmr";7;0;7
"numerique-educatif";6;1;7
"dette-garantie";7;0;7
"rambouillet";7;0;7
"reserves-biologiques";6;1;7
"anglet";7;0;7
"places-de-stationnement";7;0;7
"troupeau";7;0;7
"gtld";7;0;7
"puntu";7;0;7
"tld";7;0;7
"acte-reglementaire";7;0;7
"procuration";6;1;7
"at";7;0;7
"seigle";7;0;7
"communes-france";5;2;7
"oxydes-azote";7;0;7
"autorisations-dengagement-et-credits-de-paiement";7;0;7
"plr-2010";7;0;7
"administrative";7;0;7
"ventoux";7;0;7
"env";7;0;7
"produits-agricoles-locaux";7;0;7
"ail-violet-de-cadours";7;0;7
"emissions-de-gaz-a-effet-de-serre";5;2;7
"effectif-prive";7;0;7
"reduction-des-dechets";7;0;7
"lycee-prive";7;0;7
"information-voyageurs";6;1;7
"etablissement-francais-du-sang";7;0;7
"tours-metropole-val-de-loire";7;0;7
"heritage";7;0;7
"budget-2020";7;0;7
"scdl-adresses";7;0;7
"domicile-travail";6;1;7
"surmortalite";0;7;7
"opr";7;0;7
"dpae";7;0;7
"embauches";7;0;7
"cccg";7;0;7
"geobretagne-region";7;0;7
"bassin-minier";7;0;7
"hotel-de-ville";7;0;7
"monetemaregion";7;0;7
"rev3";7;0;7
"borne-de-recharges";7;0;7
"loisirs-et-sport";7;0;7
"instances";7;0;7
"statistique-covid19";0;7;7
"admin-express-ade";7;0;7
"si-dep";6;1;7
"fiphfp";7;0;7
"parc-logement";7;0;7
"ressources-humaines-et-donnees-sociales";7;0;7
"estimation-en-ligne";0;7;7
"estimation-gratuite";0;7;7
"sport-culture-tourisme";7;0;7
"solidarites-et-sante";7;0;7
"mediatheque-departementale";7;0;7
"vaccinations";1;6;7
"datachallenge";2;5;7
"affichage-reglementaire";6;1;7
"variant";3;4;7
"padduc";7;0;7
"carburant-pas-cher";0;7;7
"pilier";7;0;7
"preprod";7;0;7
"niort-agglo";7;0;7
"ruches";7;0;7
"communaute-dagglomeration-sophia-antipolis";7;0;7
"charges-de-recherche";7;0;7
"directeurs-de-recherche";7;0;7
"dr";7;0;7
"institut-national-de-l-information-geographique-et-forestiere-ign";7;0;7
"velo-1";7;0;7
"vaccination-grippe";5;2;7
"type-de-contrat";7;0;7
"luminaires";7;0;7
"lambersart";7;0;7
"bastelica";7;0;7
"courbes-de-niveaux";6;1;7
"elections-legislatives-2022";3;4;7
"aide-sociale-aux-personnes-agees";7;0;7
"amenagement-urbanisme-et-economie";7;0;7
"effectifs-retraites";7;0;7
"19e-siecle";7;0;7
"mobilites-transports";7;0;7
"ile-de-loisirs";7;0;7
"14e";7;0;7
"fortifications";7;0;7
"prestations-de-soutien-a-lautonomie";7;0;7
"plant-community";7;0;7
"mairie-de-la-possession";7;0;7
"budget-des-collectivites-et-etablissements-publics-locaux";7;0;7
"beneficiaires-apa";7;0;7
"infoproductaccessservice";7;0;7
"label-culture-et-patrimoine";7;0;7
"aide-sociale-aux-personnes-handicapees";7;0;7
"niveaux-annuels";7;0;7
"schema-etalab";7;0;7
"cd58";7;0;7
"marche-du-travail-flux-frontaliers-vers-la-rhenanie-palatinat-et-la-sarre";7;0;7
"environnement-qualite-de-lair";7;0;7
"professionnels-de-sante-liberaux";7;0;7
"1830";6;0;6
"2007-2012";6;0;6
"30";6;0;6
"accedant";6;0;6
"acces-a-la-culture";2;4;6
"accidentelles";6;0;6
"accord";3;3;6
"accueil-du-public";5;1;6
"activites-de-soins";3;3;6
"actualitÃ©s";3;3;6
"adoption-simple";6;0;6
"alternative";5;1;6
"ambassadeur";3;3;6
"anglais";4;2;6
"apb";5;1;6
"appel";6;0;6
"arbres remarquables";4;2;6
"argent";5;1;6
"assainissement collectif";6;0;6
"assistance";5;1;6
"attribuables";6;0;6
"attributaire";5;1;6
"attributaires";5;1;6
"automobiles";5;1;6
"avoine";6;0;6
"azote";6;0;6
"bancaires";6;0;6
"bars";6;0;6
"bassin-de-vie";5;1;6
"benefices";6;0;6
"betail";6;0;6
"bibliobus";6;0;6
"bibliothÃ¨que";6;0;6
"bureaux-de-poste";1;5;6
"cancer";4;2;6
"cap digital";2;4;6
"caracteristiques";6;0;6
"centrale";6;0;6
"chambres hotes";6;0;6
"chirurgie";4;2;6
"chÃ´mage";5;1;6
"clinique-privee";6;0;6
"commerce-international";2;4;6
"commercial";5;1;6
"conduite-automobile";6;0;6
"connaissance";6;0;6
"cooperation-internationale";5;1;6
"coordination";6;0;6
"coquillage";6;0;6
"courantes";6;0;6
"crete";6;0;6
"dataset";5;1;6
"dbpedia";1;5;6
"decision-modificative";6;0;6
"decoration";5;1;6
"deliberation-democratique";6;0;6
"dentistes";4;2;6
"depenses-de-sante";5;1;6
"depenses-publiques";5;1;6
"design";2;4;6
"diabete";1;5;6
"disciplines";6;0;6
"dispersion";6;0;6
"division";5;1;6
"docments";6;0;6
"documents-administratifs";5;1;6
"dom-tom";4;2;6
"domaine-juridique";6;0;6
"donnÃ©es publiques";4;2;6
"durant";6;0;6
"e-corda";5;1;6
"edifice";5;1;6
"ehpa";6;0;6
"electriques";6;0;6
"enfance-et-familles";6;0;6
"enseignant";5;1;6
"enseignement-professionnel";3;3;6
"entree";6;0;6
"entrÃ©es";6;0;6
"equides";5;1;6
"estonie";6;0;6
"etablissements-publics";5;1;6
"etablissements_de_sante";6;0;6
"etp";6;0;6
"etudes-medicales";3;3;6
"etudiants-cpge";1;5;6
"europeen";6;0;6
"extra-ue";6;0;6
"extracommunautaires";6;0;6
"faj";6;0;6
"femme-homme";4;2;6
"fermeture";6;0;6
"fichiers";6;0;6
"filieres";6;0;6
"film-cinematographique";1;5;6
"finlande";6;0;6
"fleurissement";6;0;6
"fond";6;0;6
"fouilles archeologiques";1;5;6
"greffe";5;1;6
"handicapes";4;2;6
"handicaps";5;1;6
"hasardeuse";6;0;6
"hospitalisation-partielle";6;0;6
"humaines";6;0;6
"indication";6;0;6
"indice-atmo";5;1;6
"industrie-cinematographique";5;1;6
"infirmiers";5;1;6
"informatique et libertÃ©s";6;0;6
"infrastructure de recharge";6;0;6
"inscription";6;0;6
"insecurite";3;3;6
"installation-classee";4;2;6
"inter-region_de_recherche_clinique";6;0;6
"interet";6;0;6
"interventions";6;0;6
"ir";6;0;6
"isbn";6;0;6
"journalieres";6;0;6
"jrnys";6;0;6
"juridiction";5;1;6
"klaus";6;0;6
"l-education";6;0;6
"le perreux sur marne";5;1;6
"lies";6;0;6
"lieux-dits";4;2;6
"lÃ©gislatives";6;0;6
"maladie-chronique";2;4;6
"manege";6;0;6
"manuscrits";6;0;6
"marchandises";6;0;6
"meef";6;0;6
"memento";6;0;6
"mensuelle";6;0;6
"migrants";6;0;6
"minimum-vieillesse";5;1;6
"mobilite-reduite";6;0;6
"monnaies";6;0;6
"mouvements-sociaux";5;1;6
"non-employees";6;0;6
"norvege";5;1;6
"oeb";6;0;6
"office";6;0;6
"oiseaux";6;0;6
"ordinateurs";6;0;6
"organisme";5;1;6
"orientation-scolaire";4;2;6
"partie";6;0;6
"pente";6;0;6
"petrole";6;0;6
"plages";5;1;6
"plan-local-d-urbanisme";5;1;6
"plastique";5;1;6
"poster";6;0;6
"poteaux";5;1;6
"poudre";6;0;6
"prairies";6;0;6
"premiere";6;0;6
"prevision-de-crue";6;0;6
"prise-en-charge";4;2;6
"procedures";5;1;6
"produits-laitiers";6;0;6
"professionnels";5;1;6
"programme-audiovisuel";6;0;6
"protection-des-sites";5;1;6
"province";1;5;6
"ptu";6;0;6
"qualitÃ© de service";5;1;6
"rapports";6;0;6
"reforme";6;0;6
"reinstallation";6;0;6
"renouvelable";6;0;6
"renouvellement";6;0;6
"repartition-par-sexe";5;1;6
"repere";6;0;6
"revolues";6;0;6
"ruisseau";6;0;6
"sage-femme";3;3;6
"sanisettes";5;1;6
"sdf";5;1;6
"semences";5;1;6
"seulement";6;0;6
"sitc";6;0;6
"snack";5;1;6
"socio-economique";4;2;6
"sociÃ©tÃ© numÃ©rique";3;3;6
"sous-quartiers";6;0;6
"sport - tourisme - loisirs";5;1;6
"subventions-aux-communes";3;3;6
"suicide";1;5;6
"sÃ©curitÃ© routiÃ¨re";2;4;6
"trame-bleue";6;0;6
"tranches";6;0;6
"transport-partage";6;0;6
"travaillent";6;0;6
"travailleurs-sociaux";6;0;6
"tresorerie";5;1;6
"universitÃ©";2;4;6
"usb";6;0;6
"vache";6;0;6
"veaux";5;1;6
"victime";4;2;6
"vie privÃ©e";3;3;6
"vie urbaine";5;1;6
"vie-publique";4;2;6
"vieillir";6;0;6
"vignoble";4;2;6
"vin-blanc";1;5;6
"vin-rouge";1;5;6
"viticoles";6;0;6
"vivantes";6;0;6
"voix";6;0;6
"vrac";6;0;6
"vue";6;0;6
"youtube";5;1;6
"zone-montagne";6;0;6
"zone-vulnerable";6;0;6
"Ã©lections municipales 2014";6;0;6
"Ã©lectricitÃ©";5;1;6
"Ã©lectrique";3;3;6
"javascript";0;6;6
"umap";0;6;6
"Bovins";6;0;6
"produit-phytosanitaire";6;0;6
"aidants";5;1;6
"synop";5;1;6
"indigo";6;0;6
"donnÃ©es";4;2;6
"sdagv";6;0;6
"fraicheur";6;0;6
"crÃ¨ches";5;1;6
"dÃ©fibrillateurs";6;0;6
"houle";5;1;6
"tempÃ©rature";6;0;6
"vagues";6;0;6
"pique-nique";5;1;6
"voyance";5;1;6
"iphone";0;6;6
"plaintes";6;0;6
"dÃ©coupage Ã©lectoral";6;0;6
"groupement";5;1;6
"boites-aux-lettres";4;2;6
"document-d-urbanisme";6;0;6
"limitation-de-vitesse";6;0;6
"cinemas";5;1;6
"milieu-chimique-biotope";6;0;6
"rectorat";5;1;6
"actions-sur-l-eau-reponses-zonage-reglementaire-redevance-actions-volontaires";6;0;6
"zonages-techniques-et-reglementaires-zones-protegees-reglementees";6;0;6
"fonds-marins";6;0;6
"Ã©lection municipale";6;0;6
"ddt-49";6;0;6
"limites-administratives-et-decoupage-des-territoires-autres";6;0;6
"protection-du-littoral";6;0;6
"anses";5;1;6
"automate";5;1;6
"berge";6;0;6
"centre communautaire";6;0;6
"foyer rural";6;0;6
"jumelage";6;0;6
"lettre";6;0;6
"pierre";6;0;6
"piste cyclables";6;0;6
"rond-point";6;0;6
"salle communautaire";6;0;6
"salle polyvalente ";6;0;6
"sÃ©curitÃ© ";6;0;6
"gaz Ã  effet de serre";6;0;6
"revenus-fiscaux-localises";3;3;6
"expertise";2;4;6
"vacances-travail";1;5;6
"site-industriel-production-site-eolien";6;0;6
"agro-alimentaire";4;2;6
"bassin-rhone-mediterranee";6;0;6
"erp-autre";6;0;6
"rayonnement";5;1;6
"centres-de-receptions-radioelectriques";6;0;6
"plan-de-prevention-des-risques-technologiques";6;0;6
"site-classe";6;0;6
"arrondissement-de-montdidier";6;0;6
"nesle";6;0;6
"ppri-des-cantons-de-chaulnes-et-bray-sur-somme";6;0;6
"pprt-de-mesnil-saint-nicaise-et-de-nesle";6;0;6
"pt-3";6;0;6
"reseaux-de-telecommunication";6;0;6
"condezaygues";6;0;6
"monsempron-libos";6;0;6
"saint-leger";6;0;6
"sauveterre-saint-denis";6;0;6
"senestis";6;0;6
"taillebourg";6;0;6
"plans-de-prevention-des-risques-naturels";6;0;6
"agriculture-agro-alimentaire";5;1;6
"gousse";6;0;6
"hastingues";6;0;6
"larriviere-saint-savin";6;0;6
"saint-laurent-de-gosse";6;0;6
"saint-paul-les-dax";6;0;6
"saint-vincent-de-paul";6;0;6
"seyresse";6;0;6
"donnee-generique-decoupage-electoral";6;0;6
"cantal";5;1;6
"eglises";6;0;6
"eaux-pluviales";6;0;6
"ecluse";6;0;6
"patrimoine-naturel-habitats-et-biotopes";6;0;6
"accession-a-la-propriete";6;0;6
"poisson-migrateur";6;0;6
"zone-sensible-ecologie";6;0;6
"dsl";5;1;6
"azi";6;0;6
"faune-sauvage";6;0;6
"classees";5;1;6
"recueil";5;1;6
"cour-de-cassation";5;1;6
"biaches";6;0;6
"boismont";6;0;6
"breilly";6;0;6
"combles";6;0;6
"conde-folie";6;0;6
"crouy-saint-pierre";6;0;6
"dury";6;0;6
"ferrieres";6;0;6
"franleu";6;0;6
"gentelles";6;0;6
"guignemicourt";6;0;6
"hallencourt";6;0;6
"pont-remy";6;0;6
"ponthoile";6;0;6
"querrieu";6;0;6
"saint-riquier";6;0;6
"saveuse";6;0;6
"thezy-glimont";6;0;6
"vignacourt";6;0;6
"vron";6;0;6
"cyclistes";4;2;6
"bibus";5;1;6
"croix";6;0;6
"ripisylve";6;0;6
"rÃ©fÃ©rence";6;0;6
"aller";6;0;6
"clca";6;0;6
"cmg";6;0;6
"rso";6;0;6
"papi";6;0;6
"enseignement-technique";6;0;6
"circuits-courts";4;2;6
"sensibles";6;0;6
"verger";6;0;6
"znieff1";6;0;6
"french";5;1;6
"protection-des-espaces-naturels";6;0;6
"transports-routiers";6;0;6
"reutilisations";5;1;6
"vienne";5;1;6
"duo";6;0;6
"points-de-collecte";6;0;6
"equipement-economie";6;0;6
"agence-immobiliere";2;4;6
"appel-a-projets";5;1;6
"auberge-de-jeunesse";6;0;6
"belvederes";6;0;6
"billetique";6;0;6
"binomes";6;0;6
"centre-aquatique";6;0;6
"centre-communautaire";6;0;6
"codes-insee";4;2;6
"comptes-de-campagne";4;2;6
"cours-administratives";6;0;6
"couverture-internet";1;5;6
"economie-sociale";6;0;6
"effacement";6;0;6
"elues";4;2;6
"exploitations-agricoles";5;1;6
"file-dattente";6;0;6
"fouilles-archeologiques";1;5;6
"foyer-rural";6;0;6
"grand-poitiers";5;1;6
"histoire-des-arts";6;0;6
"informations-institutionnelles";6;0;6
"legalite";6;0;6
"lieu-de-residence";2;4;6
"localite";6;0;6
"maladies-sexuellement-transmissibles";6;0;6
"museum";6;0;6
"panneaux-solaires";4;2;6
"passages-pietons";6;0;6
"peage";5;1;6
"photos-aeriennes";4;2;6
"piste-cyclables";6;0;6
"radio-electrique";6;0;6
"salle-communautaire";6;0;6
"second-degre";6;0;6
"societe-numerique";3;3;6
"theatres";4;2;6
"tiers-lieu";5;1;6
"toponyme";5;1;6
"vie-privee";3;3;6
"vie-locale";4;2;6
"zap";6;0;6
"assainissements";6;0;6
"methanisation";6;0;6
"boulangerie";6;0;6
"free";4;2;6
"optique";6;0;6
"sfr";5;1;6
"irigo";6;0;6
"pollution-du-littoral";5;1;6
"commissariat";6;0;6
"territoriales";6;0;6
"stations-service";2;4;6
"gestion-publique";6;0;6
"chambres-regionales-des-comptes";6;0;6
"dates";3;3;6
"anr";6;0;6
"publications-scientifiques";4;2;6
"nature-biodiversite";6;0;6
"apercu-mensuel";6;0;6
"dessins";6;0;6
"ess";6;0;6
"grand-besancon";6;0;6
"service-public-de-la-donnee";4;2;6
"montreuil-en-touraine";5;1;6
"longue-distance";6;0;6
"analyse-statistique";4;2;6
"accessibilite-pmr";5;1;6
"dtd";6;0;6
"cotisants";6;0;6
"liquidation";6;0;6
"parc-departemental";6;0;6
"commerce-dalimentation";6;0;6
"fabrique-citoyenne";6;0;6
"linkedin";6;0;6
"regions-2016";6;0;6
"weather-forecast";6;0;6
"amenagement-du-territoire-et-cadastre";5;1;6
"controle-technique";3;3;6
"mlpc-international";6;0;6
"mont-de-marsan";5;1;6
"avap";6;0;6
"reglementaire";6;0;6
"biomethane";3;3;6
"atlas-des-brevets";6;0;6
"n-topographie";4;2;6
"propriete-intellectuelle";3;3;6
"acheteurs-publics";5;1;6
"plantation-darbres";5;1;6
"chrysomele-diabrotica-virgifera-mais-sante-vegetale-alsace";6;0;6
"actions-sur-l-eau-reponses-zonag";6;0;6
"centres-de-receptions-radioelect";6;0;6
"chrysomele-diabrotica-virgifera-";6;0;6
"contractualisation-politique-de-";6;0;6
"donnee-generique-decoupage-elect";6;0;6
"lieux-de-production-et-sites-ind";6;0;6
"milieu-biologique-habitats-remar";6;0;6
"plan-de-prevention-des-risques-t";6;0;6
"ppri-des-cantons-de-chaulnes-et-";6;0;6
"reseau-routier-national-non-conc";6;0;6
"zonages-techniques-et-reglementa";6;0;6
"syane";5;1;6
"act-appro";6;0;6
"domaine-public-maritime";6;0;6
"liane";6;0;6
"loison-sous-lens";6;0;6
"si-group";6;0;6
"styrolution-france-sas";6;0;6
"ternas";6;0;6
"vendin-le-vieil";6;0;6
"fontenoy-le-chateau";6;0;6
"vectoriel";1;5;6
"analytics";4;2;6
"solde-naturel";6;0;6
"generosite-publique";6;0;6
"presidentielle-2017";2;4;6
"circulations";6;0;6
"big-data";1;5;6
"travaux-publics";6;0;6
"airbnb";6;0;6
"amap";6;0;6
"haut-fourneau";6;0;6
"metallurgie";6;0;6
"pin-maritime";6;0;6
"cd-sismer";6;0;6
"collectes";6;0;6
"noeuds";6;0;6
"streaming";5;1;6
"ecriture";6;0;6
"suffrages";6;0;6
"disponibilites";5;1;6
"organisations-syndicales";6;0;6
"tarif-ter";6;0;6
"taxe-dhabitation";5;1;6
"polluant-de-l-eau";6;0;6
"simulateurs-service-public";6;0;6
"vgp";6;0;6
"2-roues";6;0;6
"cal";6;0;6
"carros";6;0;6
"isola";6;0;6
"cds-is-sismer";6;0;6
"gab";6;0;6
"tranche-dages";3;3;6
"rediffusion";6;0;6
"waldec";6;0;6
"effectifs-scolaires";6;0;6
"morphologie-cotiere";6;0;6
"albigeois";6;0;6
"coupes-rases";6;0;6
"sandre";5;1;6
"ctrl";6;0;6
"cathedrale";5;1;6
"territoires-regions";6;0;6
"cohorte";6;0;6
"data1ercycle";6;0;6
"mention-au-bac";6;0;6
"redon";5;1;6
"grands-etablissements";6;0;6
"accessible-au-public";5;1;6
"charente";5;1;6
"grenade-sur-ladour";6;0;6
"puch-dagenais";6;0;6
"puissance-moyenne-installee";6;0;6
"pylones";6;0;6
"sanitaires";6;0;6
"structural";6;0;6
"smic";5;1;6
"copropriete";3;3;6
"taxon";5;1;6
"presenteisme";6;0;6
"hautes-alpes";5;1;6
"personnes-mal-entendantes-ou-sourdes";6;0;6
"personnes-mal-et-non-voyantes";6;0;6
"ecole-dingenieur";6;0;6
"parc-de-production";6;0;6
"archive-ouverte";6;0;6
"courbe-moyenne";6;0;6
"declaration-prealable";6;0;6
"infrastructure-de-recherche";6;0;6
"guerres";6;0;6
"89c3";6;0;6
"dgcl";5;1;6
"etude-apec";6;0;6
"dom";6;0;6
"enseigne";6;0;6
"etablissement-daccueil";6;0;6
"onde";6;0;6
"tdf";6;0;6
"damenager";6;0;6
"glissement";6;0;6
"quimper-bretagne-occidentale";6;0;6
"delegation";6;0;6
"pvtiste";1;5;6
"quimper";4;2;6
"restriction-circulation";6;0;6
"rouge";4;2;6
"aide-personnes-agees";6;0;6
"aires-de-jeu";6;0;6
"ecole-dingenieurs";6;0;6
"gazon";6;0;6
"m4cc";6;0;6
"pipi";6;0;6
"plug";6;0;6
"spo";6;0;6
"stat";6;0;6
"adduction";6;0;6
"criee";6;0;6
"delta";4;2;6
"ffvl";2;4;6
"zero-dechet";5;1;6
"cpier";6;0;6
"limites-intercommunales";6;0;6
"lignes-de-bus";5;1;6
"argentree-du-plessis";0;6;6
"c6h6";6;0;6
"smart-charging";6;0;6
"pays-basque";6;0;6
"passeports";6;0;6
"belib";6;0;6
"consommation-despace";6;0;6
"gestion-de-la-quantite-deau";6;0;6
"projet-damenagement";6;0;6
"zone-damenagement-concerte";6;0;6
"perimetre-de-projet";6;0;6
"os-communale";6;0;6
"contexte-politique";6;0;6
"telepherique";5;1;6
"autorites-concedantes";6;0;6
"dirm-memn";6;0;6
"trois-milles";6;0;6
"maisons-departementales-de-la-solidarite";6;0;6
"residence-secondaire";6;0;6
"qtsd";6;0;6
"tsryh";6;0;6
"departement-du-lot";6;0;6
"graphe";5;1;6
"oeuvres-dart";6;0;6
"noumea";6;0;6
"alti";6;0;6
"ancetre";6;0;6
"decote";6;0;6
"surcote";6;0;6
"payants";6;0;6
"zone-orange";6;0;6
"baccarat";6;0;6
"programmes-denseignement";6;0;6
"rlpi";6;0;6
"valeurs-foncieres";3;3;6
"gestion-fonciere";6;0;6
"plaine-commune";6;0;6
"ric";6;0;6
"fps";6;0;6
"r2dde";6;0;6
"amortissement";6;0;6
"chapelle";6;0;6
"adminisatration";6;0;6
"autorisation-dengagement";6;0;6
"demandes-de-brevets";6;0;6
"enseignement-superieur-et-recherche";6;0;6
"transport-a-la-demande";6;0;6
"autostop";5;1;6
"occurence";6;0;6
"loger";3;3;6
"rapport-dactivite";6;0;6
"abonne";6;0;6
"banatic";6;0;6
"cartes-plans";6;0;6
"horaires-tarifs";5;1;6
"open-science";6;0;6
"analyse-de-leau";3;3;6
"qva";6;0;6
"non-salarie";6;0;6
"place-de-stationnement";6;0;6
"antenne-regionale";6;0;6
"conservation-du-patrimoine";6;0;6
"inventaire-culturel";6;0;6
"application-android-chargezen";0;6;6
"dev";6;0;6
"regal";6;0;6
"plans-de-lignes";6;0;6
"ca-de-saint-quentin";6;0;6
"tmvl";6;0;6
"syndicat-mixte";6;0;6
"maps";3;3;6
"pontault-combault";6;0;6
"mono";6;0;6
"tampon";6;0;6
"mn2020";6;0;6
"gnl";5;1;6
"saison";5;1;6
"conseillers-municipaux";6;0;6
"coronavid19";0;6;6
"data-science";0;6;6
"visualization";0;6;6
"masques";5;1;6
"aide-au-transport";6;0;6
"atp";6;0;6
"services-commerces";6;0;6
"observatoire-eco-embauches";6;0;6
"bthd";6;0;6
"aide-economique";6;0;6
"zrd";4;2;6
"ilots-de-fraicheur";6;0;6
"schema-regional-d-amenagement-de-developpement-durable-et-d-egalite-des-territoires";6;0;6
"cadastre-napoleonien";4;2;6
"infrastructure-sportive";6;0;6
"taux-dincidence";2;4;6
"bascons";6;0;6
"amelioration-des-logements";6;0;6
"du-datagouv";6;0;6
"vetraz-monthoux";6;0;6
"chomage-partiel";6;0;6
"algorithme";5;1;6
"amenagement-des-territoires";6;0;6
"sucy";6;0;6
"jouarre";6;0;6
"cours-d-039-eau";6;0;6
"toolbox";6;0;6
"parcs-et-jardins-publics";6;0;6
"vaccin-coronavirus";0;6;6
"dgaln";6;0;6
"sage-estuaire-de-la-loire";6;0;6
"poste-hta-bt";6;0;6
"poste-source";6;0;6
"challengdata";4;2;6
"carrieres-sous-poissy";6;0;6
"epone";6;0;6
"menu-de-cantine";6;0;6
"personnes-morales";1;5;6
"champs-electromagnetiques";6;0;6
"securite-qualite-de-service-ferroviaire";6;0;6
"produits-dangereux";3;3;6
"rappel";3;3;6
"surface-utile";6;0;6
"devizunews";0;6;6
"calcul-de-capacite";6;0;6
"irve-61-borne-recharge";4;2;6
"lunel";6;0;6
"escoublac";6;0;6
"clastres";6;0;6
"mesh3d";6;0;6
"ditp";5;1;6
"sophia-antipolis";6;0;6
"abeilles";6;0;6
"bibliotheque-du-patrimoine";6;0;6
"lecture-publique";6;0;6
"peg";6;0;6
"bouche-incendie";6;0;6
"subdivision-fiscale";6;0;6
"adjoints-techniques-de-la-recherche";6;0;6
"assistants-ingenieurs";6;0;6
"equivalent-temps-plein";6;0;6
"ie";6;0;6
"ingenieurs-de-recherche";6;0;6
"ingenieurs-detudes";6;0;6
"ingenieurs-et-personnels-techniques-de-la-recherche";6;0;6
"recylage";6;0;6
"estimation-appartement";0;6;6
"estimation-maison";0;6;6
"datavisualisations";4;2;6
"professionnel-de-sante";6;0;6
"ceyrando";6;0;6
"faille-de-limagne";6;0;6
"pollumine";6;0;6
"species-traits-migratory-behavior";6;0;6
"stars";6;0;6
"ithea-conseil";6;0;6
"disparites-et-inegalites-territoriales";6;0;6
"economie-recherche";6;0;6
"eic-2013";6;0;6
"213303936";6;0;6
"pollinator";6;0;6
"18e";6;0;6
"ccspa";6;0;6
"ddt-doubs";6;0;6
"opme";6;0;6
"reserve-utile";6;0;6
"patent-families";6;0;6
"donnees-associees-aux-etudes";6;0;6
"politique-de-proximite";6;0;6
"moncompteformation";5;1;6
"multitud";6;0;6
"indicateurs-sociaux-departementaux";6;0;6
"10e";6;0;6
"acces-aux-soins";6;0;6
"arlysere";1;5;6
"parc-equipement";6;0;6
"mab";6;0;6
"butte-pinson";6;0;6
"reseau-astuce";6;0;6
"pays-coupes";6;0;6
"regime-de-base";6;0;6
"industrial-property";6;0;6
"eir";6;0;6
"epo";6;0;6
"allocataires-beneficiant-dun-dispositif-particulier";6;0;6
"taux-plein";6;0;6
"marie-de-saint-denis-de-pile";6;0;6
"isd";6;0;6
"droit-direct";6;0;6
"pluralisme";6;0;6
"coulon";6;0;6
"ithea";6;0;6
"circulation-et-horaires";6;0;6
"personnel-medico-social";6;0;6
"air-sante";6;0;6
"unigr-formations-transfrontalieres-lettres-et-arts";6;0;6
"amenagement-du-territoire-documents-damenagement-du-territoire";6;0;6
"marche-du-travail-flux-frontaliers-entre-la-wallonie-et-la-france";6;0;6
"branchements";6;0;6
"risques-et-securite";6;0;6
"habitat-locaux";6;0;6
"saint-quentin-en-yvelines";6;0;6
"2Ã¨me tour";5;0;5
"absolue";5;0;5
"ac1";2;3;5
"accords-collectifs";2;3;5
"actions";5;0;5
"active";5;0;5
"adoption";3;2;5
"affichage libre";4;1;5
"agees";5;0;5
"agent";3;2;5
"agirc-arrco";5;0;5
"aide-a-domicile";4;1;5
"aides-a-la-presse-ecrite";1;4;5
"aire urbaine";1;4;5
"allocataires";4;1;5
"ammoniac";5;0;5
"animaux-domestiques";5;0;5
"anterieure";5;0;5
"apprentis";5;0;5
"archivage-du-web";5;0;5
"archives-regionales";4;1;5
"argiles";5;0;5
"assistant-familial";5;0;5
"autocars";5;0;5
"avancÃ©";5;0;5
"avantages";5;0;5
"balisage";5;0;5
"banques";4;1;5
"bilateraux";5;0;5
"bird";5;0;5
"bistrot";4;1;5
"blessure";4;1;5
"boissons";5;0;5
"bureaux_de_vote";3;2;5
"cafÃ©";5;0;5
"campagne";5;0;5
"canada";4;1;5
"cartes-postales";4;1;5
"causes";5;0;5
"centre-de-vaccinations";2;3;5
"cession";4;1;5
"chaine";5;0;5
"choix";5;0;5
"cis";5;0;5
"cite";3;2;5
"civile";5;0;5
"classes";4;1;5
"cloture";5;0;5
"coefficient";3;2;5
"cohesion-sociale";5;0;5
"composition";4;1;5
"comprenant";5;0;5
"compris";5;0;5
"comptable";4;1;5
"comptes-de-la-sante";5;0;5
"consommation-soins";5;0;5
"constitutionnel";4;1;5
"consultations";4;1;5
"contreparties";5;0;5
"contributions";4;1;5
"corps";5;0;5
"courte";5;0;5
"croissance";4;1;5
"cvae";5;0;5
"debats-publics";2;3;5
"decentralisation";2;3;5
"demenagement";4;1;5
"depense-sante";5;0;5
"deposants";5;0;5
"depot";5;0;5
"deversoir";5;0;5
"diesel";3;2;5
"dijon";4;1;5
"direct";4;1;5
"domaine-technologique";5;0;5
"domaines";5;0;5
"domestique";5;0;5
"donn-ees";5;0;5
"donnÃ©es personnelles";5;0;5
"duree";4;1;5
"dÃ©coupage adminsitratif";3;2;5
"echanges-commerciaux";2;3;5
"economiquement";5;0;5
"effectif-salarie";2;3;5
"electoraux";5;0;5
"elements";5;0;5
"endettement";3;2;5
"energie-electrique";4;1;5
"enfance et familles";5;0;5
"enseignement professionnel";3;2;5
"epic";5;0;5
"equipement-et-services-sociaux";5;0;5
"equipement-lit";3;2;5
"equite";5;0;5
"etablies";5;0;5
"etrangere";5;0;5
"etudiant-etranger";4;1;5
"euros";4;1;5
"evaluant";5;0;5
"exclus";5;0;5
"facture";5;0;5
"faune-et-flore";4;1;5
"fermages";5;0;5
"fiscaux";5;0;5
"forme";5;0;5
"formes";5;0;5
"fort";5;0;5
"forum";4;1;5
"fosses";5;0;5
"fruit";5;0;5
"fumeurs";4;1;5
"garanties";5;0;5
"garde-d-enfants";4;1;5
"gastro-enterite";1;4;5
"gazole";1;4;5
"gel";4;1;5
"generation";4;1;5
"gir";5;0;5
"guichets";2;3;5
"haut";5;0;5
"iconographie";3;2;5
"ida";5;0;5
"idees-suicidaires";1;4;5
"importation";1;4;5
"impot-local";2;3;5
"impot-sur-le-revenu";4;1;5
"incidents";5;0;5
"inclus";5;0;5
"indication-geographique";3;2;5
"individuel";5;0;5
"industriels";5;0;5
"inegalite-sociale";5;0;5
"influence";4;1;5
"infraction";4;1;5
"intercommunalitÃ©";3;2;5
"intermediaires";5;0;5
"investies";5;0;5
"inÃ©galitÃ©s";2;3;5
"iroise";4;1;5
"jardin-des-plantes";5;0;5
"jei";4;1;5
"kml";3;2;5
"laiteries";5;0;5
"lannion";3;2;5
"legumes";3;2;5
"lieu de rÃ©sidence";1;4;5
"ligne-de-transport";1;4;5
"limites communales";1;4;5
"limites-administrtives";1;4;5
"linguistique";4;1;5
"lobbying";4;1;5
"logement - santÃ© - social";5;0;5
"logement-collectif";5;0;5
"loi-montagne";5;0;5
"luminaire";5;0;5
"malte";5;0;5
"mapa";5;0;5
"marche-notifie";4;1;5
"marches-public";5;0;5
"maritimes";5;0;5
"marques";5;0;5
"massifs";4;1;5
"mco";5;0;5
"mecs";5;0;5
"mediterranee";5;0;5
"methodes";5;0;5
"meublÃ©s";5;0;5
"mobiles";2;3;5
"mobilitÃ©s";1;4;5
"modal";5;0;5
"mode-exercice";3;2;5
"modifier";5;0;5
"mois";4;1;5
"montant-des-aides";1;4;5
"montants";5;0;5
"montees-descentes";5;0;5
"moyenne";5;0;5
"murs";5;0;5
"mÃ©tiers";4;1;5
"natalite";4;1;5
"nationalites";1;4;5
"nationalitÃ©s";1;4;5
"necessaire";5;0;5
"notaire";3;2;5
"notice";3;2;5
"nouveaux-nes";4;1;5
"nouvelle";5;0;5
"nouvelles";5;0;5
"nuances";3;2;5
"nuire";5;0;5
"obstacles";4;1;5
"obtention";5;0;5
"obtenues";5;0;5
"occupation du sol";3;2;5
"occupes";5;0;5
"oenologie";5;0;5
"ogm";2;3;5
"oin";5;0;5
"openhealth";4;1;5
"operations";5;0;5
"organisation-internationale";5;0;5
"panneau-d-affichage";4;1;5
"papiers";4;1;5
"parcmetre";5;0;5
"parlementaire";3;2;5
"partenaire";4;1;5
"partenaires";5;0;5
"particulieres";5;0;5
"partis";4;1;5
"passees";5;0;5
"passifs";5;0;5
"patrimoine-industriel";4;1;5
"patrimoine-religieux";4;1;5
"patrimoine-tourisme";4;1;5
"pays-bas";5;0;5
"pelouses";5;0;5
"peuvent";5;0;5
"pisciculture";5;0;5
"planification-familiale";5;0;5
"plante";4;1;5
"point-geographique";3;2;5
"poles";4;1;5
"police municipale";4;1;5
"potelets";5;0;5
"premieres";5;0;5
"premiers";5;0;5
"primes";5;0;5
"principales";1;4;5
"priorite";5;0;5
"prise";5;0;5
"processus";5;0;5
"proprietes";5;0;5
"protection-maternelle-et-infantile";5;0;5
"quitte";5;0;5
"radon";3;2;5
"recue";5;0;5
"regime";4;1;5
"rencontres";4;1;5
"representant";5;0;5
"resume";5;0;5
"revenu-minimum";5;0;5
"rigole";5;0;5
"risque-majeur";4;1;5
"romans";4;1;5
"routiers";5;0;5
"rÃ©sidence";5;0;5
"rÃ©sidences principales";1;4;5
"salarial";5;0;5
"secondaire";5;0;5
"secteur-d-activite";1;4;5
"selectionnes";5;0;5
"semi-remorques";5;0;5
"sensibilisation";2;3;5
"serre";3;2;5
"seve";5;0;5
"sites-classes";5;0;5
"skate";5;0;5
"solidarite-publique";5;0;5
"sourcage";5;0;5
"sperme";5;0;5
"statue";5;0;5
"succursales";5;0;5
"suivantes";5;0;5
"suivi";2;3;5
"surcharge";5;0;5
"synoptiques";4;1;5
"sÃ©nateurs";5;0;5
"tan";5;0;5
"tcsp";5;0;5
"temps-partiel";5;0;5
"territoires et transport";5;0;5
"these";5;0;5
"tourcoing";5;0;5
"tourisme-rural";5;0;5
"touristique";5;0;5
"tournages";4;1;5
"traffic";4;1;5
"traitements";4;1;5
"tramways";5;0;5
"transfert";4;1;5
"transport collectif";5;0;5
"unitÃ© urbaine";1;4;5
"utilisee";5;0;5
"utilisees";5;0;5
"valeur";4;1;5
"vegetale";5;0;5
"veille";3;2;5
"viandes";5;0;5
"vieillesse";5;0;5
"voirie-departementale";5;0;5
"voiture Ã©lectrique";5;0;5
"volaille";3;2;5
"volume";5;0;5
"web-semantique";4;1;5
"Ã¢ge";5;0;5
"Ã©vÃ¨nement";3;2;5
"Ã©vÃ¨nement culturel";2;3;5
"Ã©vÃ©nements";3;2;5
"geocodeur";2;3;5
"voile";1;4;5
"daaf";4;1;5
"piscicole";5;0;5
"cnsa";5;0;5
"datadmin";0;5;5
"psychiatrie";5;0;5
"infrastuctures";5;0;5
"pyramide";3;2;5
"filtrage";0;5;5
"apis";2;3;5
"dÃ©chÃ¨terie";5;0;5
"lÃ©galitÃ©";5;0;5
"open data";3;2;5
"vehicules electriques";5;0;5
"cerisiers";5;0;5
"franÃ§ais";3;2;5
"co-working";5;0;5
"sapins";4;1;5
"serrurerie";3;2;5
"dÃ©coration";5;0;5
"rpls";4;1;5
"geodesique";5;0;5
"cheminements";5;0;5
"accueil de la petite enfance";5;0;5
"incubateur";5;0;5
"vice-rectorat";4;1;5
"d-5-eutrophisation";5;0;5
"observation-par-point";5;0;5
"services-et-equipements-publics-education-enseignement-social-et-citoyennete";4;1;5
"2004";5;0;5
"activite-economique-entreprises-et-commerces";5;0;5
"culture-societe-service";4;1;5
"desherbage";5;0;5
"ocean-atlantique-nord";5;0;5
"patrimoine-architectural-urbain-et-culturel";5;0;5
"ponts";5;0;5
"socio-economie";5;0;5
"surveillance-du-trafic";4;1;5
"utilisation-des-pesticides";5;0;5
"seo";2;3;5
"CSP";5;0;5
"ERP";5;0;5
"bassin de retention";5;0;5
"boite aux lettres";4;1;5
"garrigue";5;0;5
"moulin";5;0;5
"analyse de cycle de vie";5;0;5
"urgences-hospitalieres";2;3;5
"rehabilitation";5;0;5
"mode-de-transport";5;0;5
"Ã©lÃ¨ve";5;0;5
"rlp";5;0;5
"draaf-rhone-alpes";5;0;5
"protection-des-cultures";5;0;5
"parc-eolien";5;0;5
"amiens";4;1;5
"mer-littoral-limite-administrative-speciale";5;0;5
"pm-1";5;0;5
"bourgougnague";5;0;5
"brax";5;0;5
"bruch";5;0;5
"calonges";5;0;5
"castelmoron-sur-lot";5;0;5
"caumont-sur-garonne";5;0;5
"fauillet";5;0;5
"fourques-sur-garonne";5;0;5
"gavaudun";5;0;5
"marcellus";5;0;5
"mer-littoral-ecologie-du-littoral";5;0;5
"montpouillan";5;0;5
"saint-etienne-de-fougeres";5;0;5
"saint-georges";5;0;5
"saint-romain-le-noble";5;0;5
"sainte-bazeille";5;0;5
"serignac-sur-garonne";5;0;5
"habitat-politique-de-la-ville-parc-locatif-social";5;0;5
"air-climat-qualite-pollution";2;3;5
"pm-2";5;0;5
"ressources-minerales";5;0;5
"tar";5;0;5
"voie-ferree";5;0;5
"angoume";5;0;5
"architectural";4;1;5
"mees";5;0;5
"oeyreluy";5;0;5
"onard";5;0;5
"saint-jean-de-lier";5;0;5
"servitude-d-utilite-publique";5;0;5
"tartas";5;0;5
"tercis-les-bains";5;0;5
"yzosse";5;0;5
"deploiement-fibre-optique";1;4;5
"languedoc-roussillon";2;3;5
"colonnes";5;0;5
"creteil";1;4;5
"chauffage-urbain";4;1;5
"tunnels";5;0;5
"valorisation-energetique";5;0;5
"chu";4;1;5
"filiation";5;0;5
"sols-bd-sol-potentiel-cultural-agropedologie-amenagement-viticulture-grandes-cultures-maraichage-agricole-commune-outil-";5;0;5
"eutrophisation";5;0;5
"mer-littoral";4;1;5
"zonages-paysages";5;0;5
"besoins-en-logement";5;0;5
"energie-eolienne";4;1;5
"financement-immobilier";4;1;5
"logement-locatif-social";5;0;5
"risques-et-securite-risques-technologiques";5;0;5
"canaux";5;0;5
"commerce-des-plantes";4;1;5
"becordel-becourt";5;0;5
"berteaucourt-les-dames";5;0;5
"bouvaincourt-sur-bresle";5;0;5
"bussu";5;0;5
"candas";5;0;5
"doingt";5;0;5
"domart-en-ponthieu";5;0;5
"essertaux";5;0;5
"favieres";5;0;5
"fort-mahon-plage";5;0;5
"fressenneville";5;0;5
"glisy";5;0;5
"hombleux";5;0;5
"huchenneville";5;0;5
"le-crotoy";5;0;5
"longpre-les-corps-saints";5;0;5
"mareuil-caubert";5;0;5
"molliens-au-bois";5;0;5
"nampty";5;0;5
"picquigny";5;0;5
"plachy-buyon";5;0;5
"pprm-de-montdidier";5;0;5
"quend";5;0;5
"rivery";5;0;5
"saint-fuscien";5;0;5
"saint-leger-les-domart";5;0;5
"senarpont";5;0;5
"talmas";5;0;5
"valines";5;0;5
"vaudricourt";5;0;5
"Ã©ducation nationale";4;1;5
"vidange";5;0;5
"anomalie de tempÃ©rature";5;0;5
"af";5;0;5
"bilan electrique";5;0;5
"cf";5;0;5
"dossier";5;0;5
"panorama des installations";5;0;5
"station-epuration";5;0;5
"demande-d-emploi";5;0;5
"sociÃ©tÃ©s";4;1;5
"ift";4;1;5
"caritatif";5;0;5
"1er tour";5;0;5
"MÃ©tro";5;0;5
"RÃ©seau";5;0;5
"Accidents";5;0;5
"Equipement";5;0;5
"horaires et itinÃ©raires";5;0;5
"english";4;1;5
"rdvpasseport.fr";5;0;5
"rÃ©gionales2015";1;4;5
"quiberon";4;1;5
"activites-humaines-activites-scientifiques";5;0;5
"halophyte";5;0;5
"laminariale";5;0;5
"utilisation-autre";5;0;5
"food-truck";5;0;5
"visiteurs";4;1;5
"cigale";5;0;5
"pinel";3;2;5
"nec mergitur";5;0;5
"profetic";5;0;5
"canisac";5;0;5
"partielle";5;0;5
"photocopie";5;0;5
"history";5;0;5
"assainissement non collectif";5;0;5
"droit-des-sols";5;0;5
"analyse-de-cycle-de-vie";5;0;5
"anciens-combattants";5;0;5
"anomalie-de-temperature";5;0;5
"avance";5;0;5
"cables";5;0;5
"collectes-selectives";3;2;5
"coupures";5;0;5
"deliberation-executoire";5;0;5
"departements-francais";2;3;5
"dotation-globale-de-fonctionnement";4;1;5
"elections-municipales-2014";5;0;5
"elections-partielles";5;0;5
"espaces-chiens";5;0;5
"evenement-culturel";1;4;5
"feux-tricolores";5;0;5
"fonds-europeens";5;0;5
"fourriere-animale";5;0;5
"higher-education";4;1;5
"livret-de-famille";5;0;5
"maison-pour-tous";5;0;5
"modeles";5;0;5
"nebef";5;0;5
"parc-automobile";5;0;5
"point-adresse";5;0;5
"prediction";1;4;5
"proces-verbal";4;1;5
"rdvpasseportfr";5;0;5
"referencement";2;3;5
"regionales2015";1;4;5
"republique-numerique";4;1;5
"reseaux-mobiles";2;3;5
"secteurs-scolaires";5;0;5
"sens-de-circulation";5;0;5
"tour-de-france";5;0;5
"tout-venant";5;0;5
"tribunaux-de-commerce";4;1;5
"trophees";5;0;5
"veterinaires";3;2;5
"deplacements-domicile-travail";3;2;5
"eligibilite";1;4;5
"captages";5;0;5
"cartographie-complete";5;0;5
"espaces-naturels-proteges";4;1;5
"urbanisme-et-foncier";5;0;5
"zones-vulnerables";5;0;5
"zones-de-gestion-de-restriction-ou-de-reglementationet-unites-de-declaration";5;0;5
"centre-de-tri";5;0;5
"etat-ecologique";5;0;5
"q-90";5;0;5
"aix-en-provence";3;2;5
"offre-de-transport";5;0;5
"commerces-services";5;0;5
"equitation";4;1;5
"drainage";5;0;5
"epaisseur";5;0;5
"materiau-parental";5;0;5
"propriete-pedologique";5;0;5
"sols-de-bretagne";5;0;5
"ucs";5;0;5
"activites-humaines-cultures-marines";5;0;5
"assmat";5;0;5
"dej";5;0;5
"apprenti";5;0;5
"numerotation";5;0;5
"remarquable";4;1;5
"anc";5;0;5
"gaspar";5;0;5
"navigation-aerienne";5;0;5
"risque-sismique";5;0;5
"abribus";4;1;5
"albert-kahn";5;0;5
"alignements";5;0;5
"archives-de-la-planete";5;0;5
"autochromes";5;0;5
"ecoles-doctorales";5;0;5
"localisations";5;0;5
"marches-attribues";5;0;5
"origines";5;0;5
"tcr";5;0;5
"parc-naturel-regional-de-la-montagne-de-reims";5;0;5
"fishing";4;1;5
"insfrastructure-routiere";5;0;5
"parking-relais";5;0;5
"vegetalisation";4;1;5
"carte-grise";2;3;5
"delais-de-paiement";4;1;5
"comparateur";1;4;5
"pictogramme";5;0;5
"couverture-numerique";1;4;5
"chatbot";1;4;5
"tabacs";2;3;5
"ogp";3;2;5
"made-in-france";1;4;5
"politique-du-logement";5;0;5
"pl";5;0;5
"reversion";5;0;5
"doses";4;1;5
"gestion-patrimoniale";5;0;5
"pcri";5;0;5
"orthophotographie-aerienne";4;1;5
"arretes-municipaux";5;0;5
"risques-idustriels";5;0;5
"lgv";5;0;5
"ulves";5;0;5
"activites-peri-educatives";4;1;5
"demographie-scolaire";5;0;5
"dnb";5;0;5
"adlp";5;0;5
"catalogues";5;0;5
"n-zonages-paysage";5;0;5
"hydromorphologie";5;0;5
"branchement";5;0;5
"text-mining";1;4;5
"activites-humaines-activites-sci";5;0;5
"activites-humaines-cultures-mari";5;0;5
"amenagement-du-territoire-et-cad";5;0;5
"amenagement-urbanisme-zonages-pl";5;0;5
"caracteristiques-geographiques-m";3;2;5
"guyane-habitat-politique-de-la-v";5;0;5
"impot-de-solidarite-sur-la-fortu";1;4;5
"installations-de-suivi-environne";5;0;5
"mer-littoral-ecologie-du-littora";5;0;5
"parc-naturel-regional-de-la-mont";5;0;5
"reseau-bornes-de-recharge-rapide";5;0;5
"risques-et-securite-risques-tech";5;0;5
"contrat-territorial";5;0;5
"metropoles";3;2;5
"baie-de-bourgneuf";5;0;5
"agneaux";5;0;5
"iod";5;0;5
"occupations";5;0;5
"servitude-pm-1";5;0;5
"meurthe";5;0;5
"tarn-amont";5;0;5
"tuiles";3;2;5
"hors-inspire";5;0;5
"domanialite";5;0;5
"parc-dactivites";5;0;5
"access";5;0;5
"points-de-charge";4;1;5
"alim-confiance";1;4;5
"perruches";5;0;5
"2g-3g-4g";1;4;5
"modes-doux";5;0;5
"ets";4;1;5
"pas";5;0;5
"reseau-electronique-dinformation";5;0;5
"cartogramme";2;3;5
"orthoimagerie";4;1;5
"cours-de-lor";3;2;5
"cara";5;0;5
"patrimoine-departemental";5;0;5
"socio-demographie";5;0;5
"cavites";5;0;5
"nutri-score";0;5;5
"nevers";3;2;5
"banlieue";4;1;5
"plantation";5;0;5
"maison-de-la-citoyennete";5;0;5
"sro";5;0;5
"tarif-intercites";5;0;5
"verbalisation";5;0;5
"bilan-comptable";5;0;5
"dab";5;0;5
"associations-sportives";5;0;5
"aerosols";5;0;5
"particules-pm-10";5;0;5
"particules-pm-2-5";5;0;5
"simulateurs";5;0;5
"falicon";5;0;5
"top-10";4;1;5
"nappes";3;2;5
"elections-vote";3;2;5
"banques-populaires";5;0;5
"reprise";4;1;5
"dpo";1;4;5
"autres-activites";5;0;5
"spr";5;0;5
"gonflement-d-argile";5;0;5
"retrait-d-argile";5;0;5
"cartes-statiques-aveyron";5;0;5
"communautes";5;0;5
"bourg";5;0;5
"downloadable-data";5;0;5
"mesure-de-restauration";5;0;5
"pollution-diffuse";4;1;5
"revitalisation-rurale";5;0;5
"rstats";0;5;5
"titanobel";5;0;5
"atmospherique";5;0;5
"decheteries";5;0;5
"violences-sexuelles";4;1;5
"gireve";5;0;5
"isohypses";5;0;5
"point-de-charge";5;0;5
"zpens";5;0;5
"hivernale";5;0;5
"cartes-postales-anciennes";4;1;5
"aire-sur-ladour";5;0;5
"credit-dimpot";5;0;5
"grilles";5;0;5
"bassin-dorage";5;0;5
"crypto";3;2;5
"prehistoire";5;0;5
"msap";3;2;5
"sanitaires-publics";4;1;5
"seine-et-marne";2;3;5
"territoire-de-belfort";4;1;5
"deep-learning";3;2;5
"master-lmd";5;0;5
"debit-de-boisson";5;0;5
"saint-gatien-des-bois";5;0;5
"la-gaude";5;0;5
"adresse-numero-rue-code-postal-ville";5;0;5
"systeme-de-coordonnees";5;0;5
"puissance-dinjection";5;0;5
"sang";4;1;5
"gpx";5;0;5
"centre-val-de-loire";1;4;5
"provence-alpes-cote-dazur";3;2;5
"wiiiz";4;1;5
"feuille-de-route";5;0;5
"information-scientifique-et-technique";5;0;5
"infrastructures-de-recherche";5;0;5
"ist";5;0;5
"tgir";5;0;5
"dam";5;0;5
"sauvetage";4;1;5
"nouveau-ne";5;0;5
"transports-publics";4;1;5
"parc-raccorde";5;0;5
"ler";4;1;5
"appel-doffre";3;2;5
"comportement-social";5;0;5
"organisation-du-territoire";5;0;5
"structure-daccueil";5;0;5
"demo";5;0;5
"gerontologie";5;0;5
"autoconsommation";4;1;5
"pvtistes";1;4;5
"vvt";1;4;5
"whv";1;4;5
"working-holiday";1;4;5
"saint-etienne";3;2;5
"moyen-age";5;0;5
"philanthropie";5;0;5
"no-2";5;0;5
"batiments-communaux";5;0;5
"occupation-des-soles";5;0;5
"openloiret";5;0;5
"developpement-economie";5;0;5
"plf-2019";4;1;5
"laval";3;2;5
"amiante";5;0;5
"plomb";5;0;5
"directive-91-271-eec";5;0;5
"wfd-surface-water-body-lake";5;0;5
"centre-de-loisirs";5;0;5
"culture-urbaine";5;0;5
"mairie-de-quartiers";5;0;5
"street-art";5;0;5
"pes-marche";5;0;5
"95014";5;0;5
"95028";5;0;5
"95197";5;0;5
"95229";5;0;5
"95288";5;0;5
"95369";5;0;5
"95409";5;0;5
"95428";5;0;5
"95489";5;0;5
"95539";5;0;5
"95555";5;0;5
"95574";5;0;5
"95598";5;0;5
"andilly";5;0;5
"margency";5;0;5
"montlignon";5;0;5
"piscop";5;0;5
"pass-pass";5;0;5
"arret-bus";5;0;5
"ramassage-ordures-menageres";5;0;5
"reseaux-de-chaleur";4;1;5
"citiz";5;0;5
"fresque";5;0;5
"bap";5;0;5
"infolocale";5;0;5
"marche-de-lhabitat";5;0;5
"permis-damenager-lotissements";4;1;5
"centre-dexploitation";5;0;5
"production-denergie-electrique";5;0;5
"geographie-physique";5;0;5
"ecologie-et-environnement";3;2;5
"restrictions-de-circulation";5;0;5
"contexte-economique";5;0;5
"diversification";5;0;5
"interet-general";4;1;5
"consultation-publique";4;1;5
"pelouse";5;0;5
"socio-professionnel";4;1;5
"aude";4;1;5
"courbe-isophone";5;0;5
"logement-urbanisme";5;0;5
"ponctualite";5;0;5
"centralite";4;1;5
"95427";5;0;5
"avenant";5;0;5
"dinde";5;0;5
"flixbus";2;3;5
"tarifs-reglementes";5;0;5
"trv";5;0;5
"egalite-f-h";4;1;5
"complement-cartographique";5;0;5
"tablette-numerique";4;1;5
"panneaux-daffichages-libres";5;0;5
"fontenoy-sur-moselle";5;0;5
"aingeray";5;0;5
"azerailles";5;0;5
"benney";5;0;5
"bezaumont";5;0;5
"bicqueley";5;0;5
"champey-sur-moselle";5;0;5
"champigneulles";5;0;5
"deneuvre";5;0;5
"gripport";5;0;5
"haussonville";5;0;5
"laronxe";5;0;5
"moncel-les-luneville";5;0;5
"roville-devant-bayon";5;0;5
"saint-mard";5;0;5
"thiaville-sur-meurthe";5;0;5
"evolutions";4;1;5
"banque-hydro";5;0;5
"cerema-centre-est";5;0;5
"rivages";5;0;5
"notification";4;1;5
"omm";5;0;5
"appdvf";2;3;5
"teaching";5;0;5
"oreca";5;0;5
"aide-aux-personnes";5;0;5
"mapillary";5;0;5
"parcmetres";5;0;5
"photographie-360";5;0;5
"staionnement";5;0;5
"arrets-transport-commun";5;0;5
"lignes-bus";3;2;5
"document-budgetaire";5;0;5
"garde-enfant";4;1;5
"eig";2;3;5
"evolution-des-prix";1;4;5
"bovins-de-boucherie";5;0;5
"cotation-marche";5;0;5
"brebis";5;0;5
"emission-de-gaz-a-effet-de-serre";5;0;5
"plf-2015";4;1;5
"plf-2016";4;1;5
"plf-2017";4;1;5
"plf-2018";4;1;5
"plr-2012";5;0;5
"plu-plui-du-sudocuh";5;0;5
"aere";5;0;5
"ccfe";5;0;5
"1980";5;0;5
"95091";5;0;5
"deuil-la-barre";5;0;5
"saint-gratien";5;0;5
"soisy-sous-montmorency";5;0;5
"c-velo";5;0;5
"pont-saint-vincent";5;0;5
"mobilites-douces";3;2;5
"maron";5;0;5
"bailleur-social";4;1;5
"logiciel-libre";3;2;5
"ramassage-scolaire";5;0;5
"edtech";2;3;5
"visas";5;0;5
"cerema-infra-transport-materiaux";5;0;5
"enfance-et-famille";5;0;5
"maison-france-service";4;1;5
"comparabus";0;5;5
"iledefrance";0;5;5
"tende";5;0;5
"service-du-departement";5;0;5
"scdl-prenoms";5;0;5
"sise";5;0;5
"ancienne-limite-territoriale";5;0;5
"consommation-denergie-primaire";5;0;5
"consommation-energetique-finale";5;0;5
"inventaire-des-consommations";5;0;5
"source-de-consommation-denergie";5;0;5
"couverture-5g";0;5;5
"agricultures-urbaines";3;2;5
"epidemiecoronavirus";0;5;5
"donnees-foncieres";4;1;5
"consommation-gaz";1;4;5
"santepubliquefrance";0;5;5
"mesures-exceptionnelles";5;0;5
"tribunal";5;0;5
"terrasses";5;0;5
"bassin-urbain-a-dynamiser";5;0;5
"bud";5;0;5
"quartier-de-veille-active";5;0;5
"zone-rurale";5;0;5
"rncp";3;2;5
"emploi-stable";5;0;5
"ipdoc";5;0;5
"secteur-academique";5;0;5
"temps-plein";5;0;5
"aoc-aop";5;0;5
"tests-virologiques";3;2;5
"point-routier";5;0;5
"exoneration";5;0;5
"revolution-industrielle";5;0;5
"biognv";5;0;5
"enseignement-agricole-archive";5;0;5
"institutions-territoire";5;0;5
"ruche";5;0;5
"test-coronavirus";0;5;5
"3eme-age";5;0;5
"3eme-jeunesse";5;0;5
"clubs-seniors";5;0;5
"msd";5;0;5
"couvre-feu";3;2;5
"agence-routiere";5;0;5
"subventions-etablissement-francais-du-sang";5;0;5
"covidep";0;5;5
"territoires-dindustrie";3;2;5
"arret-minute";5;0;5
"tarifs-et-points-de-vente";5;0;5
"fnso";5;0;5
"sdis-34";5;0;5
"sdis34";5;0;5
"budget-2021";5;0;5
"sst";5;0;5
"vues";5;0;5
"medieval";5;0;5
"pvd";2;3;5
"10km";1;4;5
"sante-fr";5;0;5
"variants";0;5;5
"condiment";5;0;5
"corde";5;0;5
"epice";5;0;5
"bnac";3;2;5
"centre-de-formation-dapprentis";5;0;5
"assemblee-departementale";5;0;5
"effectifs-urssaf";5;0;5
"agglomeration-montargoise";5;0;5
"nature-environnement";4;1;5
"casinos";5;0;5
"billetterie";5;0;5
"selecte";3;2;5
"demographie-des-professionnels-de-sante";5;0;5
"communes-membres-de-la-cacl";5;0;5
"voie-professionnelle";5;0;5
"doume";5;0;5
"monnaie-locale";5;0;5
"smtc";5;0;5
"structures-daccueil";5;0;5
"rappel-conso";0;5;5
"groupe-edf";3;2;5
"bd-ortho-ign";5;0;5
"parcellisation";5;0;5
"structurants";5;0;5
"potentiel-agronomique";5;0;5
"budget-climat";5;0;5
"3de";5;0;5
"budget-2022";5;0;5
"rtge";5;0;5
"oceanographic-geographical-features";5;0;5
"service-public-de-proximite";5;0;5
"pnrvn";5;0;5
"17e";5;0;5
"attribution";5;0;5
"candelabres";5;0;5
"barometre-france-num";5;0;5
"eacr";5;0;5
"fire";5;0;5
"tne";5;0;5
"insertion-sociale-et-professionnelle";5;0;5
"psd";5;0;5
"astronomy";5;0;5
"samu";5;0;5
"plaine-vallee";5;0;5
"smtaml";5;0;5
"restaurant-administratif";5;0;5
"icapp";5;0;5
"vineuil-41350";5;0;5
"12e";5;0;5
"race-locale";5;0;5
"depenses-apa";5;0;5
"ogc";5;0;5
"20e";5;0;5
"avpf";5;0;5
"ville-de-blois";5;0;5
"calavon";5;0;5
"plankton";5;0;5
"14k";5;0;5
"rehabilitation-du-logement";5;0;5
"15e";5;0;5
"hydrogramme-de-crue";5;0;5
"19e";5;0;5
"microbiology";4;1;5
"reef";5;0;5
"gendarmes";5;0;5
"micro-organism";5;0;5
"smart-territoire";5;0;5
"activite-hopitaliere";5;0;5
"smur";5;0;5
"microbial-ecology";5;0;5
"economie-et-social";5;0;5
"inforomu";5;0;5
"decisions-municipales";5;0;5
"depenses-pch";5;0;5
"45024";5;0;5
"inaptitude";5;0;5
"contrats-de-delta";5;0;5
"vache-des-pyrenees";5;0;5
"parrainage-2022";0;5;5
"pandas";0;5;5
"abosociete";0;5;5
"opendatauniversity";0;5;5
"pollens";5;0;5
"carte-strategique";5;0;5
"ambroisie";5;0;5
"chemin-de-fer-transport-public";5;0;5
"culture-tourisme-restaurants-etoiles";5;0;5
"population-projection-age-actif";5;0;5
"population-projection";5;0;5
"population-age-actif";5;0;5
"population-evolution-age-actif";5;0;5
"culture-tourisme-sites-touristiques";5;0;5
"environnement-reseau-hydrographique";5;0;5
"administration-entites-administratives";5;0;5
"marche-du-travail-chomage";5;0;5
"ecologie-du-paysage";5;0;5
"responsable";5;0;5
"hackaviz";5;0;5
"sqy";5;0;5
"2009-2010";4;0;4
"2d-tour";4;0;4
"88-407-cee";4;0;4
"aal";4;0;4
"abattoirs";3;1;4
"abscisse";4;0;4
"acadÃ©mie";4;0;4
"accordees";4;0;4
"accordes";4;0;4
"acheter";4;0;4
"aee";4;0;4
"aide-au-developpement";2;2;4
"aide-sociale-hebergement";4;0;4
"ajuste";4;0;4
"allocation-personnalisee-autonomie";4;0;4
"amendements";4;0;4
"analytiques";4;0;4
"annuelle";4;0;4
"antilles";4;0;4
"approvisionnement";4;0;4
"aqueduc";4;0;4
"arables";4;0;4
"armÃ©e";4;0;4
"arrosage";4;0;4
"art-et-essai";3;1;4
"asociales";4;0;4
"aspa";3;1;4
"ass";4;0;4
"assemblee-locale";4;0;4
"assemblÃ©e nationale";3;1;4
"assos-transparentes";4;0;4
"atelier-de-decoupe";4;0;4
"auteur";4;0;4
"auteurs";4;0;4
"auto-Ã©coles";1;3;4
"automoteurs";4;0;4
"avion-civil";1;3;4
"baignoire";4;0;4
"balades";4;0;4
"balise";4;0;4
"bande";4;0;4
"batimentshistoriques";3;1;4
"beneficiaire";3;1;4
"bhns";4;0;4
"bibliotheque-nationale";4;0;4
"bibliotheque-numerique";3;1;4
"bilans";4;0;4
"blu-ray";4;0;4
"budget-2013";2;2;4
"bulgarie";4;0;4
"caisses";4;0;4
"cameras";2;2;4
"campus";3;1;4
"campusfrance";3;1;4
"capitaux";4;0;4
"capitoulat";4;0;4
"catastrophe-naturelle";4;0;4
"centre-culturel";4;0;4
"centre-de-collecte";4;0;4
"centre-de-sante";3;1;4
"centre_investigateur";4;0;4
"cessation-d-activite";2;2;4
"cg71";1;3;4
"chambre-de-representants";4;0;4
"champignons";3;1;4
"changement";4;0;4
"chiffre-d-affaires-video";4;0;4
"chiffres";3;1;4
"chirurgien-dentiste";2;2;4
"circonscription-administrative";4;0;4
"circulaires";2;2;4
"citations";4;0;4
"cle";4;0;4
"clients";4;0;4
"climatique";2;2;4
"codes insee";2;2;4
"codes postaux";1;3;4
"coherence";4;0;4
"collecte-de-lait";4;0;4
"collectes sÃ©lectives";2;2;4
"commemoration";4;0;4
"commerciale";4;0;4
"commercialisation";4;0;4
"communications";2;2;4
"competences-cles";4;0;4
"competitivite";3;1;4
"complementaire-sante";3;1;4
"conduites";4;0;4
"confondues";4;0;4
"considerent";3;1;4
"consigne";3;1;4
"consolide";4;0;4
"constants";4;0;4
"coordonnÃ©es";4;0;4
"cotisations";4;0;4
"courbes";3;1;4
"court-metrage";3;1;4
"court-sejour";4;0;4
"couts";4;0;4
"createur";4;0;4
"criminalitÃ©";2;2;4
"curvilligne";4;0;4
"cyclabilite";1;3;4
"de";4;0;4
"debat-d-orientations-budgetaires";4;0;4
"dechargement";4;0;4
"deficit";3;1;4
"delit";2;2;4
"depositaires";4;0;4
"dernier";4;0;4
"detaillee";4;0;4
"differents";4;0;4
"dird";3;1;4
"dirigees";4;0;4
"dispositif-de-securite";2;2;4
"dispositifs";4;0;4
"disque";4;0;4
"diversite";2;2;4
"divisions";4;0;4
"doctorants";4;0;4
"domestiques";4;0;4
"dommages";4;0;4
"donnÃ©es genrÃ©es";4;0;4
"douanieres";4;0;4
"douche";4;0;4
"dues";4;0;4
"dup";4;0;4
"dysfonctionnement-erectile";1;3;4
"dÃ©bit";3;1;4
"dÃ©passements honoraires";3;1;4
"e-gouvernement";4;0;4
"eau-interieure";4;0;4
"economiques";4;0;4
"edition-video";4;0;4
"effectuees";4;0;4
"efficacite";3;1;4
"emigration";4;0;4
"emis";4;0;4
"engagement";3;1;4
"escalier";4;0;4
"escargots";3;1;4
"espaceschiens";3;1;4
"etablissement-public";4;0;4
"etablissement-sanitaire";4;0;4
"etatcivil";2;2;4
"etendue";4;0;4
"etiquette";4;0;4
"etude-d-usages";4;0;4
"euro";3;1;4
"exclusivement";4;0;4
"exploitation-forestiere";4;0;4
"expression";4;0;4
"exterieures";4;0;4
"externe";4;0;4
"fabrication";3;1;4
"faits constates";2;2;4
"favorisee";4;0;4
"federations-sportives";3;1;4
"fer";3;1;4
"financier";4;0;4
"fleurs";3;1;4
"foraine";4;0;4
"forfait";2;2;4
"formation-professionnelle-continue";3;1;4
"fournisseur";3;1;4
"fracture sanitaire";3;1;4
"fromages";3;1;4
"futurs";4;0;4
"garde-corps";3;1;4
"generaliste";4;0;4
"generalites";4;0;4
"generes";4;0;4
"generiques";3;1;4
"gibiers";4;0;4
"gilles carrez";3;1;4
"global";4;0;4
"golf";4;0;4
"grossesse";2;2;4
"guide-touristique";2;2;4
"habitat-prive";4;0;4
"histolitt";2;2;4
"hopital-public";3;1;4
"humides";4;0;4
"idh-4";4;0;4
"ifm";4;0;4
"implicite";4;0;4
"import-export";1;3;4
"imports";3;1;4
"impot-de-solidarite-sur-la-fortune";1;3;4
"impÃ´t";4;0;4
"incendies";4;0;4
"independants";4;0;4
"indien";4;0;4
"industrielles";4;0;4
"industries agroalimentaires";4;0;4
"infections";2;2;4
"informations-geoscientifique";3;1;4
"informelles";4;0;4
"institut-francais";3;1;4
"institut-francais-tandem-libre";4;0;4
"intercite";2;2;4
"internationaux";4;0;4
"intra-muros";4;0;4
"intra-ue";4;0;4
"inventions";3;1;4
"irlande";3;1;4
"irpp";4;0;4
"itineraire-touristique";3;1;4
"jugement";4;0;4
"kiosque";4;0;4
"latitude";4;0;4
"lettonie";4;0;4
"lituanie";4;0;4
"logement-individuel";4;0;4
"logiciels";2;2;4
"lubrifiants";4;0;4
"lucratives";4;0;4
"lycÃ©es";2;2;4
"lyonnaise";3;1;4
"maison de retraite";4;0;4
"maison-de-retraite";4;0;4
"maladies";4;0;4
"malvoyant";3;1;4
"manifestation-culturelle";3;1;4
"marche-alimentaire";4;0;4
"materielles";3;1;4
"matiÃ¨res premiÃ¨res";1;3;4
"matrimonial";3;1;4
"medecine-generale";3;1;4
"meilleure";3;1;4
"mettis";4;0;4
"minute";3;1;4
"module";4;0;4
"mortels";3;1;4
"motifs";4;0;4
"moulon";4;0;4
"multi-accueil";4;0;4
"mÃ©decins spÃ©cialistes";3;1;4
"nations";3;1;4
"nets";4;0;4
"niveaux";4;0;4
"non-nationaux";2;2;4
"nord pas de calais";3;1;4
"notre-dame-des-landes";4;0;4
"nox";4;0;4
"nuts";1;3;4
"obesite";3;1;4
"objectifs";4;0;4
"objet";3;1;4
"objets";3;1;4
"obstetrique";4;0;4
"occupants";4;0;4
"occupe";4;0;4
"oleoducs";4;0;4
"ondif";4;0;4
"open";4;0;4
"organigramme";4;0;4
"organismes-complementaires";4;0;4
"output";4;0;4
"ovins";4;0;4
"paramedical";3;1;4
"parc-en-enclos";4;0;4
"parental";4;0;4
"paritÃ©";3;1;4
"parmi";2;2;4
"partages";4;0;4
"passages-a-niveau";4;0;4
"pauvre";3;1;4
"pc";4;0;4
"penale";4;0;4
"permanence";4;0;4
"permanentes";4;0;4
"personnel-administratif";2;2;4
"perturbation";4;0;4
"pharmacie-officine";2;2;4
"phytopharmaceutiques";2;2;4
"politique-d-immigration";3;1;4
"pommes";4;0;4
"pompe";1;3;4
"pondeuses";4;0;4
"potentiel";3;1;4
"poules";4;0;4
"pourcentage";3;1;4
"pouvant";4;0;4
"prefectures";4;0;4
"prendre";4;0;4
"prestation-familiale";3;1;4
"prevalence";1;3;4
"prime";3;1;4
"privee";4;0;4
"production-cinematographique";4;0;4
"production-de-bois";4;0;4
"profession-de-la-sante";3;1;4
"programme Ã©lectoral";2;2;4
"projet-de-loi";4;0;4
"projet-de-loi-de-finances";3;1;4
"proposition-de-loi";4;0;4
"propulsion";3;1;4
"protection-de-l-environnement";4;0;4
"protegees";4;0;4
"proteges";4;0;4
"prÃ©noms";3;1;4
"qualification";4;0;4
"quotas";4;0;4
"radioprotection";3;1;4
"raisin";4;0;4
"rampe";4;0;4
"ratio";4;0;4
"ravalement";4;0;4
"recuperation";3;1;4
"regard";4;0;4
"relation";4;0;4
"remboursements";2;2;4
"remorques";4;0;4
"rendement";1;3;4
"repartition-geographique";3;1;4
"retard";4;0;4
"retrait";4;0;4
"retraitÃ©";3;1;4
"revues";4;0;4
"richesse";3;1;4
"roumanie";4;0;4
"rurales";4;0;4
"sages-femmes";3;1;4
"saisonniers";4;0;4
"salaire-minimum";2;2;4
"salle-de-spectacle";4;0;4
"santÃ© sociale";2;2;4
"sciences du numÃ©rique";1;3;4
"scolarisation";4;0;4
"secourisme";4;0;4
"secours-d-urgence";3;1;4
"secretaire-d-etat";3;1;4
"sections";4;0;4
"securite-alimentaire";1;3;4
"seismes";4;0;4
"semaine";4;0;4
"shom";3;1;4
"sites publics";2;2;4
"slovaquie";4;0;4
"soi-meme";4;0;4
"soins-de-sante";2;2;4
"soins-de-ville";3;1;4
"sources";4;0;4
"spa";1;3;4
"specialisation";4;0;4
"station-d-epuration";3;1;4
"statuts";3;1;4
"stele";4;0;4
"suisse";2;2;4
"superieures";3;1;4
"supplementaires";4;0;4
"support";4;0;4
"surpoids";3;1;4
"sylviculture";4;0;4
"t4";4;0;4
"tables";4;0;4
"tarifaires";4;0;4
"tarification";4;0;4
"tarifs mÃ©decins";3;1;4
"taux de rÃ©ussite";1;3;4
"technique";4;0;4
"temps-acces";2;2;4
"temps-de-travail";3;1;4
"tesla";3;1;4
"titre";4;0;4
"tnt";3;1;4
"tournesol";4;0;4
"tracteurs";4;0;4
"tracÃ©";4;0;4
"traduction";4;0;4
"traite";4;0;4
"transfert-de-technologie";4;0;4
"transfrontaliers";4;0;4
"transport-par-chemins-de-fer";1;3;4
"trimestriel";4;0;4
"trimestriels";4;0;4
"troisieme";4;0;4
"type";3;1;4
"ufc que choisir";3;1;4
"universel";4;0;4
"universitÃ©s";3;1;4
"urgences-hospitaliers";2;2;4
"variations";4;0;4
"vendre";4;0;4
"ventilation";4;0;4
"verglas";4;0;4
"verte";4;0;4
"viande-fraiche";4;0;4
"videodisque";4;0;4
"vie-municipale";4;0;4
"vins";3;1;4
"vivant";3;1;4
"voies-ferrees";4;0;4
"volailles";3;1;4
"volontaires";4;0;4
"volonte";4;0;4
"volumes";4;0;4
"Ã©galitÃ© femmes hommes";2;2;4
"Ã©levage";4;0;4
"dataconnexions";3;1;4
"domaine public";3;1;4
"Atelier-de-dxcoupe";4;0;4
"Etablissements-agrxxs";4;0;4
"Gibiers";4;0;4
"Lait";4;0;4
"Sperme";4;0;4
"legislation-phytosanitaire";4;0;4
"produits-phytopharmaceutiques";4;0;4
"thÃ©saurus";2;2;4
"qualite-eau";1;3;4
"petite-couronne";4;0;4
"chaines";4;0;4
"champagne";4;0;4
"statut-juridique";4;0;4
"enseignement secondaire";4;0;4
"Ã©valuation";4;0;4
"jurisprudences";1;3;4
"opendatasoft";1;3;4
"nouvelles rÃ©gions";1;3;4
"droit-ouvert";3;1;4
"openlaw";3;1;4
"zone-franche-urbaine";4;0;4
"rÃ©novation";2;2;4
"hÃ´tel";4;0;4
"la poste";2;2;4
"retraitÃ©s";4;0;4
"vÃ©los";1;3;4
"dÃ©veloppement Ã©conomique";3;1;4
"vÃ©tÃ©rinaires";3;1;4
"centres de loisirs";4;0;4
"deci";4;0;4
"voyance amour";4;0;4
"Ã©tablissements scolaires";3;1;4
"Ã©clairage";4;0;4
"mobilier urbain";3;1;4
"pictavie";4;0;4
"adpa";4;0;4
"fournisseur-de-services-internet";4;0;4
"groupe-scolaire";4;0;4
"nature-en-ville";3;1;4
"plan-d-occupation-des-sols";4;0;4
"servitudes-d-utilite-publique";4;0;4
"vestiges";4;0;4
"e-administration";2;2;4
"auxerre";2;2;4
"milieu-biologique-especes-faune";4;0;4
"adaje";4;0;4
"milieu-biologique-habitats-remarquables-herbiers";4;0;4
"contamination";1;3;4
"observation-directe";4;0;4
"activite-economique-peche";4;0;4
"Ã©lection lÃ©gislative";4;0;4
"Ã©lection rÃ©gionale";4;0;4
"rÃ©fÃ©rendum";4;0;4
"1999";4;0;4
"friches";1;3;4
"chalut";4;0;4
"culture-communication";4;0;4
"domaine-public-fluvial";4;0;4
"entreprise-de-transports";4;0;4
"limites-administratives-et-decoupage-des-territoires-limites-administratives";4;0;4
"point-de-repere";4;0;4
"reglementation-de-transport";4;0;4
"donnee-generique";4;0;4
"nuit des musÃ©es";2;2;4
"visualisation de donnÃ©es";0;4;4
"34000";4;0;4
"34070";4;0;4
"34080";4;0;4
"34090";4;0;4
"AIR LR";4;0;4
"Distributeur";4;0;4
"ElectricitÃ©";4;0;4
"France";4;0;4
"GIC";4;0;4
"GIG";4;0;4
"Monument";4;0;4
"Parking";4;0;4
"RTE";4;0;4
"Sports";4;0;4
"TGV";4;0;4
"Transport";4;0;4
"aire de jeu";4;0;4
"centre ville";4;0;4
"corbeille Ã  papier";4;0;4
"dÃ©libÃ©ration exÃ©cutoire";4;0;4
"espaces chiens";4;0;4
"hygiÃ¨ne";3;1;4
"maison pour tous";4;0;4
"openstreetmap ";4;0;4
"point de collecte";4;0;4
"prÃ©nom";4;0;4
"quartier prioritaire";4;0;4
"restitution";4;0;4
"station essence";4;0;4
"station service";4;0;4
"stÃ¨le";4;0;4
"toutounette";4;0;4
"tÃ©lÃ©communication";4;0;4
"Ã©lection dÃ©partementales";4;0;4
"correspondance";3;1;4
"geocoding";2;2;4
"moteur de recherche";1;3;4
"grand paris seine ouest";3;1;4
"nuisance-pollution-du-sol";4;0;4
"avifaune";4;0;4
"exploitation-elevage";4;0;4
"site-production-energie";4;0;4
"nature-paysage-biodiversite-zonages-paysage";4;0;4
"pollution-du-sol";3;1;4
"postgresql";0;4;4
"couverture en grille altimÃ©trique";4;0;4
"socio-economie-socio-economie";4;0;4
"site-inscrit";4;0;4
"transports-deplacements-transport-exceptionnel";4;0;4
"a-4";4;0;4
"bassin-d-emploi";4;0;4
"ppri-de-mesnil-martinsart";4;0;4
"pt-1";4;0;4
"t-1";4;0;4
"astaffort";4;0;4
"bajamont";4;0;4
"bias";4;0;4
"boe";4;0;4
"clairac";4;0;4
"damazan";4;0;4
"fals";4;0;4
"fauguerolles";4;0;4
"feugarolles";4;0;4
"fumel";4;0;4
"lafitte-sur-lot";4;0;4
"lafox";4;0;4
"lagruere";4;0;4
"laparade";4;0;4
"le-temple-sur-lot";4;0;4
"meilhan-sur-garonne";4;0;4
"montesquieu";4;0;4
"nicole";4;0;4
"saint-pardoux-du-breuil";4;0;4
"saint-sixte";4;0;4
"sainte-livrade-sur-lot";4;0;4
"villeneuve-sur-lot";4;0;4
"transports-deplacements-transport-collectif";4;0;4
"foncier-sol-mutation-fonciere";4;0;4
"lombez";4;0;4
"mines";4;0;4
"mouvements-de-terrain";4;0;4
"rnr";4;0;4
"aire-sur-l-adour";4;0;4
"candresse";4;0;4
"grenade-sur-l-adour";4;0;4
"oeyregave";4;0;4
"peyrehorade";4;0;4
"dpgd";4;0;4
"grand poitiers";3;1;4
"ajutage";4;0;4
"biotopes";4;0;4
"couloirs-bus";4;0;4
"dessableur";4;0;4
"etangs";4;0;4
"ouvrages-eau";4;0;4
"randonnee-cycliste";4;0;4
"reseau-de-chauffage-urbain";4;0;4
"terrains-gens-du-voyage";4;0;4
"fille";3;1;4
"livret de famille";4;0;4
"marchÃ©s";4;0;4
"mentions";4;0;4
"trafic-fluvial";4;0;4
"bus-arrets-abris-bus-transports-en-commun-tc-lignes";4;0;4
"bus-transports-en-commun-tc-lignes-lignes-urbaines-reseau";4;0;4
"etat-sanitaire";4;0;4
"puit";4;0;4
"quai";4;0;4
"legislation-en-matiere-d-environnement";4;0;4
"substance-toxique";4;0;4
"uu";4;0;4
"aide-au-financement";4;0;4
"enquete-publique";4;0;4
"installation-a-haut-risque";4;0;4
"installation-industrielle";4;0;4
"population-legale";4;0;4
"tension";4;0;4
"zonage-agricole";4;0;4
"zone-inondable";4;0;4
"amf";2;2;4
"groupements";3;1;4
"delegataires";4;0;4
"ogs";4;0;4
"plan-de-gestion";4;0;4
"foret-de-protection";4;0;4
"cours administratives";4;0;4
"torrents";4;0;4
"ailly-le-haut-clocher";4;0;4
"allonville";4;0;4
"app";1;3;4
"aubigny";4;0;4
"ault";4;0;4
"cardonnette";4;0;4
"cartigny";4;0;4
"corbie";4;0;4
"crecy-en-ponthieu";4;0;4
"doullens";4;0;4
"eclusier-vaux";4;0;4
"epagne-epagnette";4;0;4
"estrees-deniecourt";4;0;4
"friville-escarbotin";4;0;4
"gamaches";4;0;4
"grand-laviers";4;0;4
"havernas";4;0;4
"l-etoile";4;0;4
"longueau";4;0;4
"oust-marest";4;0;4
"pont-de-metz";4;0;4
"poulainville";4;0;4
"rosieres-en-santerre";4;0;4
"saigneville";4;0;4
"saint-quentin-la-motte-croix-au-bailly";4;0;4
"saint-vaast-en-chaussee";4;0;4
"salouel";4;0;4
"tully";4;0;4
"yonval";4;0;4
"atelier-de-dxcoupe";4;0;4
"mÃ©tropole";4;0;4
"jalonnements";4;0;4
"courriers";3;1;4
"isoles";4;0;4
"rentree";4;0;4
"teleprocedure";4;0;4
"sauvage";4;0;4
"degagement";4;0;4
"eau-n-masse-eau";4;0;4
"eau-n-zonages-eau";4;0;4
"pfalzerwald";4;0;4
"AccessibilitÃ©";4;0;4
"GTFS";4;0;4
"GÃ©olocalisation";4;0;4
"Horaire";4;0;4
"Mouvements sociaux";4;0;4
"RÃ©gularitÃ©";4;0;4
"Tramway";4;0;4
"milieu-physique-hydrodynamique-colonne-d-eau";4;0;4
"encombrement";4;0;4
"belle-ile-en-mer";3;1;4
"fucale";4;0;4
"kermorvan";4;0;4
"evaluent";4;0;4
"planimetrie";4;0;4
"ddt-72";4;0;4
"sarthe";3;1;4
"tags";4;0;4
"CDs";4;0;4
"DVDs";4;0;4
"Livres";4;0;4
"TissÃ©o";4;0;4
"Toulouse";4;0;4
"projection";4;0;4
"rapprochement";4;0;4
"rÃ©gionale";4;0;4
"second tour";4;0;4
"vetement";4;0;4
"billet";3;1;4
"timbre";4;0;4
"dmr";4;0;4
"fracture";4;0;4
"bzh";0;4;4
"foncier-et-droit-des-sols";4;0;4
"igt";4;0;4
"soes";3;1;4
"ville-de-limoges";4;0;4
"achats-publics";3;1;4
"acte-de-deces";2;2;4
"aide-departementale";4;0;4
"air-lr";4;0;4
"aire-de-jeu";4;0;4
"alloue";4;0;4
"art-contemporain";3;1;4
"bande-dessinee";3;1;4
"centre-investigateur";4;0;4
"clevacances";4;0;4
"col";4;0;4
"cooperation-bilaterale";3;1;4
"corbeille-a-papier";4;0;4
"couverture-en-grille-altimetrique";4;0;4
"cremation";4;0;4
"cybersecurite";3;1;4
"decoupage-adminsitratif";2;2;4
"depassements-honoraires";3;1;4
"depense-publique";3;1;4
"election-municipale";4;0;4
"enseignement-elementaire";4;0;4
"ferree";4;0;4
"feu-tricolore";4;0;4
"fracture-sanitaire";3;1;4
"french-tech";4;0;4
"futur-en-seine";3;1;4
"garcon";3;1;4
"gig-gic";4;0;4
"gilles-carrez";3;1;4
"gites-de-france";4;0;4
"groupements-a-fiscalite-propre";3;1;4
"groupes-politiques";4;0;4
"hotellerie-de-plein-air";4;0;4
"industries-agroalimentaires";4;0;4
"innovation-sociale";3;1;4
"interim";4;0;4
"jaces";3;1;4
"jardiniere";4;0;4
"lieux-publics";4;0;4
"logements-eligibles";3;1;4
"ma";4;0;4
"mairies-annexes";4;0;4
"medecins-specialistes";3;1;4
"mobilite-professionnelle";4;0;4
"nuit-des-musees";2;2;4
"oceanographie";3;1;4
"par-sexe";4;0;4
"paris-sportifs";4;0;4
"partis-politiques";2;2;4
"passage-a-niveau";4;0;4
"permis-b";2;2;4
"pompes-funebres";3;1;4
"puissance-installee";4;0;4
"reception";4;0;4
"reduite";4;0;4
"renovation-habitat";2;2;4
"ressources-pedagogiques";2;2;4
"restauration-rapide";3;1;4
"schematique";4;0;4
"sciences-du-numerique";1;3;4
"secteurs-de-vote";4;0;4
"senatoriales";3;1;4
"sens-unique";4;0;4
"sites-publics";2;2;4
"stationnement-abusif";4;0;4
"stations-de-recharge";4;0;4
"tarifs-medecins";3;1;4
"ufc-que-choisir";3;1;4
"amenagement-foncier";3;1;4
"annonce-legale";2;2;4
"code-de-la-route";1;3;4
"code-du-travail";1;3;4
"conseils-departementaux";3;1;4
"covoiturage-temps-reel";2;2;4
"economie-denergie";3;1;4
"objets-connectes";1;3;4
"ondes-electromagnetiques";2;2;4
"tournee";2;2;4
"blangy-tronville";4;0;4
"bosquel";4;0;4
"barrages";3;1;4
"informations-complementaires";4;0;4
"infrastructure-de-transport";4;0;4
"loi-littoral";3;1;4
"operations-programmees-d-amelioration-de-l-habitat";4;0;4
"ouvrages-prioritaires";4;0;4
"planification-et-documents-d-urbanisme";4;0;4
"dechets-menagers-et-assimiles";4;0;4
"eau-brute";4;0;4
"isdnd";4;0;4
"ordures-menageres-residuelles";4;0;4
"plateforme-de-compostage";3;1;4
"reseau-de-chaleur";4;0;4
"champ";4;0;4
"bouygues";3;1;4
"epicerie";4;0;4
"carte-pedologique";4;0;4
"environnement-cotier";3;1;4
"1887";4;0;4
"1936";4;0;4
"assistante";4;0;4
"commissariats";4;0;4
"css";4;0;4
"dad";4;0;4
"drain";4;0;4
"ecologie-urbaine";2;2;4
"protections";4;0;4
"logos";4;0;4
"baac";3;1;4
"observations-definitives";4;0;4
"rod";4;0;4
"texte-integral";4;0;4
"ctc";4;0;4
"accessibilite-numerique";4;0;4
"numeration";3;1;4
"open-data-france";3;1;4
"societe-du-grand-paris";4;0;4
"transition-numerique";3;1;4
"dgccrf";4;0;4
"diplome-national-du-brevet";3;1;4
"ar-3";4;0;4
"franche";4;0;4
"propagation-des-ondes";4;0;4
"profilage";4;0;4
"budget-departemental";4;0;4
"cavaliers";4;0;4
"edas";4;0;4
"gene-a-l-usager";4;0;4
"participations";4;0;4
"schemas";4;0;4
"solidaires";3;1;4
"solidarite-et-renouvellement-urbains";3;1;4
"plan-numerique";4;0;4
"cias";4;0;4
"power-bi";0;4;4
"radiomobile";4;0;4
"mhz";4;0;4
"largeur";3;1;4
"parking-velo";3;1;4
"haut-niveau";4;0;4
"protection-de-la-nature";4;0;4
"reseau-de-biotope";4;0;4
"cper";3;1;4
"saint-brieuc";2;2;4
"baignades";4;0;4
"escalator";4;0;4
"point-de-vente";4;0;4
"guyane-habitat-politique-de-la-ville-construction-autorisation-d-urbanisme-permis-de-construire";4;0;4
"emploi-type";4;0;4
"mdd";4;0;4
"rodez";3;1;4
"compteur";4;0;4
"dinsic";3;1;4
"timeline";0;4;4
"saint-lo";3;1;4
"donneesouvertes";4;0;4
"ft-ir";4;0;4
"tmjm";4;0;4
"ultraviolet-spectroscopy";4;0;4
"antimicrobial-susceptibility";4;0;4
"lp";3;1;4
"contraintes";4;0;4
"ouvrages-de-protection";4;0;4
"complements-alimentaires";4;0;4
"logement-neuf";4;0;4
"maison-individuelle";4;0;4
"ordinaire";4;0;4
"collegiens";4;0;4
"differential-scanning-calorimetry";4;0;4
"biofield-energy-healers";4;0;4
"biofield-energy-healing-treatment";4;0;4
"programme-vacances-travail";1;3;4
"scot-schema-coherence-territoriale-amenagement-developpement-durable-padd";4;0;4
"autorisation-de-programme";4;0;4
"credit-de-paiement";4;0;4
"photointerpretation";4;0;4
"commerce-et-consommation";4;0;4
"dgrh";4;0;4
"distribution-commerciale";4;0;4
"ecole-doctorale";4;0;4
"entreprises-innovantes";4;0;4
"extension";1;3;4
"france-detaillee";2;2;4
"pbo";4;0;4
"referens";4;0;4
"region-2016";4;0;4
"savoir-faire";3;1;4
"ssm";4;0;4
"alpes";3;1;4
"prefecture-de-police";4;0;4
"prefecture-de-police-de-paris";4;0;4
"musees-de-france";3;1;4
"reglementation-sanitaire";4;0;4
"inventaire-ecologique";4;0;4
"lbc-bayonne";4;0;4
"tigf";4;0;4
"labrihe";4;0;4
"lalanne-arque";4;0;4
"lartigue";4;0;4
"lias";4;0;4
"lourties-monbrun";4;0;4
"manent-montane";4;0;4
"marestaing";4;0;4
"masseube";4;0;4
"meilhan";4;0;4
"monbrun";4;0;4
"monferran-plaves";4;0;4
"monfort";4;0;4
"montadet";4;0;4
"montaut-les-creneaux";4;0;4
"montegut-saves";4;0;4
"monties";4;0;4
"noilhan";4;0;4
"nougaroulet";4;0;4
"pebees";4;0;4
"pellefigue";4;0;4
"peyrusse-massas";4;0;4
"polastron";4;0;4
"ponsan-soubiran";4;0;4
"pouy-loubrin";4;0;4
"preneron";4;0;4
"projet-de-territoire";4;0;4
"puycasquier";4;0;4
"puylausic";4;0;4
"puysegur";4;0;4
"razengues";4;0;4
"riguepeu";4;0;4
"roquebrune";4;0;4
"roquelaure-saint-aubin";4;0;4
"sabaillan";4;0;4
"saint-antonin";4;0;4
"saint-arailles";4;0;4
"saint-arroman";4;0;4
"saint-blancard";4;0;4
"acheteur";4;0;4
"pedt";4;0;4
"pyramide-age";2;2;4
"rythme";4;0;4
"cnrs";3;1;4
"faille";4;0;4
"tepos";4;0;4
"survol";4;0;4
"eaux-de-surface";4;0;4
"leader";4;0;4
"nra";4;0;4
"recensement-agricole";4;0;4
"ichn";4;0;4
"filtre";1;3;4
"mises-en-service";4;0;4
"activite-economique-entreprises-";4;0;4
"amenagement-numerique-des-territ";4;0;4
"couverture-en-grille-altimetriqu";4;0;4
"dotation-globale-de-fonctionneme";3;1;4
"education-artistique-et-culturel";3;1;4
"infrastructure-de-donnees-geogra";4;0;4
"legislation-en-matiere-d-environ";4;0;4
"operations-programmees-d-amelior";4;0;4
"orthophotographie-ortho-image-ph";4;0;4
"patrimoine-naturel-habitats-et-b";4;0;4
"plan-local-d-urbanisme-intercomm";4;0;4
"protection-de-la-faune-et-de-la-";4;0;4
"saint-quentin-la-motte-croix-au-";4;0;4
"servitudes-d-utilite-publique-et";4;0;4
"transports-infrastructure-circul";4;0;4
"urbanisme-et-foncier-foncier-et-";4;0;4
"urbanisme-et-foncier-planificati";4;0;4
"indemnite";4;0;4
"bassin-de-cahors";4;0;4
"canche";4;0;4
"catenoy";4;0;4
"cotes-a-falaises";4;0;4
"croda";4;0;4
"emissaire";4;0;4
"hem";4;0;4
"interor-synthexim";4;0;4
"lawe";4;0;4
"libercourt";4;0;4
"pont-sainte-maxence";4;0;4
"prairie";4;0;4
"sav-grande-paroisse";4;0;4
"therain";4;0;4
"usine-de-sangosse";4;0;4
"termites";4;0;4
"challenge";4;0;4
"ileo";4;0;4
"virtuelle";4;0;4
"scrutins";1;3;4
"mobiliers-urbains";4;0;4
"monreseaumobile-fr";1;3;4
"loir-et-cher";3;1;4
"chambery";3;1;4
"rome";2;2;4
"cambriolage";0;4;4
"pret-a-taux-zero";2;2;4
"sgfgas";4;0;4
"d3js";0;4;4
"agregation";2;2;4
"elysee";1;3;4
"reliefs";4;0;4
"salles";3;1;4
"collectivite-outre-mer";3;1;4
"cliniques";4;0;4
"juridictions";4;0;4
"geometres";4;0;4
"transfert-de-competences";4;0;4
"vue-aerienne";4;0;4
"mesures-compensatoires";3;1;4
"axes";4;0;4
"orthophotos";4;0;4
"perimetres-administratifs";4;0;4
"orleans";2;2;4
"die";4;0;4
"immobilier-etat";2;2;4
"d-1-biodiversite";4;0;4
"d-6-integrite-des-fonds-marins";4;0;4
"graffiti";4;0;4
"promotion";3;1;4
"stationnement-payant";4;0;4
"parentalite";4;0;4
"autres-charges-externes";4;0;4
"bareme-tarif-national";4;0;4
"capitaux-propres";4;0;4
"chatelet";4;0;4
"efn";4;0;4
"immobilisations-corporelles";4;0;4
"immobilisations-incorporelles";4;0;4
"marque-et-communication-externe";4;0;4
"ordure";4;0;4
"passif";4;0;4
"provisions";4;0;4
"recupverre";4;0;4
"tarif-voyageurs";4;0;4
"ventilation-chiffre-daffaires";4;0;4
"ville-de-toulouse";4;0;4
"frayere";4;0;4
"bdortho";3;1;4
"tissu-associatif";2;2;4
"emprise-041";4;0;4
"normalisation";4;0;4
"bretelles";4;0;4
"pollution-des-cours-d-eau";4;0;4
"pollution-par-l-agriculture";4;0;4
"echangeurs";4;0;4
"hydrocarbures-non-methaniques";4;0;4
"deviations";4;0;4
"atelier-de-da-c-coupe";4;0;4
"ail";4;0;4
"animanice";4;0;4
"cyber";4;0;4
"fiche";2;2;4
"formalite";4;0;4
"gilette";4;0;4
"inhumation";4;0;4
"syndicat-denergie";4;0;4
"edigeo";3;1;4
"critair";3;1;4
"besancon";3;1;4
"rest";2;2;4
"chute-de-blocs";4;0;4
"chute-de-pierres";4;0;4
"contrat-d-agriculture-durable";4;0;4
"dadou";4;0;4
"equipements-touristiques";4;0;4
"vere";4;0;4
"bd-adresse";4;0;4
"cleguer";4;0;4
"ecologie-littoral";3;1;4
"n-ouvrage";4;0;4
"ploemeur";4;0;4
"verdissement";4;0;4
"accidents-de-la-circulation";1;3;4
"donesol";4;0;4
"enseignement-scolaire";4;0;4
"informatif";4;0;4
"referentiel-regional-pedologique";3;1;4
"rrp";4;0;4
"n-inondation";4;0;4
"php";0;4;4
"violences-sexistes";3;1;4
"limites-maritimes";4;0;4
"redevabilite";4;0;4
"produits-locaux";4;0;4
"grands-itineraires";4;0;4
"nature-paysage-biodiversite-inventaire-nature-bi";4;0;4
"penne-dagenais";4;0;4
"plan-local-de-randonnee";4;0;4
"plr";4;0;4
"profils-de-plage";4;0;4
"revitalisations";4;0;4
"tempetes";4;0;4
"transects";4;0;4
"tres-haute-tension";4;0;4
"mort";3;1;4
"apaisee";4;0;4
"patrimoines";4;0;4
"cir";3;1;4
"organime";4;0;4
"organismes-de-recherche-prives";4;0;4
"organismes-prives";4;0;4
"mgp";4;0;4
"copieur";4;0;4
"parc-installe";4;0;4
"seconde-guerre-mondiale";4;0;4
"appels-doffre";3;1;4
"services-au-public";3;1;4
"base-sirene";2;2;4
"deux-sevres";3;1;4
"vaucluse";3;1;4
"dxf";3;1;4
"concarneau";3;1;4
"ressources-electroniques";2;2;4
"unite-de-recherche";4;0;4
"encombrant";4;0;4
"apprentissage-artificiel";3;1;4
"filiere-de-production";4;0;4
"point-de-soutirage";4;0;4
"yelo";4;0;4
"astrophysique";4;0;4
"distribuee";4;0;4
"e-infrastructure";4;0;4
"e-infrastructures";4;0;4
"instrument-de-leso";4;0;4
"monosite";4;0;4
"organisations-internationales";4;0;4
"physique-nucleaire-et-des-hautes-energies";4;0;4
"recherche-en-sciences-du-numerique-et-mathematiques";4;0;4
"sciences-de-la-matiere-et-ingenierie";4;0;4
"sciences-du-systeme-terre-et-de-lenvironnement";4;0;4
"tres-grande-infrastructure-de-recherche";4;0;4
"tres-grandes-infrastructures-de-recherche";4;0;4
"oiseau";4;0;4
"geosirene";2;2;4
"annuaire-des-bibliotheques-de-lenseignement-superieur";4;0;4
"esgbu";4;0;4
"inventaire-patrimonial";4;0;4
"indicateur-economique";4;0;4
"cross";3;1;4
"laval-53130";4;0;4
"grand-site";4;0;4
"alpha";4;0;4
"beta";4;0;4
"ferre";4;0;4
"operateur-mobile";1;3;4
"deplacements-doux";4;0;4
"impulsyon";4;0;4
"procedure-civile";4;0;4
"traitement-de-leau";4;0;4
"seiche";4;0;4
"communate";4;0;4
"doux";4;0;4
"gonflage";4;0;4
"lia";4;0;4
"hub";4;0;4
"datatourisme";1;3;4
"electromobilite";4;0;4
"indisponibilites";4;0;4
"code-ape";1;3;4
"mobilite-internationale";1;3;4
"mecenat-de-solidarite";4;0;4
"ressort-territorial";4;0;4
"quartier-elu";4;0;4
"zones-apaisees";4;0;4
"zones-pietonnes";4;0;4
"aerosols-atmospheriques";4;0;4
"montfort-communaute";4;0;4
"nids";4;0;4
"imprimante";3;1;4
"agde";4;0;4
"comptabilisation";4;0;4
"dict";4;0;4
"deltaplane";4;0;4
"odds";4;0;4
"soins-medicaux";4;0;4
"prime-a-linvestissement";3;1;4
"tarifs-dachat";4;0;4
"directeur";4;0;4
"biodechet";3;1;4
"ressource-agricole";4;0;4
"tac";4;0;4
"cepages";4;0;4
"enghienlesbains";4;0;4
"pem";4;0;4
"prae";4;0;4
"protege";4;0;4
"zir";4;0;4
"memoires-des-hommes";4;0;4
"argentre-du-plessis";1;3;4
"bourgbarre";1;3;4
"saint-renan";1;3;4
"noisiel";4;0;4
"carpentras";4;0;4
"parole";4;0;4
"voie-cyclable";4;0;4
"annonce";1;3;4
"pci-vecteur";1;3;4
"arret-de-bus-intra-urbain";4;0;4
"points-de-livraison";4;0;4
"taux-doccupation";3;1;4
"bayonne";4;0;4
"co-construction";4;0;4
"parc-national-des-ecrins";4;0;4
"numerique-inclusif";2;2;4
"aspremont";4;0;4
"captage-deau";4;0;4
"gestion-de-cours-deau";4;0;4
"gonflement-dargile";4;0;4
"perimetre-dexposition";4;0;4
"points-dinterets";4;0;4
"retrait-dargile";4;0;4
"zones-demploi";4;0;4
"bassins-dorage";4;0;4
"rejet-deaux-usees";4;0;4
"zone-dactivite";4;0;4
"clusters";4;0;4
"bresle";4;0;4
"mesure-agro-environnementale";4;0;4
"directrive-2002-49-ce";4;0;4
"mimizan";4;0;4
"transport-exceptionnel";4;0;4
"maisons-des-solidarites";4;0;4
"perpignan";2;2;4
"partition";3;1;4
"gemapi";4;0;4
"r-111-3";4;0;4
"bierne-les-villages";4;0;4
"conseillers-financiers";4;0;4
"expert";3;1;4
"quartiers-priotiraires";4;0;4
"ete";3;1;4
"meteo-france";4;0;4
"data-visualization";0;4;4
"rifseep";4;0;4
"points-dinteret";3;1;4
"espace-nautique";4;0;4
"advocnar";4;0;4
"dotation-budgetaire";4;0;4
"bruitparif";4;0;4
"paysages-et-sites";4;0;4
"moutier";4;0;4
"crdoa";4;0;4
"ispf";4;0;4
"agenda-culturel";4;0;4
"route500";3;1;4
"recherche-scientifique";4;0;4
"la-seinoise";4;0;4
"numericlab";4;0;4
"nlp";1;3;4
"bainville-aux-miroirs";4;0;4
"ecluses";4;0;4
"ile-de-re";4;0;4
"gondreville";4;0;4
"bouxieres-aux-dames";4;0;4
"pei";4;0;4
"arnaville";4;0;4
"bertrichamps";4;0;4
"chenevieres";4;0;4
"crevechamps";4;0;4
"fraimbois";4;0;4
"gelacourt";4;0;4
"glonville";4;0;4
"herimenil";4;0;4
"loisy";4;0;4
"lorey";4;0;4
"mangonville";4;0;4
"mont-sur-meurthe";4;0;4
"neuviller-sur-moselle";4;0;4
"pagny-sur-moselle";4;0;4
"rehainviller";4;0;4
"saint-remimont";4;0;4
"tonnoy";4;0;4
"parcs-dactivites";4;0;4
"privas";3;1;4
"assemblee-deliberante";4;0;4
"consommer-mieux-jeter-moins";4;0;4
"brenntag";4;0;4
"ludres";4;0;4
"seveal";4;0;4
"cda";4;0;4
"cotisation-fonciere-des-entreprises";4;0;4
"taxe-menage";4;0;4
"biodiversite-et-nature";4;0;4
"astuce";4;0;4
"athmospherique";4;0;4
"attestations";1;3;4
"digne-les-bains";3;1;4
"personnel-communal";4;0;4
"beauvais";2;2;4
"sws";4;0;4
"initiactive95";4;0;4
"sorgho";4;0;4
"meunerie";4;0;4
"oleo-proteagineux";4;0;4
"sante-environnement";2;2;4
"marches-en-vifs";4;0;4
"cessions";2;2;4
"cfe";4;0;4
"demographie-des-effectifs";4;0;4
"frequentations";4;0;4
"reclamations";4;0;4
"permanences";4;0;4
"bedoin";4;0;4
"adolescent";4;0;4
"documentaire";4;0;4
"policiers";4;0;4
"topf";4;0;4
"pyrenees";4;0;4
"aerodata";4;0;4
"braconnier";4;0;4
"cab";4;0;4
"electicite";4;0;4
"limite-economie";4;0;4
"map-tour";4;0;4
"ortho2012";4;0;4
"spy";4;0;4
"tile-layer";4;0;4
"tpk";4;0;4
"regimes-speciaux";4;0;4
"conseillere-regionale";4;0;4
"pass-numerique";4;0;4
"dicom";4;0;4
"dlh";4;0;4
"transports-en-commun-haute-garonne";4;0;4
"cavem";4;0;4
"consommation-espace";4;0;4
"nom-de-voie";4;0;4
"numero-de-voirie";4;0;4
"bav";4;0;4
"lieux-de-covoiturage";3;1;4
"rers";4;0;4
"richarmenil";4;0;4
"milieu-marin";4;0;4
"shlmr";4;0;4
"truck";4;0;4
"chemins-inscrits";4;0;4
"tmm";4;0;4
"operation-logement";4;0;4
"plan-doccupation-des-sols-pos";4;0;4
"ecoconception";3;1;4
"esms";4;0;4
"ocs-2-d";4;0;4
"marche-immobilier";1;3;4
"village-vacances";4;0;4
"blablabus";1;3;4
"os";4;0;4
"atlas-etudiants";4;0;4
"fichier-irve-de-bornes-de-recharge";2;2;4
"conseil-economique-et-social";4;0;4
"schema-regional-de-coherence-ecologique-trame-verte-et-bleue";4;0;4
"srce-tvb";4;0;4
"tests";2;2;4
"instagram";4;0;4
"fiches-horaires";4;0;4
"region-des-pays-de-la-loire";4;0;4
"vallees";4;0;4
"scdl-marches";4;0;4
"patrimoine-geologique";4;0;4
"pierreville";4;0;4
"departement-du-calvados";4;0;4
"sondages";3;1;4
"developpement-numerique";4;0;4
"statistics";1;3;4
"reu";4;0;4
"maker";2;2;4
"collecte-enterree";4;0;4
"coproprietes";1;3;4
"renovations-energetiques";4;0;4
"cayenne";3;1;4
"covd-19";1;3;4
"visioconference";3;1;4
"garanties-dorigine";3;1;4
"taux-dimpayes";4;0;4
"carte-deconfinement";0;4;4
"carte-deconfinement-departement";0;4;4
"gresivaudan";4;0;4
"autour-de-moi";0;4;4
"avocats";4;0;4
"test-depistage";0;4;4
"maisons-de-sante";4;0;4
"itineraires-cyclables";4;0;4
"zone-de-restructuration-de-la-defense";4;0;4
"dt";4;0;4
"commune-donnee";4;0;4
"pole-d-equilibre-territorial-et-rural";4;0;4
"topo";4;0;4
"eld";3;1;4
"ecocharge77";4;0;4
"vias";4;0;4
"charging-station";4;0;4
"produit-local";3;1;4
"sectorisation-college";4;0;4
"data-visualisation";0;4;4
"titres-stran";4;0;4
"roche";4;0;4
"carene";4;0;4
"tul";4;0;4
"yeu";4;0;4
"adophe";4;0;4
"educative";4;0;4
"npnru";3;1;4
"pfu";4;0;4
"saa";4;0;4
"sauo";4;0;4
"occupation-espace-public";4;0;4
"cantine-scolaire";4;0;4
"decouvrir-issy";4;0;4
"equipements-et-services";4;0;4
"tousanticovid";3;1;4
"rup";4;0;4
"innovation-ouverte";4;0;4
"taux-emploi";4;0;4
"transition-energetique-et-ecologique";3;1;4
"autres-mobilites";4;0;4
"indicateurs-covid";0;4;4
"petites-villes-de-demain";3;1;4
"nezel";4;0;4
"ival";4;0;4
"courbevoie";4;0;4
"100-education";4;0;4
"action-educative";4;0;4
"experimentation-cantines";4;0;4
"emprises-chantier";4;0;4
"equipement-de-proximite";4;0;4
"bot-twitter";1;3;4
"centre-vaccination";0;4;4
"bot";1;3;4
"vaccinodromes";1;3;4
"formation-education-et-emploi";3;1;4
"france-relance";3;1;4
"site-patrimoine-remarquable";4;0;4
"autoconsommation-collective";3;1;4
"actes-detat-civil";3;1;4
"carrieres-ss-poissy";4;0;4
"datactivist";2;2;4
"armentieres";4;0;4
"ministere-de-la-culture";4;0;4
"qualite-alimentaire";4;0;4
"thermal";4;0;4
"39-45";4;0;4
"comcom";4;0;4
"dgas";4;0;4
"secteur-scolaire";4;0;4
"trottinette";4;0;4
"pln";4;0;4
"dossier-de-location";2;2;4
"dossierfacile";2;2;4
"rodez-agglomeration";4;0;4
"rayon-10-km";0;4;4
"confinement-10-km";0;4;4
"200010049";4;0;4
"syndicat-mixte-gironde-numerique";4;0;4
"mensuel-de-lelectricite";4;0;4
"ccmacs";4;0;4
"station-essence-proximite";0;4;4
"capb";4;0;4
"aire-influence-paysagere";4;0;4
"renovation-thermique";3;1;4
"projet-municipal";4;0;4
"pedopaysage";4;0;4
"proprietaire-morale";2;2;4
"recensement-de-la-population";4;0;4
"5g";4;0;4
"fdp";4;0;4
"stationstaxi";4;0;4
"undefined";4;0;4
"ministere-de-la-justice";4;0;4
"bassins-de-lecture";4;0;4
"marche-2020";4;0;4
"temps-theoriques";4;0;4
"europe-international";4;0;4
"cartofriches";1;3;4
"perimetres-electoraux";4;0;4
"ingenierie";4;0;4
"personne-agee-1";4;0;4
"geoserver";4;0;4
"activites-culturelles";3;1;4
"biogeographiques";4;0;4
"musees-departementaux";4;0;4
"herriko";4;0;4
"herriko-ogia";4;0;4
"pain";4;0;4
"fairemescourses-fr";0;4;4
"point-dindice";3;1;4
"ligne-h";4;0;4
"ecosystem-structure-ecosystem-extent-and-fragmentation";4;0;4
"ecosystem-structure-habitat-structure";4;0;4
"exoplanet";4;0;4
"hydrogeophysics";4;0;4
"energies-non-renouvelables";4;0;4
"inventaire-des-productions-denergie";4;0;4
"productions-denergie-primaires";4;0;4
"cerises";4;0;4
"xapata";4;0;4
"organismes-dassurances-prives";4;0;4
"label-architecture-contemporaine-remarquable";4;0;4
"contrat-relance";4;0;4
"spp";3;1;4
"durees-validees";4;0;4
"catchment-area";4;0;4
"allocataires-de-lassurance-chomage";4;0;4
"palatinat";4;0;4
"sin-dni";4;0;4
"aides-menageres";4;0;4
"familles-de-brevets";4;0;4
"drought";4;0;4
"biognc";4;0;4
"politique-des-quartiers";4;0;4
"assistance-technique";4;0;4
"sainte-baume";4;0;4
"accueil-par-des-particuliers";4;0;4
"espace-public-et-proprete";4;0;4
"numero-adresse";4;0;4
"age-depart";4;0;4
"environnement-et-gestion-des-risques";4;0;4
"ingenierie-territoriale";4;0;4
"systeme-de-soins";4;0;4
"cour-dappel";4;0;4
"13e";4;0;4
"paris-2024";4;0;4
"metals";4;0;4
"patent-applications";4;0;4
"revolution";4;0;4
"carriere-complete";4;0;4
"hydrants";4;0;4
"pension-brute";4;0;4
"place-de-parking";4;0;4
"tarifs-ventes";4;0;4
"tic-barometre-etude-technologie-numerique";4;0;4
"beneficiaires-pch";4;0;4
"famille-daccueil";4;0;4
"culture-scientifique";4;0;4
"lutte-contre-lincivisme";4;0;4
"pension-dinvalidite";4;0;4
"beneficiaires-ash";4;0;4
"csg";4;0;4
"cheminement-pieton";4;0;4
"referentiel-topographique";4;0;4
"depenses-actp";4;0;4
"ecaa";4;0;4
"beneficiaires-de-minima-sociaux-et-de-la-prime-dactivite";4;0;4
"vad";4;0;4
"equipement-de-sante";4;0;4
"assainissement-urbain";4;0;4
"transfrontiere";4;0;4
"carbon-cycle";4;0;4
"pouvoir-dachat";1;3;4
"phytoplankton";4;0;4
"consommation-despaces";4;0;4
"polyvalente";4;0;4
"trafics";4;0;4
"entrees-archives";4;0;4
"numero-dadressage";4;0;4
"services-publics-plus";3;1;4
"rse-responsabilite-societale-des-entreprises";4;0;4
"titulaire";4;0;4
"eac";4;0;4
"argenton-sur-creuse";4;0;4
"proces-verval";4;0;4
"adullact";3;1;4
"beneficaires-actp";4;0;4
"liste-des-deliberations";4;0;4
"regime-daffiliation";4;0;4
"evian";4;0;4
"mediterranean-forest";4;0;4
"location-de-voiture";4;0;4
"amenagement-du-territoire-schema-du-developpement-territorial-de-la-grande-region";4;0;4
"emploi-frontaliers-soins-evolution";4;0;4
"demographie-population-totale";4;0;4
"occupation-des-sols-corine-land-cover";4;0;4
"administration-limites";4;0;4
"energie-renouvelable-potentiel-surfaces-agricoles-photovoltaique-integre";4;0;4
"bevolkerung-dichte";4;0;4
"dfhi-isfates-formations-transfrontalieres-management";4;0;4
"unigr-formations-transfrontalieres-sciences-sociales-commerce-droit";4;0;4
"demographie-population-agee-de-65-ans-et-plus";4;0;4
"transports-accessibilite-des-poles-superieurs";4;0;4
"marche-du-travail-frontaliers-dans-le-domaine-des-soins";4;0;4
"facteur-4";4;0;4
"hauteurs";4;0;4
"mers";4;0;4
"demographie-et-population";4;0;4
"elevations";4;0;4
"rtm";4;0;4
"1680";3;0;3
"20cm";3;0;3
"64-432-cee";3;0;3
"a9";3;0;3
"abords";2;1;3
"absentes";3;0;3
"absolu";3;0;3
"acceder";3;0;3
"acces-aux-origines";3;0;3
"acces-soin";1;2;3
"accompagnateur";2;1;3
"accord de gestion concertÃ©e";3;0;3
"accord-collectif";1;2;3
"acquisition";3;0;3
"action-en-justice";3;0;3
"action-internationale";3;0;3
"activite-liberale";1;2;3
"activite-mixte";1;2;3
"activite-salariee";1;2;3
"actualite-de-la-vie-publique";1;2;3
"adresse-cinema";1;2;3
"adulte";3;0;3
"aeronef";2;1;3
"aeronefs";2;1;3
"afpa";2;1;3
"agenda 21";3;0;3
"agglomÃ©rations";3;0;3
"agregees";3;0;3
"agricoles";1;2;3
"agriculteurs";2;1;3
"aide et soin a domicile";3;0;3
"aide-a-la-pierre";3;0;3
"aide-sociale-a-l-enfance";3;0;3
"aides-a-la-presse";2;1;3
"ajustees";3;0;3
"album";3;0;3
"alimentaires";2;1;3
"allocation-pour-adultes-handicapes";3;0;3
"altimÃ©trie";3;0;3
"alzheimer";3;0;3
"am-08-06-06";3;0;3
"ambassades";2;1;3
"amende";2;1;3
"americains";3;0;3
"annes";3;0;3
"annuaire-des-structures";2;1;3
"annuite";2;1;3
"antenne sociale";3;0;3
"appliques";3;0;3
"arbres-d-alignement";3;0;3
"arbuste";3;0;3
"arch";3;0;3
"argile";3;0;3
"arret-d-autobus";3;0;3
"art contemporain";2;1;3
"asie";2;1;3
"assurance maladie";3;0;3
"assurance-vie";3;0;3
"assurance-vieillesse";2;1;3
"atmospheriques";3;0;3
"audiovisuel-public";3;0;3
"autonomes";3;0;3
"autotrement";2;1;3
"autres-biens-medicaux";3;0;3
"avancement";3;0;3
"aveugle";2;1;3
"bassin-hydrographique";3;0;3
"bibliothÃ¨que nationale";3;0;3
"bicloo";3;0;3
"bien-Ãªtre";3;0;3
"biens";2;1;3
"biens culturels";3;0;3
"boule";3;0;3
"bourses";3;0;3
"bovin";3;0;3
"brent";2;1;3
"brevet-en-vigueur";2;1;3
"brut";2;1;3
"brute";1;2;3
"burkina-faso";3;0;3
"cabinet";2;1;3
"cales";3;0;3
"camera";2;1;3
"cantonale";1;2;3
"capital-risque";3;0;3
"caprins";3;0;3
"caractere";3;0;3
"cas";2;1;3
"catÃ©gorie socioprofessionnelle";2;1;3
"ccit";1;2;3
"central";3;0;3
"centrales";3;0;3
"centre-medico-social";3;0;3
"champions";3;0;3
"charbon";2;1;3
"chateaux";3;0;3
"chronologie";1;2;3
"chypre";3;0;3
"cigarette-electronique";2;1;3
"cigarettes";3;0;3
"cityssimo";2;1;3
"classe-particuliere";3;0;3
"classiques";3;0;3
"client";2;1;3
"cmu-base";3;0;3
"cnccfp";2;1;3
"cnop";2;1;3
"codÃ©veloppement";3;0;3
"coefficients";2;1;3
"colis";3;0;3
"collegien";3;0;3
"commande publique";2;1;3
"communaux";2;1;3
"communs";3;0;3
"comparer";1;2;3
"complement";3;0;3
"composants";3;0;3
"composes";3;0;3
"composition-des-aliments";1;2;3
"comptes de campagne";2;1;3
"conditionnement";2;1;3
"conditions-de-travail";3;0;3
"confere";3;0;3
"configuration";3;0;3
"confort";2;1;3
"confÃ©rence";2;1;3
"connectivite";3;0;3
"connues";3;0;3
"consolidation";2;1;3
"consulats";3;0;3
"contacts";3;0;3
"conversion";1;2;3
"coopÃ©ration bilatÃ©rale";3;0;3
"coopÃ©ration internationale";3;0;3
"coordonnees-geographique";2;1;3
"coques";3;0;3
"cotefe";2;1;3
"cotieres";3;0;3
"courants";2;1;3
"court";2;1;3
"creation-entreprise";3;0;3
"croise";3;0;3
"croisements";2;1;3
"crÃ©dit";3;0;3
"cvt";3;0;3
"d-activite";3;0;3
"d-exclusion";3;0;3
"dangereux";2;1;3
"debarques";3;0;3
"debordement";3;0;3
"dechargees";3;0;3
"dechets-collecte-traitement-et-elimination";1;2;3
"decile";1;2;3
"decoupageelectoral";3;0;3
"decrets";2;1;3
"deflate";3;0;3
"delegations";3;0;3
"delivrance";2;1;3
"delivres";3;0;3
"demandes";2;1;3
"demarche-participative";3;0;3
"denivele";3;0;3
"densite-medicale";2;1;3
"dentaire";2;1;3
"dentiste";2;1;3
"depart";3;0;3
"depense-de-fonctionnement";3;0;3
"depense-de-sante";1;2;3
"depot-bancaire";3;0;3
"depression";2;1;3
"derniere";2;1;3
"destination";2;1;3
"detail";3;0;3
"developper";3;0;3
"dia";3;0;3
"differentes";3;0;3
"dirigeants";2;1;3
"disparites";2;1;3
"dispositif";3;0;3
"distance";1;2;3
"distinctifs";3;0;3
"distribution-gaz";1;2;3
"divorces";1;2;3
"divortialite";3;0;3
"donnees-juridiques";1;2;3
"donneesociodemographique";1;2;3
"dossiers";3;0;3
"droits-fondamentaux";1;2;3
"duquel";3;0;3
"dÃ©veloppement";3;0;3
"dÃ©veloppement local";3;0;3
"dÃ©veloppement solidaire";3;0;3
"e-learning";2;1;3
"e-sante";1;2;3
"echeance";3;0;3
"ecloseries";3;0;3
"ecole-ecoleprimaire";2;1;3
"economie-solidaire";3;0;3
"ecopoint";3;0;3
"ecrans";1;2;3
"educatif";2;1;3
"effluents";3;0;3
"element";3;0;3
"elu-local";3;0;3
"embarques";3;0;3
"employes";3;0;3
"employeurs";3;0;3
"emprise-au-sol";3;0;3
"engagements";3;0;3
"enquete-menages-deplacements";3;0;3
"enregistrees";3;0;3
"enseignante";3;0;3
"entretien-routier";3;0;3
"enumerees";3;0;3
"environnementales";3;0;3
"envois";2;1;3
"equivalent";3;0;3
"ermd";3;0;3
"espaces naturels";3;0;3
"espaces-et-territoires";3;0;3
"espacevert";3;0;3
"espagne";3;0;3
"estimations-localisees-de-population";1;2;3
"etablissement-sante";1;2;3
"etablissements-agrees-ce";2;1;3
"etalage";3;0;3
"etant";3;0;3
"etaq";2;1;3
"etat-de-sante";3;0;3
"etat-major";3;0;3
"eu-ets";3;0;3
"europeenes";2;1;3
"europeenne-regionale";1;2;3
"eurozone";3;0;3
"evreux";1;2;3
"exception";3;0;3
"exercice-liberal";2;1;3
"exhaustivite";3;0;3
"experience";3;0;3
"exploitant-agricole";3;0;3
"exploitations";1;2;3
"exports";1;2;3
"exprimees";3;0;3
"extraction";3;0;3
"facteur";3;0;3
"facturation";3;0;3
"faits constatÃ©s";1;2;3
"famille-monoparentale";3;0;3
"fauteuils";2;1;3
"fecondite";3;0;3
"ferraille";3;0;3
"ferroviaires";3;0;3
"fertilisation";3;0;3
"filiere-medico-sociale";3;0;3
"filles";1;2;3
"fins";3;0;3
"fixes";3;0;3
"flux migratoire";3;0;3
"fonciere";3;0;3
"forces";3;0;3
"formel";3;0;3
"forte";3;0;3
"fournissent";3;0;3
"fsl";3;0;3
"futur";2;1;3
"garcons";1;2;3
"gare-ferroviere";2;1;3
"gas";3;0;3
"gazes";3;0;3
"geants";3;0;3
"gelatine";3;0;3
"gestion-budgetaire";3;0;3
"gibiers-sauvage";3;0;3
"glace";3;0;3
"globalisation";1;2;3
"gn";2;1;3
"gouv";2;1;3
"grandeur";2;1;3
"grenouilles";2;1;3
"groupes";3;0;3
"guerre 14-18";2;1;3
"guide-d-information";2;1;3
"gynecologue";2;1;3
"habitudes";2;1;3
"harmonisees";3;0;3
"hebergement-temporaire";3;0;3
"hommes-femmes";2;1;3
"horticulture";3;0;3
"hospitalise";1;2;3
"huit";3;0;3
"humiditÃ©";3;0;3
"hÃ´pitaux";1;2;3
"imc";1;2;3
"immigrÃ©s";1;2;3
"implantations";3;0;3
"import";2;1;3
"importantes";3;0;3
"imposition";1;2;3
"incineration";3;0;3
"independant";3;0;3
"indicateur de";1;2;3
"indicateur de valeur ajoutÃ©";1;2;3
"indice-de-pollution";1;2;3
"individuelles";2;1;3
"influencant";3;0;3
"info-trafic";1;2;3
"input";3;0;3
"instance";3;0;3
"instrument-de-musique";3;0;3
"intensite-technologique";3;0;3
"inter-entreprises";3;0;3
"inter_region_de_recherche_clinique";3;0;3
"interet-de-l-enfant";3;0;3
"interets";3;0;3
"intersections";3;0;3
"intervention-sociale";3;0;3
"investissement-regional";2;1;3
"invoquees";3;0;3
"isolation";2;1;3
"issy-les-moulienaux";1;2;3
"jardin-botanique";3;0;3
"jauge";3;0;3
"jep";3;0;3
"jeu-video";3;0;3
"journee";2;1;3
"jours";3;0;3
"justice-administrative";2;1;3
"justice-de-proximite";1;2;3
"justice-penale";2;1;3
"langues";3;0;3
"leves";3;0;3
"lfs";3;0;3
"libellees";3;0;3
"liberte";3;0;3
"ligneux";3;0;3
"lisier";3;0;3
"liste-cinema";1;2;3
"livre-ancien";3;0;3
"logement-foyer";3;0;3
"logistique";3;0;3
"longitude";3;0;3
"longtemps";3;0;3
"lors";3;0;3
"luxembourg";2;1;3
"macon";2;1;3
"maintien-a-domicile";3;0;3
"maison-de-quartier";3;0;3
"maison-retraite";3;0;3
"marketing";1;2;3
"masse salariale";2;1;3
"masseur-kinesitherapeute";3;0;3
"materiel-roulant";3;0;3
"menacee";3;0;3
"menacees";3;0;3
"metal";1;2;3
"migration";3;0;3
"million";3;0;3
"minima";3;0;3
"ministerielle";1;2;3
"mod mÃ©canique";3;0;3
"modÃ©lisation numÃ©rique";3;0;3
"mÃ©nage";3;0;3
"nabs";3;0;3
"nation";3;0;3
"naturelle";2;1;3
"naturelles";3;0;3
"neet";3;0;3
"noire";3;0;3
"nominal";3;0;3
"nominale";3;0;3
"non-consolide";3;0;3
"non-dangereux";2;1;3
"non-participation";3;0;3
"nuitee";3;0;3
"nuptialite";3;0;3
"nurseries";3;0;3
"obligation";2;1;3
"occitan";3;0;3
"ocean";2;1;3
"oma";1;2;3
"opendata71";1;2;3
"organisation-familiale";3;0;3
"organisationnelle";3;0;3
"organismes-publics";2;1;3
"orthophoniste";3;0;3
"orthoptiste";3;0;3
"otan";1;2;3
"ouvrage-hydraulique";3;0;3
"ovin";3;0;3
"pacifique";3;0;3
"parc automobile";3;0;3
"parites";3;0;3
"parking-ouvrage";3;0;3
"parlement-europeen";3;0;3
"participants";3;0;3
"particules-fines";3;0;3
"partie-poitique";2;1;3
"passagers";3;0;3
"pathologie";2;1;3
"payer";3;0;3
"pays tiers";3;0;3
"pediatre";1;2;3
"percu";3;0;3
"percue";3;0;3
"pere";3;0;3
"periodiques";3;0;3
"permisdeconstruire";1;2;3
"persistant";3;0;3
"personnelle";3;0;3
"personnes-agees-dependantes";3;0;3
"pertes";3;0;3
"pge";3;0;3
"pharmacien";2;1;3
"phosphore";2;1;3
"pieces";1;2;3
"pistes cyclables";3;0;3
"plan-d-eau";3;0;3
"plan-de-formation";3;0;3
"plan-departemental";3;0;3
"plantes-ligneuses";3;0;3
"plate-forme";3;0;3
"plde";3;0;3
"pmsi";3;0;3
"pn";3;0;3
"poker";2;1;3
"pole emploi";2;1;3
"politique publique";3;0;3
"politique-de-defense";1;2;3
"politique-de-l-eau";1;2;3
"politique-familiale";2;1;3
"ponderation";3;0;3
"ponderee";3;0;3
"porcin";3;0;3
"porte-parole";3;0;3
"portee";3;0;3
"portefeuille";3;0;3
"positions";3;0;3
"possedant";3;0;3
"possibilites";3;0;3
"possibles";3;0;3
"poulets";3;0;3
"pouvoir";1;2;3
"pouvoir-local";3;0;3
"ppm";3;0;3
"pra";3;0;3
"praticien-hospitalier";1;2;3
"pre-elementaire";3;0;3
"precedent";3;0;3
"prelevement-d-eau";3;0;3
"prematurement";3;0;3
"prescolaire";3;0;3
"pressions";2;1;3
"prestation sociale";3;0;3
"prets-emprunts";3;0;3
"prevalences";3;0;3
"prevention-sante";3;0;3
"prevention-specialisee";3;0;3
"produits-culturels";3;0;3
"professionel-de-sante";2;1;3
"professionnelle";3;0;3
"professionnelles";3;0;3
"professionnels de santÃ©";3;0;3
"projet de dÃ©veloppement";3;0;3
"propositions politiques";1;2;3
"protection-du-patrimoine";2;1;3
"protection-judiciaire-de-la-jeunesse";3;0;3
"prÃ©caritÃ©";3;0;3
"prÃ©sidentielles";3;0;3
"prÃ©vention";3;0;3
"prÃ©visions mÃ©tÃ©o";3;0;3
"pva";3;0;3
"qualite-de-l-eau";2;1;3
"qualiville";3;0;3
"quantile";3;0;3
"quantites";3;0;3
"quartier-decoupage";3;0;3
"quasi-monnaie";3;0;3
"quotidiens";3;0;3
"ra";3;0;3
"randonnÃ©es";3;0;3
"rapide";3;0;3
"readaptation";3;0;3
"realisant";3;0;3
"recent";3;0;3
"recouvrement";3;0;3
"recu";3;0;3
"recyclable";3;0;3
"regulierement";3;0;3
"reliee";3;0;3
"remboursement";1;2;3
"remplacement";3;0;3
"rendements";2;1;3
"representations";3;0;3
"requalification";3;0;3
"residentiels";3;0;3
"residents";1;2;3
"ressortissants";3;0;3
"ressource-energetique";3;0;3
"rester";3;0;3
"restriction";3;0;3
"retire";3;0;3
"revenu disponible brut";1;2;3
"revenu national";1;2;3
"rgl";2;1;3
"risque-sanitaire";1;2;3
"rvolues";3;0;3
"salles cinÃ©ma";3;0;3
"sante-autonomie";3;0;3
"satellite-photographie-montepllier";2;1;3
"savoir";3;0;3
"saÃ´ne-et-loire";1;2;3
"scrapping";3;0;3
"sejours-hospitaliers";3;0;3
"selection";1;2;3
"semestriels";3;0;3
"serieux";3;0;3
"service-deconcentre";3;0;3
"sessad";3;0;3
"seuils";3;0;3
"signes";3;0;3
"sipperec";2;1;3
"sitadel2";1;2;3
"site internet";2;1;3
"slovenie";3;0;3
"soins-de-suite";3;0;3
"soiree";2;1;3
"solides";3;0;3
"sombre";3;0;3
"sorties-loisir";1;2;3
"source-d-energie-renouvelable";2;1;3
"sourcing";2;1;3
"sous-sections";3;0;3
"soutien";3;0;3
"sp95";2;1;3
"specialiste";3;0;3
"specialite-medicale";2;1;3
"spectateurs";3;0;3
"ssr";3;0;3
"stationnement-places";1;2;3
"stations-services";2;1;3
"subvention municipale";3;0;3
"sud-ouest";3;0;3
"superficie-agricole-utilisee";3;0;3
"superieure";3;0;3
"surface-en-herbe";3;0;3
"surveillance-epidemiologique";3;0;3
"suvention";3;0;3
"systeme-economique";3;0;3
"tabagisme";2;1;3
"taxation";1;2;3
"temple";3;0;3
"temporaire";3;0;3
"terre-labourable";2;1;3
"terres";2;1;3
"terrestre";2;1;3
"tetes";3;0;3
"textiles";3;0;3
"thÃ©Ã¢tres";1;2;3
"tires";3;0;3
"top";2;1;3
"toucher";3;0;3
"touristiques";3;0;3
"trait de cote";1;2;3
"traitees";3;0;3
"trans";2;1;3
"transit";2;1;3
"transport-malade";3;0;3
"trolley";3;0;3
"trop";3;0;3
"trouvant";3;0;3
"truies";3;0;3
"tvs";3;0;3
"unies";3;0;3
"urbaine-rurale";3;0;3
"utilisation-rationnelle-de-l-energie";2;1;3
"utilitÃ© publique";2;1;3
"vague";1;2;3
"valeur-ajoutee";3;0;3
"venerables";3;0;3
"verdure";3;0;3
"vergers";3;0;3
"veterans";3;0;3
"veterinaire";2;1;3
"viabilite";3;0;3
"victimes";3;0;3
"videoprotectioncamerasprotection-des-citoyensprotection-des-bienssecuriteprefecture-de-police";1;2;3
"vih";2;1;3
"villages-de-france";1;2;3
"vkm";3;0;3
"vod";3;0;3
"voierie-departementale";3;0;3
"vÃ©hicules";1;2;3
"wallis-et-futuna";3;0;3
"zone-agricole";3;0;3
"Ã©cart de salaire";1;2;3
"Ã©conomie sociale et solidaire";1;2;3
"Ã©lu";3;0;3
"Ã©lues";1;2;3
"Ã©lus municipaux";1;2;3
"Ã©lÃ©ctions";3;0;3
"Ã©quipement-sportif";1;2;3
"plaque adresse";0;3;3
"transition Ã©nergÃ©tique";1;2;3
"64-432-CEE";3;0;3
"88-407-CEE";3;0;3
"Abattoirs";3;0;3
"Animaux-domestiques";3;0;3
"Boucherie";3;0;3
"Centre-de-collecte";3;0;3
"Oeufs";3;0;3
"Restauration-collective";3;0;3
"sxcuritx-sanitaire";3;0;3
"vidÃ©oprotection";1;2;3
"accÃ¨s";3;0;3
"biere";2;1;3
"credit auto";2;1;3
"pret auto";2;1;3
"simulation credit auto";2;1;3
"adp";2;1;3
"competence-territoriale";3;0;3
"mydataball";2;1;3
"hadoop";0;3;3
"activitÃ©s";2;1;3
"biatss";3;0;3
"accreditation";3;0;3
"enseignement supÃ©rieur recherche";2;1;3
"jeux vidÃ©o";3;0;3
"histogramme";1;2;3
"antennes relais";0;3;3
"hÃ´pital";2;1;3
"tÃ©lÃ©transmis";3;0;3
"Ã©lectronique";3;0;3
"boire";3;0;3
"hers";3;0;3
"segment";3;0;3
"b2b";0;3;3
"arboriculture";3;0;3
"ald";2;1;3
"ciqual";0;3;3
"terrain-de-football";2;1;3
"pin";2;1;3
"gpe";3;0;3
"carrelage";2;1;3
"comue";3;0;3
"ipad";0;3;3
"homme-femme";1;2;3
"lpp";2;1;3
"rÃ©munÃ©ration";2;1;3
"collÃ¨ges";2;1;3
"issytv";2;1;3
"squares";3;0;3
"aide mÃ©nagÃ¨re";3;0;3
"dejections-canines";3;0;3
"donnee-environnementale";3;0;3
"mise-en-valeur";3;0;3
"publicwifipoitiers";3;0;3
"secteurs-constructibles";3;0;3
"fonds solidaritÃ© Ã©nergie";3;0;3
"balisette";3;0;3
"ventouse";3;0;3
"accueil collectif de la petite enfance";3;0;3
"crÃ¨ches dÃ©partementales";3;0;3
"bÃ©nÃ©ficiaire";3;0;3
"cdt";3;0;3
"couloirs";3;0;3
"parcs dÃ©partementaux";3;0;3
"c3";2;1;3
"service-d-incendie";3;0;3
"sacem";2;1;3
"d-9-questions-sanitaires";3;0;3
"surveillance-sanitaire";3;0;3
"cartographie-d-habitats";3;0;3
"eunis";3;0;3
"habitats-physiques";3;0;3
"milieu-physique-habitats-physiques";3;0;3
"Ã©lections municipales 2008";3;0;3
"edater";0;3;3
"bassins";3;0;3
"eau-de-baignade";2;1;3
"lutte-contre-les-inondations";3;0;3
"mobilite-transport-autres";3;0;3
"navigation-maritime";2;1;3
"organisation-territoriale";3;0;3
"pompage";3;0;3
"pprm";3;0;3
"reseau-energie-divers";3;0;3
"routes-nationales";2;1;3
"sgar";3;0;3
"siredo";3;0;3
"sources-d-energie";3;0;3
"zone-de-chalandise";2;1;3
"cgu";3;0;3
"rcp";2;1;3
"TER";3;0;3
"VÃ©lo";3;0;3
"cave";3;0;3
"cimetiÃ¨res";3;0;3
"croisement";3;0;3
"gÃ©ographie";2;1;3
"point adresse";3;0;3
"transport en commun";3;0;3
"vÃ©gÃ©tation";3;0;3
"ajaccien";3;0;3
"ajaccio";2;1;3
"chrs";3;0;3
"viti-vinicole";1;2;3
"schengen";3;0;3
"reforme-des-retraites";3;0;3
"paris-beer-week";3;0;3
"commerce extÃ©rieur";3;0;3
"budget-2014";3;0;3
"zone-naturelle";3;0;3
"gÃ©ocodage";0;3;3
"amenagement-numerique-du-territoire";3;0;3
"enseignement Ã©lÃ©mentaire";3;0;3
"programme enseignement";3;0;3
"Ã©cole maternelle";3;0;3
"amenagement-urbanisme-zonages-etude";3;0;3
"hydrocarbures";3;0;3
"impact-sur-l-environnement";3;0;3
"onema-rhone-alpes";3;0;3
"amenagement-numerique-des-territoires";3;0;3
"nature-paysage-biodiversite-inventaire-paysage";3;0;3
"seances-publiques";3;0;3
"transports-infrastructure-aerien";3;0;3
"champs-de-tir";3;0;3
"culture-societe-service-enseignement";3;0;3
"desserte-forestiere";3;0;3
"ac-1";3;0;3
"ac-2";3;0;3
"aerodromes";3;0;3
"bray-sur-somme";3;0;3
"conseillers-regionaux";2;1;3
"el-7";3;0;3
"ppri-de-la-vallee-de-la-somme";3;0;3
"ppri-de-la-vallee-de-la-somme-et-de-ses-affluents";3;0;3
"risque-de-mouvement-de-terrain";3;0;3
"t-5";3;0;3
"predation";3;0;3
"buzet-sur-baise";3;0;3
"castelculier";3;0;3
"lauzun";3;0;3
"lavardac";3;0;3
"saint-nicolas-de-la-balerme";3;0;3
"saint-sylvestre-sur-lot";3;0;3
"saint-vite";3;0;3
"mouillages";3;0;3
"regroupement-territorial-inclut-tous-groupements-communaux-et-urbains";3;0;3
"habitat-politique-de-la-ville-accession-a-la-propriete";3;0;3
"risque-avalanche";3;0;3
"wetland";3;0;3
"cabas-loumasses";3;0;3
"cadeillan";3;0;3
"catonvielle";3;0;3
"cazaux-saves";3;0;3
"cologne";3;0;3
"condom";3;0;3
"cuelas";3;0;3
"endoufielle";3;0;3
"fleurance";3;0;3
"garravet";3;0;3
"isle-arne";3;0;3
"isle-jourdain";3;0;3
"lamaguere";3;0;3
"laymont";3;0;3
"maravat";3;0;3
"marsan";3;0;3
"maurens";3;0;3
"miradoux";3;0;3
"mirepoix";3;0;3
"monblanc";3;0;3
"moncorneil-grazan";3;0;3
"monferran-saves";3;0;3
"mongausy";3;0;3
"mont-d-astarac";3;0;3
"montamat";3;0;3
"montiron";3;0;3
"nom-de-commune";3;0;3
"nom-de-la-commune";3;0;3
"zad";3;0;3
"pauvretÃ©";2;1;3
"habitat-politique-de-la-ville-renovation";3;0;3
"riviere-saas-et-gourby";3;0;3
"zonage-a-risque-naturel";3;0;3
"amii";3;0;3
"point-d-apport-volontaire";3;0;3
"activitÃ©s sportives";2;1;3
"animaux errants";3;0;3
"chats";3;0;3
"bases-de-loisirs";3;0;3
"complexes-sportifs";3;0;3
"dechets-recyclables";3;0;3
"locaux-techniques";3;0;3
"passerelles";3;0;3
"reseau-de-chauffage";3;0;3
"stations-epuration";3;0;3
"tombes";3;0;3
"u-v-e";3;0;3
"auberge de jeunesse";3;0;3
"gÃ®te";3;0;3
"taxe de sÃ©jour";3;0;3
"maternitÃ©";3;0;3
"mÃ¨re";3;0;3
"paternitÃ©";3;0;3
"reseau-pluvial";3;0;3
"achats publics";2;1;3
"avantages en nature";3;0;3
"tam";3;0;3
"destinations-touristiques";3;0;3
"randonneurs";3;0;3
"urbanisme-et-foncier-foncier-et-droit-des-sols";3;0;3
"aires-urbaines";3;0;3
"legislation-en-matiere-de-ressources-en-eau";3;0;3
"parc-locatif-social";3;0;3
"projets-connus-etude-d-impact-autorite-environnementale-avis-de-l-autorite-environnementale-poitou-charentes-charente-ch";3;0;3
"zonages-risques-technologiques";3;0;3
"voyance gratuite amour";3;0;3
"filaires";3;0;3
"limeil-brevannes";2;1;3
"contrainte-une-prescription-qui-se-superpose-a-une-zone-du-document-d-urbanisme-exerce-en-general-une-contrainte-supplem";3;0;3
"plan-de-deplacement-urbain";3;0;3
"aides-fiscales";3;0;3
"ecole-de-conduite";1;2;3
"gare-ferroviaire";2;1;3
"installation-dangereuse";3;0;3
"logement-locatif";3;0;3
"mobilite-transport-transport-ferroviaire";3;0;3
"parc-prive";3;0;3
"plafond-de-loyer";3;0;3
"production-d-energie";3;0;3
"production-d-energie-electrique";3;0;3
"protection-des-especes";3;0;3
"risques-et-securite-risques-sanitaires";3;0;3
"scellier";3;0;3
"zone-tendue";2;1;3
"zones-de-revitalisation-rurale";3;0;3
"port-louis";3;0;3
"riantec";3;0;3
"adour";3;0;3
"anguille";2;1;3
"intercommunal";3;0;3
"parcs-naturels-marins";3;0;3
"parcs-naturels-regionaux";3;0;3
"pnm";3;0;3
"reserves-naturelles-nationales";3;0;3
"schema-de-coherence-territorial";3;0;3
"zone-active";3;0;3
"Ã©quipements sportifs";0;3;3
"reseau-de-telecommunication";3;0;3
"pouvoir-d-achat";2;1;3
"foret-milieu-vegetal";3;0;3
"pathologie-vegetale";3;0;3
"conseil-d-etat";2;1;3
"aigneville";3;0;3
"ailly-sur-somme";3;0;3
"argoeuvre";3;0;3
"beauchamps";3;0;3
"bernaville";3;0;3
"bertangles";3;0;3
"bettencourt-saint-ouen";3;0;3
"bonneville";3;0;3
"bouttencourt";3;0;3
"boves";3;0;3
"brutelles";3;0;3
"chepy";3;0;3
"curlu";3;0;3
"dargnies";3;0;3
"dreuil-les-amiens";3;0;3
"fouilloy";3;0;3
"gouvernance-de-l-eau-politique-publique-gestion-integree";3;0;3
"guyencourt-sur-noye";3;0;3
"la-chaussee-tirancourt";3;0;3
"lancheres";3;0;3
"long";3;0;3
"moilains";3;0;3
"mons-boubert";3;0;3
"morlancourt";3;0;3
"pende";3;0;3
"rainneville";3;0;3
"sailly-flibeaucourt";3;0;3
"sains-en-amienois";3;0;3
"saint-sauveur";3;0;3
"senlis-le-sec";3;0;3
"usage-de-sols";3;0;3
"vers-sur-selles";3;0;3
"villers-carbonnel";3;0;3
"woignarue";3;0;3
"woincourt";3;0;3
"znt";3;0;3
"skos";1;2;3
"code de la route";0;3;3
"mats";3;0;3
"protection-de-la-faune-et-de-la-flore";3;0;3
"prÃ©cipitations";3;0;3
"anomalie de prÃ©cipitations";3;0;3
"Consommation";3;0;3
"ajpp";3;0;3
"allocataire";3;0;3
"amplitude";3;0;3
"attente";2;1;3
"personnes-couvertes";3;0;3
"refoulement";3;0;3
"alertes";2;1;3
"zones-reglementees";3;0;3
"dÃ©lits";2;1;3
"besoin-en-main-d-oeuvre";1;2;3
"creuse";2;1;3
"haute-vienne";2;1;3
"amenagement-urbanisme-politique-europeenne";3;0;3
"foret-transformation";3;0;3
"redynamisation";1;2;3
"retenue";3;0;3
"Ã©tudiants";3;0;3
"2014-0";3;0;3
"copernicus";2;1;3
"peps";3;0;3
"cop21";1;2;3
"Comptage";3;0;3
"QualitÃ© de l'air";3;0;3
"Histoire";3;0;3
"Transilien";3;0;3
"choroplethe";0;3;3
"brigades";3;0;3
"isopaques";3;0;3
"milieu-physique-geologie-sedimentologie-isopaques";3;0;3
"milieu-physique-geologie-sedimentologie-ressources-minerales";3;0;3
"morphologie";3;0;3
"lexique";3;0;3
"sobriete";2;1;3
"webgl";0;3;3
"plouharnel";3;0;3
"cote-de-trestel-a-paimpol-estuaires-du-trieux-et-du-jaudy-archipel-de-brehat-et-tregor-goelo";3;0;3
"estuaire-de-l-aulne";3;0;3
"golfe-du-morbihan";3;0;3
"herbier";3;0;3
"mangrove";3;0;3
"rade-de-brest";3;0;3
"sept-iles";3;0;3
"zone-intertidale";3;0;3
"france-bretagne-finistere-pays-de-morlaix-morlaix-baie-de-morlaix";3;0;3
"habitat-intertidal-typologie-natura-2000-cartographie-cahier-d-habitats-estran";3;0;3
"fresnes";0;3;3
"aire-alimentation-captage";3;0;3
"lecteurs";3;0;3
"microfilm";3;0;3
"numÃ©risation";3;0;3
"brasserie";2;1;3
"climatisation";2;1;3
"fusion de communes";1;2;3
"indices de frÃ©quence des traitements";3;0;3
"donges-44052";3;0;3
"ssd";3;0;3
"rentrÃ©e scolaire 2016";2;1;3
"calories";0;3;3
"AbonnÃ©s";3;0;3
"Best-seller";3;0;3
"Bus";3;0;3
"Inscrits";3;0;3
"Usagers";3;0;3
"acceuil";3;0;3
"buvable";3;0;3
"dÃ©mocratie locale";3;0;3
"permanent";3;0;3
"poche";3;0;3
"moneo";3;0;3
"indicateurs de frÃ©quence des traitements";3;0;3
"soregies";3;0;3
"contrat Ã  durÃ©e indÃ©terminÃ©e";3;0;3
"droit des sociÃ©tÃ©s";3;0;3
"aet";3;0;3
"dragage";3;0;3
"espace-public-autres";3;0;3
"lignes-ctrl";3;0;3
"referentiels-topographie-et-tres-grande-echelle";2;1;3
"fractures";3;0;3
"inra";2;1;3
"scpi";2;1;3
"accord-de-gestion-concertee";3;0;3
"accueil-collectif-de-la-petite-enfance";3;0;3
"aide-et-soin-a-domicile";3;0;3
"aide-menagere";3;0;3
"amenager";2;1;3
"animaux-errants";3;0;3
"anomalie-de-precipitations";3;0;3
"antisemitisme";3;0;3
"arts-decoratifs";2;1;3
"assurance-sante";2;1;3
"avantages-en-nature";3;0;3
"banc-public";3;0;3
"bordure-de-trottoir";3;0;3
"borne-incendie";3;0;3
"celebration";3;0;3
"centre-de-gestion";3;0;3
"changeur-de-monnaie";3;0;3
"codeveloppement";3;0;3
"communications-electroniques";3;0;3
"coupe-du-monde";2;1;3
"courants-de-maree";3;0;3
"creches-departementales";3;0;3
"crematorium";3;0;3
"dejections-animales";3;0;3
"developpement-durable-et-energie";2;1;3
"developpement-solidaire";3;0;3
"donnees-genrees";3;0;3
"ecart-de-salaire";1;2;3
"emetteurs";2;1;3
"emplacements-reserves";3;0;3
"emploi-agricole";3;0;3
"enlevement";3;0;3
"enseignement-superieur-recherche";2;1;3
"epaves";2;1;3
"etat-4001";2;1;3
"evolution-des-territoires";3;0;3
"file-de-pylones";3;0;3
"flux-migratoire";3;0;3
"fonds-solidarite-energie";3;0;3
"formalites";2;1;3
"france-culture";3;0;3
"frequences";3;0;3
"fuite-eau";3;0;3
"fusion-de-communes";1;2;3
"geometre-expert";3;0;3
"grand-paris-seine-ouest";2;1;3
"grandes-cultures";3;0;3
"grandes-ecoles";2;1;3
"gynecologues";1;2;3
"habitudes-alimentaires";1;2;3
"handicapees";3;0;3
"heure-limite-de-depot";3;0;3
"indicateur-de";1;2;3
"indicateur-de-valeur-ajoute";1;2;3
"indicateurs-de-frequence-des-traitements";3;0;3
"indice-qualite-air";2;1;3
"indices-de-frequence-des-traitements";3;0;3
"jaces-2016";3;0;3
"jacques-jp-martin";3;0;3
"jacques-martin";3;0;3
"jeux-video";2;1;3
"legal-data";1;2;3
"lice-en-bois";3;0;3
"mairies-de-quartier";3;0;3
"maisons-de-retraite";3;0;3
"marches-et-europe";3;0;3
"mediateur";3;0;3
"mutuelle-sante";2;1;3
"nebulosite";3;0;3
"nid-de-poule";3;0;3
"niveaux-caracteristiques";2;1;3
"parcs-departementaux";3;0;3
"paris-hippiques";3;0;3
"paternite";3;0;3
"pays-de-loire";2;1;3
"pays-tiers";3;0;3
"pere-lachaise";1;2;3
"pic";3;0;3
"plaque-de-rue";3;0;3
"point-de-vue";3;0;3
"points-de-vente";3;0;3
"pole-de-competitivite";3;0;3
"porte-a-porte";3;0;3
"portion-de-voie";3;0;3
"produits-petroliers";3;0;3
"programme-electoral";1;2;3
"programme-enseignement";3;0;3
"projet-de-developpement";3;0;3
"propositions-politiques";1;2;3
"rentree-scolaire-2016";2;1;3
"reperes-fondamentaux";2;1;3
"repertoire-national-des-elus";2;1;3
"representation-syndicale";3;0;3
"revenu-disponible-brut";1;2;3
"revenu-national";1;2;3
"sanitaire-et-social";3;0;3
"seminaire";3;0;3
"service-en-gare";3;0;3
"subventions-aux-structures";3;0;3
"teletransmis";3;0;3
"terrain-de-sport";3;0;3
"trottoir-degrade";3;0;3
"video-protection";3;0;3
"zero-hydrographique";2;1;3
"analyse-semantique";0;3;3
"arts-martiaux";2;1;3
"banque-mondiale";1;2;3
"base-permanente-des-equipements";1;2;3
"cesarienne";2;1;3
"expatries";0;3;3
"intelligence-economique";0;3;3
"panneaux-publicitaires";2;1;3
"plaque-adresse";0;3;3
"semantique";1;2;3
"territoires-de-vie";2;1;3
"cambron";3;0;3
"installationsde-suivi-environnemental";3;0;3
"lieutenant";3;0;3
"ebc";3;0;3
"lignes-electriques";2;1;3
"pcet";3;0;3
"prioritaires";3;0;3
"societe-humaine";3;0;3
"transports-deplacements-transport-de-matiere-dangereuse";3;0;3
"zones-basses";3;0;3
"zones-humides-d-importance-internationale";3;0;3
"algues";3;0;3
"chaufferie";3;0;3
"dechets-non-dangereux";2;1;3
"energie-autres";2;1;3
"matieres-phosphorees";3;0;3
"thermique";3;0;3
"grandpublic";3;0;3
"distribution-demographique";3;0;3
"sinoe";2;1;3
"surfacique";3;0;3
"ecotoxicologie";3;0;3
"vulgarisation";3;0;3
"1820";3;0;3
"administratif-decoupage";3;0;3
"archeologique";3;0;3
"boitiers";3;0;3
"cluster";1;2;3
"dsi";2;1;3
"et";3;0;3
"pluridisciplinaire";3;0;3
"saisine";3;0;3
"sdic";3;0;3
"secretariat";3;0;3
"cotisation";3;0;3
"manger";3;0;3
"protection-des-donnees";1;2;3
"referes";3;0;3
"dietetique";1;2;3
"risk";3;0;3
"orthophotographie-ortho-image-photographie-aerienne-referentiel-languedoc-roussillon";3;0;3
"ministeres";3;0;3
"textes-legislatifs";1;2;3
"beautifulsoup";3;0;3
"leboncoin";3;0;3
"crc";3;0;3
"crtc";3;0;3
"carroyage-dfci";3;0;3
"contrat-de-territoire";3;0;3
"defense-de-la-foret-contre-les-incendies";3;0;3
"ephy";1;2;3
"handicap-visuel";3;0;3
"lecteurs-ecran";3;0;3
"legalstart";3;0;3
"mission-etalab";3;0;3
"sgp";3;0;3
"uk";0;3;3
"subway";3;0;3
"agglomeration-communes";3;0;3
"creation-d-entreprises";3;0;3
"i-lab";3;0;3
"ilab";3;0;3
"repertoire-national-des-structures-de-recherche";3;0;3
"structure-de-recherche";3;0;3
"multi-alea";3;0;3
"perimetre-alea";3;0;3
"perimetre-d-exposition";3;0;3
"zone-alea";3;0;3
"zone-d-alea";3;0;3
"zones-de-gestion-de-restriction-ou-de-reglementation-et-unites-dedeclaration";3;0;3
"zones-de-gestion-de-restriction-ou-de-reglementation-et-unitesde-declaration";3;0;3
"sky-tv";0;3;3
"bilan-previsionnel";3;0;3
"affichages-publicitaires";3;0;3
"agence-nationale-de-renovation-urbaine";3;0;3
"agrements";3;0;3
"emprises-de-gestion";3;0;3
"estampes";3;0;3
"exceptionnels";3;0;3
"foyers";3;0;3
"nomenclatures";3;0;3
"preemptions";3;0;3
"rares";3;0;3
"crise-de-la-dette";3;0;3
"conseillers-generaux";3;0;3
"semi";2;1;3
"bison-fute";2;1;3
"mecanisme-de-capacite";3;0;3
"bop";3;0;3
"water";3;0;3
"anonymisation";2;1;3
"reseau-routier-national-non-concede";3;0;3
"climate";2;1;3
"chatou";3;0;3
"gentilly";3;0;3
"taxe-habitation";2;1;3
"aides-sociales";3;0;3
"places-disponibles";3;0;3
"revenu-minimum-dinsertion";3;0;3
"pratiques-sportives";3;0;3
"athletes";3;0;3
"medailles";1;2;3
"dopage";1;2;3
"immo";1;2;3
"saint-aignan-grandlieu-44150";3;0;3
"saint-herblain-44162";3;0;3
"affiche";2;1;3
"station-vtt";3;0;3
"prochains";3;0;3
"quais";3;0;3
"geotechnique";3;0;3
"avalanches";3;0;3
"description";2;1;3
"zones-urbaines-sensibles";3;0;3
"programme-culturelle";3;0;3
"systeme-d-information";2;1;3
"debit-internet";1;2;3
"ligne-routiere-regionale";2;1;3
"fracture-numerique";2;1;3
"bulletins";3;0;3
"frontonnais";3;0;3
"operateur-telephonique";2;1;3
"baie-de-somme";3;0;3
"pprn-du-marquenterre-baie-de-somme";3;0;3
"nutriments";1;2;3
"points-gps";3;0;3
"servitudes-d-utilite-publique-et-services-publics";3;0;3
"sup-a-9";3;0;3
"sup-pm-3";3;0;3
"fourier-transform-infrared";3;0;3
"non-concede";3;0;3
"scanning-electron-microscopy";3;0;3
"protection-civile";3;0;3
"dsc";3;0;3
"tga";3;0;3
"xrd";3;0;3
"multidrug-resistant";3;0;3
"contrainte";3;0;3
"parcs-naturels";3;0;3
"peb";2;1;3
"plu-plan-local-d-urbanisme";2;1;3
"vval-du-cher";3;0;3
"biotyping";3;0;3
"amenagement-urbanisme-n-zonages-amenagement";3;0;3
"btp";2;1;3
"metadonnee";3;0;3
"cadmium";3;0;3
"thermogravimetric-analysis";3;0;3
"pro-inflammatory-cytokines";3;0;3
"splenocytes";3;0;3
"bidiversite";3;0;3
"granulats-marins-marin-concession-concessions-exploitation-permis-sables-graviers-gie";3;0;3
"bareme";3;0;3
"decedes";2;1;3
"brasseries";3;0;3
"cafetarias";3;0;3
"commerce-des-animaux";3;0;3
"conseil-dadministration";3;0;3
"dailymotion";3;0;3
"devenir-enseignant";3;0;3
"doi";3;0;3
"espace-de-loisirs";3;0;3
"eter";3;0;3
"funding-data";3;0;3
"isni";3;0;3
"issn";3;0;3
"laureat";3;0;3
"laureates";3;0;3
"nouvelle-region";3;0;3
"orgref";3;0;3
"pes";3;0;3
"promotion-du-commerce-et-de-lindustrie";3;0;3
"referens-iii";3;0;3
"taille-dentreprise";3;0;3
"impression";2;1;3
"mapping";0;3;3
"cartes-grises";3;0;3
"taxi-et-transport-public";2;1;3
"drt";3;0;3
"granel";3;0;3
"iles";3;0;3
"lesgor";3;0;3
"lesperon";3;0;3
"lussagnet";3;0;3
"rion-des-landes";3;0;3
"societe-petroliere-de-depot-spd";3;0;3
"vielle-saint-girons";3;0;3
"impots-taxes";2;1;3
"haute-saone";2;1;3
"marambat";3;0;3
"mirannes";3;0;3
"monbardon";3;0;3
"monlaur-bernet";3;0;3
"panassac";3;0;3
"pompiac";3;0;3
"pujaudran";3;0;3
"sinistres";3;0;3
"troncon-littoral";3;0;3
"noel";3;0;3
"reduction-de-gaz-a-effet-de-serre";3;0;3
"tarot";3;0;3
"colleges-connectes";3;0;3
"materiels";3;0;3
"nombre-deleves";3;0;3
"parcellescadastrales";1;2;3
"mogneneins";3;0;3
"milieux-humides";3;0;3
"domaines-emergents";3;0;3
"facies";3;0;3
"energie-positive";3;0;3
"n-zonages-planification";3;0;3
"territoire-a-energie-positive";3;0;3
"responsabilite";2;1;3
"iaa";3;0;3
"agriculture-peche";3;0;3
"capricorne-asiatique-anaplophora-arbre-feuillu-sante-vegetale-alsace";3;0;3
"accueil-collectif-de-la-petite-e";3;0;3
"agence-nationale-de-renovation-u";3;0;3
"allocation-personnalisee-autonom";3;0;3
"amenagement-urbanisme-politique-";3;0;3
"capricorne-asiatique-anaplophora";3;0;3
"chambres-territoriales-des-compt";3;0;3
"climatology-meteorology-atmosphe";2;1;3
"contrainte-une-prescription-qui-";3;0;3
"cote-de-trestel-a-paimpol-estuai";3;0;3
"dechets-collecte-traitement-et-e";1;2;3
"defense-de-la-foret-contre-les-i";3;0;3
"deliberation-conseil-municipal-f";3;0;3
"elections-legislatives-assemblee";2;1;3
"eolien-terrestre-energie-renouve";3;0;3
"estimations-localisees-de-popula";1;2;3
"etablissements-publics-de-cooper";3;0;3
"france-bretagne-finistere-pays-d";3;0;3
"gouvernance-de-l-eau-politique-p";3;0;3
"granulats-marins-marin-concessio";3;0;3
"habitat-intertidal-typologie-nat";3;0;3
"habitat-politique-de-la-ville-ac";3;0;3
"habitat-politique-de-la-ville-re";3;0;3
"indicateurs-de-frequence-des-tra";3;0;3
"indices-de-frequence-des-traitem";3;0;3
"journees-europeennes-du-patrimoi";1;2;3
"milieu-physique-habitats-physiqu";3;0;3
"milieu-physique-hydrodynamique-c";3;0;3
"mobilite-transport-deplacement-c";3;0;3
"mobilite-transport-organisation-";3;0;3
"mobilite-transport-transport-fer";3;0;3
"necropole-nationale-cimetiere-mi";3;0;3
"ppri-de-la-vallee-de-la-somme-et";3;0;3
"pprn-du-marquenterre-baie-de-som";3;0;3
"projets-connus-etude-d-impact-au";3;0;3
"reduction-de-gaz-a-effet-de-serr";3;0;3
"regroupement-territorial-inclut-";3;0;3
"repartition-de-la-population-dem";3;0;3
"repertoire-national-des-structur";3;0;3
"risques-et-securite-risques-sani";3;0;3
"satellite-photographie-monteplli";2;1;3
"schema-regional-de-coherence-eco";3;0;3
"scot-schema-coherence-territoria";3;0;3
"site-industriel-production-site-";3;0;3
"solidarite-et-renouvellement-urb";3;0;3
"systemes-de-maillage-geographiqu";3;0;3
"transports-deplacements-transpor";3;0;3
"transports-infrastructure-ferrov";3;0;3
"utilisation-rationnelle-de-l-ene";2;1;3
"videoprotectioncamerasprotection";1;2;3
"zones-humides-d-importance-inter";3;0;3
"steu";3;0;3
"zonage-planification";3;0;3
"a-9";3;0;3
"aa-superieure";3;0;3
"couthures-sur-garonne";3;0;3
"de-sangosse";3;0;3
"domanial";3;0;3
"lys";3;0;3
"noyon";3;0;3
"phares";3;0;3
"primagaz";3;0;3
"sols-pollues";3;0;3
"zones-agricoles";3;0;3
"ppri-mortagne";3;0;3
"egalite-professionnelle";2;1;3
"collecteurs";3;0;3
"r-programming";0;3;3
"reutilisateurs";2;1;3
"sdesm";3;0;3
"cremations";3;0;3
"inidice";3;0;3
"socio";3;0;3
"tva-intracommunautaire";0;3;3
"habitat-benthique";3;0;3
"indice-de-confiance";3;0;3
"drones";2;1;3
"drones-civils";2;1;3
"categorie-personnels";3;0;3
"bpi-france";3;0;3
"recommandations";3;0;3
"association-francaise";2;1;3
"magistrats";2;1;3
"syndicats-intercommunaux";2;1;3
"perte-autonomie";3;0;3
"notre-dame";3;0;3
"archives-nationales";3;0;3
"foyers-lumineux";3;0;3
"stats";2;1;3
"nptz";3;0;3
"genomique";2;1;3
"pprmvt";3;0;3
"blog";2;1;3
"spain";2;1;3
"photogrammetrie";3;0;3
"voirie-communale";3;0;3
"sciences-participatives";3;0;3
"lacs";3;0;3
"incertitude";2;1;3
"mdph";2;1;3
"observations-cotieres";3;0;3
"droits-de-succession";1;2;3
"cadaste";3;0;3
"chargement-electrique";3;0;3
"rocade";3;0;3
"courses";2;1;3
"biologiques-habitats-benthiques";3;0;3
"observations-in-situ";3;0;3
"mef";3;0;3
"carpe-diem";3;0;3
"d-3-especes-commerciales";3;0;3
"d-7-conditions-hydrographiques";3;0;3
"mediterranee-occidentale";3;0;3
"tourisme-daffaire";3;0;3
"accessible";3;0;3
"cannes";3;0;3
"catalogues-en-ligne";3;0;3
"domiciliation";3;0;3
"perturbations";2;1;3
"postes-publics";3;0;3
"imaje";3;0;3
"petite";3;0;3
"tous";3;0;3
"ais";3;0;3
"barometre-dimage";3;0;3
"bfr";3;0;3
"comite-dentreprise";3;0;3
"digital-et-innovation";3;0;3
"image-sncf";3;0;3
"maintenance";3;0;3
"menagere";3;0;3
"opendatasynth";3;0;3
"subventions-a-recevoir";3;0;3
"tgvmax";1;2;3
"trajet-intercites";3;0;3
"vitesse-maximale";2;1;3
"voyageur";3;0;3
"philosophie";3;0;3
"planete";2;1;3
"so-mobility";3;0;3
"vegetalise";3;0;3
"compte-satellite";2;1;3
"eligibilite-fibre";0;3;3
"solde-migratoire";3;0;3
"voies-navigables";3;0;3
"bruit-industriel";3;0;3
"controles-sanitaires";1;2;3
"clubs-sportfis";3;0;3
"etat-proprietaire";3;0;3
"code-naf";1;2;3
"stations-essence";0;3;3
"police-gendarmerie-crime-delits";2;1;3
"substance-dangereuse";3;0;3
"handball";2;1;3
"commerce-de-proximite";1;2;3
"oxydes-d-azote";3;0;3
"fermeture-de-voies";3;0;3
"paache";3;0;3
"attestation-accueil";3;0;3
"avitaillement";3;0;3
"cagnes-sur-mer";3;0;3
"carenage";3;0;3
"carte-identite";3;0;3
"castagniers";3;0;3
"colomars";3;0;3
"gattieres";3;0;3
"lithophyllum";3;0;3
"matisse";3;0;3
"mpt";3;0;3
"plateau";3;0;3
"saint-jeannet";3;0;3
"valdeblore";3;0;3
"vence";3;0;3
"epora";3;0;3
"enceinte";1;2;3
"reseau-routier-national-concede";3;0;3
"odd";2;1;3
"centre-daffaires";3;0;3
"produits-references-statiques";3;0;3
"dispositifs-de-surveillance";3;0;3
"produits-a-valeur-ajoutee";3;0;3
"phytosanitaires";1;2;3
"piratage";2;1;3
"ministere-des-armees";3;0;3
"affaires-internationales";2;1;3
"client-fragile";3;0;3
"isr";3;0;3
"courbe-niveau";3;0;3
"assemblee-de-corse";3;0;3
"awala-yalimapo";3;0;3
"ile-de-cayenne";3;0;3
"castres";3;0;3
"cerou";3;0;3
"giroussens";3;0;3
"migrateurs";2;1;3
"tassements-differentiels";3;0;3
"altitude-relief";2;1;3
"bubry";3;0;3
"caudan";3;0;3
"gavres";3;0;3
"gestel";3;0;3
"groix";3;0;3
"guidel";3;0;3
"hennebont";3;0;3
"hydro-ecologie";3;0;3
"inguiniel";3;0;3
"inzinzac-lochrist";3;0;3
"lanester";3;0;3
"languidic";3;0;3
"larmor-plage";3;0;3
"locmiquelic";3;0;3
"modes-actifs";2;1;3
"n-zonages-etude";3;0;3
"plans-schemas-programmes";3;0;3
"plouay";3;0;3
"polution";3;0;3
"quistinic";3;0;3
"rade";3;0;3
"reseau-bus";3;0;3
"ruissellement";3;0;3
"sentiers-de-randonnees";3;0;3
"barjac";3;0;3
"compostage-par-le-producteur";3;0;3
"composts-et-engrais-naturels";3;0;3
"espace-public-espaces-verts";3;0;3
"etiages";2;1;3
"mende";2;1;3
"minier-fer";3;0;3
"nettoyage";3;0;3
"peche-halieutique";3;0;3
"radioelectrique";3;0;3
"suppression";3;0;3
"air-ambiant";3;0;3
"procedure-prefectorale";3;0;3
"grandes-disciplines";3;0;3
"apports-volontaires";3;0;3
"eurometropole";3;0;3
"lutte";3;0;3
"diplome-universitaire-de-technologie";3;0;3
"douai";3;0;3
"douaisis";3;0;3
"lobby";3;0;3
"villages";2;1;3
"equipement-scolaire";3;0;3
"trident";3;0;3
"investissement-participatif";2;1;3
"documents-composites";3;0;3
"domaine-de-graveyron";3;0;3
"graines";3;0;3
"le-mas-dagenais";3;0;3
"ouvrages-protection";3;0;3
"peuplements";3;0;3
"plants";3;0;3
"residant";3;0;3
"risques-sanitaires";3;0;3
"spartines";3;0;3
"stratigraphie";3;0;3
"vehicules-hybrides-rechargeables";2;1;3
"recharge-rapide";3;0;3
"salaire-net";0;3;3
"datavizu";0;3;3
"telefilms";3;0;3
"cryptomonnaie";1;2;3
"dgec";3;0;3
"bureau-de-style";3;0;3
"cii";2;1;3
"credit-dimpot-recherche";3;0;3
"organismes-de-recherche-prives-agrees";3;0;3
"organismes-prives-agrees";3;0;3
"bassins-economiques";3;0;3
"ppi";3;0;3
"sortir";2;1;3
"classee";2;1;3
"spl";3;0;3
"mediabus";3;0;3
"musibus";3;0;3
"carrefours-a-feux-tricolores";3;0;3
"gare-routiere";3;0;3
"slo";3;0;3
"enfant-handicape";3;0;3
"residences-autonomie";3;0;3
"ifi";2;1;3
"ariege";2;1;3
"montgeon";3;0;3
"mycologie";3;0;3
"secteurs-dactivite";3;0;3
"type-de-menage";3;0;3
"haute-corse";2;1;3
"indre";2;1;3
"hautes-pyrenees";2;1;3
"val-doise";1;2;3
"accueil-pour-les-chiens-guides";3;0;3
"attestation-daccessibilite";3;0;3
"boucle-magnetique-a-laccueil-ou-dans-la-salle-de-reunion";3;0;3
"deficience-mentale-psychique-ou-cognitive";3;0;3
"langue-des-signes-francaise-a-laccueil-ou-pour-lactivite";3;0;3
"emprise-074";3;0;3
"gestionnaire-130009764";3;0;3
"ascad";3;0;3
"side-channel-attacks";3;0;3
"doctorat-duniversite";3;0;3
"iufm";3;0;3
"dcsmm";3;0;3
"quadrige";3;0;3
"lectorat";3;0;3
"geometre";3;0;3
"n-demographie";3;0;3
"n-site-industriel";3;0;3
"deee";3;0;3
"selective";3;0;3
"saint-martin-du-var";3;0;3
"territoriale";3;0;3
"slt";3;0;3
"arret-cardiaque";3;0;3
"compte-administratif-2017";3;0;3
"aides-entreprises";2;1;3
"bureau-vote";3;0;3
"semitag";3;0;3
"publicites";3;0;3
"st-barthelemy";3;0;3
"st-martin";3;0;3
"operateur-national";3;0;3
"camping-vendee";2;1;3
"indicateur-social";3;0;3
"plf";1;2;3
"investissement-local";1;2;3
"lieux-ressources";3;0;3
"parti-socialiste";3;0;3
"raicaux";3;0;3
"annonces-legales";2;1;3
"apec";3;0;3
"cadres";3;0;3
"marches-de-travaux";3;0;3
"tourdefrance2018";3;0;3
"usager";3;0;3
"lucon-85128";3;0;3
"sable-sur-sarthe-72264";3;0;3
"outremer";2;1;3
"bulots";3;0;3
"gamma";3;0;3
"transport-de-marchandise";3;0;3
"agro-ecologie";3;0;3
"aide-a-lemploi";3;0;3
"aipc";3;0;3
"capoeira";3;0;3
"centre-daction-medico-sociale-precoce";3;0;3
"college-denseignement-general";3;0;3
"csaj";3;0;3
"edifice-industriel";3;0;3
"environnement-et-sante";2;1;3
"groupe-delu";3;0;3
"gym";3;0;3
"gymnastique";3;0;3
"ping-pong";3;0;3
"politique-de-lemploi";3;0;3
"production-vegetale";3;0;3
"stationnnement";3;0;3
"terroir-viticole";3;0;3
"twirling";3;0;3
"volley";3;0;3
"yoga";3;0;3
"allee";3;0;3
"delestage";3;0;3
"dojo";3;0;3
"excursion";3;0;3
"funiculaire";3;0;3
"jardiner";3;0;3
"leve";3;0;3
"lever";3;0;3
"multisport";3;0;3
"naturaliste";3;0;3
"panorama";3;0;3
"potager";2;1;3
"quadrillage";3;0;3
"sepulture";3;0;3
"trekking";3;0;3
"pia";3;0;3
"encheres";2;1;3
"test-description-subcat";3;0;3
"reseau-de-transport-delectricite";2;1;3
"autorite-organisatrice";3;0;3
"pde";3;0;3
"transparence-sante";1;2;3
"o-3";3;0;3
"frelons";3;0;3
"crise";3;0;3
"escamotable";3;0;3
"cap-dagde";3;0;3
"capbus";3;0;3
"vandieres";3;0;3
"taxe-locale";3;0;3
"chalonsenchampagne";3;0;3
"transdev";3;0;3
"stationnement-pmr";3;0;3
"auditif";3;0;3
"commencement";3;0;3
"conclu";3;0;3
"retention";3;0;3
"soumissionnaire";3;0;3
"visuel";3;0;3
"site-labelise";3;0;3
"interconnectes";2;1;3
"maison-de-services-au-public";2;1;3
"apple";2;1;3
"locataire";3;0;3
"conseil-de-prudhommes";3;0;3
"radioactif";2;1;3
"alec";3;0;3
"running";2;1;3
"calculateur";3;0;3
"licence-sportive";2;1;3
"arrete-tarifaire-du-9-mai-2017";3;0;3
"traitements-des-dechets";3;0;3
"dechet-organique";3;0;3
"service-de-collecte";3;0;3
"siege";3;0;3
"natixis";3;0;3
"cavaillon";1;2;3
"saint-didier";2;1;3
"meze";3;0;3
"buxerolles";2;1;3
"chavagne";0;3;3
"soldat";2;1;3
"bilingue";3;0;3
"demande-demploi";3;0;3
"salle-des-fetes";3;0;3
"wittelsheim";3;0;3
"salles-de-sport";3;0;3
"amenagement-hydroagricole";3;0;3
"arthaud";3;0;3
"as";3;0;3
"asselineau";3;0;3
"cheminade";3;0;3
"dupont-aignan";3;0;3
"fillon";3;0;3
"hamon";3;0;3
"lassalle";3;0;3
"le-pen";3;0;3
"macron";3;0;3
"mde";3;0;3
"melenchon";3;0;3
"ni";3;0;3
"pb";3;0;3
"poutou";3;0;3
"trump";3;0;3
"centre-valdeloire";3;0;3
"episode";3;0;3
"amenagement-foncier-travaux";3;0;3
"agents-publics";2;1;3
"information-preoccupante";3;0;3
"oeuvre-dart";3;0;3
"rerb";3;0;3
"centrale-a-energie-eolienne";3;0;3
"contrat-dagriculture-durable";3;0;3
"declaration-dutilite-publique";3;0;3
"demandeur-demploi";3;0;3
"etudes-dimpact";3;0;3
"gestion-de-la-qualite-de-leau";3;0;3
"liste-des-cours-deau";3;0;3
"point-deau";3;0;3
"programmes-locaux-dhabitat";3;0;3
"reseau-degouts";3;0;3
"tableau-dassemblage";3;0;3
"zone-dalea";3;0;3
"zone-de-developpement-de-leolien";3;0;3
"appellation-dorigine-protegee";3;0;3
"bassin-demploi";3;0;3
"cartographie-dhabitats";3;0;3
"points-deau";3;0;3
"reseau-deaux-usees";3;0;3
"service-dincendie";3;0;3
"marche-a-pied";3;0;3
"pcs";3;0;3
"sous-trame";3;0;3
"elements-fragmentants";3;0;3
"plu-plui-pluis-pos-sudocuh";3;0;3
"zones-a-enjeux";3;0;3
"lda";2;1;3
"arc-international";3;0;3
"limitations-de-vitesse";3;0;3
"points-de-reperes";3;0;3
"radars-automatiques";1;2;3
"routes-a-grande-circulation";3;0;3
"numero-voirie";3;0;3
"chateau-gontier-sur-mayenne";3;0;3
"forestier";3;0;3
"limite-maritime";3;0;3
"metadata";3;0;3
"arbitrage";3;0;3
"mode-de-gestion";3;0;3
"plus-values";3;0;3
"securisation";3;0;3
"droit-du-sol";3;0;3
"destinations";2;1;3
"friche";3;0;3
"offres-demploi";3;0;3
"psa";3;0;3
"montbeliard";3;0;3
"region-bourgogne-franche-comte";3;0;3
"distribution-electrique";1;2;3
"evron";3;0;3
"sites-patrimoniaux-remarquables";3;0;3
"pays-bigouden-sud";3;0;3
"cepoy";3;0;3
"conflans-sur-loing";3;0;3
"paucourt";3;0;3
"saint-maurice-sur-fessard";3;0;3
"premiers-secours";2;1;3
"irve-77";3;0;3
"isochrone";1;2;3
"sdaasp";3;0;3
"sdtan";3;0;3
"flash";2;1;3
"gipac";3;0;3
"cps";3;0;3
"dumbea";3;0;3
"trail";3;0;3
"sous-sols";3;0;3
"sia";3;0;3
"levens";3;0;3
"emmanuel-macron";1;2;3
"bouche";3;0;3
"reseau-arc-en-ciel";3;0;3
"garde-denfants";2;1;3
"directions";3;0;3
"parcelles-forestieres";2;1;3
"atton";3;0;3
"bayon";3;0;3
"flin";3;0;3
"lay-saint-christophe";3;0;3
"saint-clement";3;0;3
"consommation-energetique";1;2;3
"vittonville";3;0;3
"bpce";3;0;3
"lycee-general-et-technologique";3;0;3
"github";2;1;3
"services-generaux";3;0;3
"services-municipaux";3;0;3
"capca";3;0;3
"tcap";3;0;3
"comite-syndical";2;1;3
"deliberation-budget-compte-rendu";3;0;3
"comptages-routier";3;0;3
"espace-prive";3;0;3
"d3e";3;0;3
"2-roues-motorises";3;0;3
"1er-degre";3;0;3
"limey-remenauville";3;0;3
"episodes";3;0;3
"velo-electrique";1;2;3
"biens-vendus";0;3;3
"fichiers-fonciers";3;0;3
"marqueurs-gps";3;0;3
"trames";3;0;3
"elbeuf";3;0;3
"prm";3;0;3
"rouen";2;1;3
"voter";2;1;3
"equipement-collectif";3;0;3
"relation-usagers";3;0;3
"action-pedagogique";3;0;3
"trvg";3;0;3
"panel";2;1;3
"catastrophes-naturelles";3;0;3
"charcuterie";3;0;3
"parite-homme-femme";0;3;3
"velov";3;0;3
"car-jaune";3;0;3
"voies-cyclables";3;0;3
"15-25-ans";3;0;3
"accident-du-travail";3;0;3
"fiction";3;0;3
"salles-de-spectacle";3;0;3
"seance";3;0;3
"sud-labs";3;0;3
"transport-commun";3;0;3
"accueil-jeune-enfant";3;0;3
"coordonnee";3;0;3
"coordonnees-gps";3;0;3
"osmose-qa";2;1;3
"stationnement-velo";2;1;3
"gros-bovins";3;0;3
"demarche-administrative";2;1;3
"agneau";3;0;3
"prix-moyen-pondere";2;1;3
"veaux-de-8-jours";3;0;3
"benzoapyrene";3;0;3
"nickel";3;0;3
"veaux-de-boucherie";3;0;3
"prif";3;0;3
"annotation";3;0;3
"annuaires";2;1;3
"brevets-deposes";3;0;3
"codes-sources";2;1;3
"compte-general-de-letat";3;0;3
"declaration-de-commercialisation";3;0;3
"declaration-preliminaire-de-laide-publique-au-developpement";3;0;3
"equivalent-temps-plein-travaille";3;0;3
"immobilier-de-letat";2;1;3
"jeunes-entreprises-innovantes";3;0;3
"mission";3;0;3
"programmations";3;0;3
"projet-de-loi-de-reglement";3;0;3
"viti-vinicoles";3;0;3
"billard";3;0;3
"inscription-scolaires";3;0;3
"aubignan";3;0;3
"cove";3;0;3
"mazan";3;0;3
"saint-hippolyte-le-graveyron";3;0;3
"saint-pierre-de-vassols";3;0;3
"plr-2018";3;0;3
"dynamique";2;1;3
"tendance";1;2;3
"parcellaire-cadastral";3;0;3
"rentabilite-immobiliere";0;3;3
"velos-libre-service";3;0;3
"classification-de-lusage-des-sols";3;0;3
"definition";3;0;3
"rei";1;2;3
"aeroports-de-paris";2;1;3
"basol";3;0;3
"vieille-ville";3;0;3
"cerema-eau-mer-fleuve";3;0;3
"exzeco-inondation-risque";3;0;3
"france-metropole";1;2;3
"alpi-datagouv";3;0;3
"grtgaz";2;1;3
"velotoulouse";1;2;3
"deserts-medicaux";1;2;3
"don-de-sang";3;0;3
"transformation-digitale";2;1;3
"cdas";3;0;3
"ensembles";3;0;3
"dae-arret-cardiaque-coeur-scdl";3;0;3
"indice-de-vieillissement";2;1;3
"points-de-rencontre";2;1;3
"plaquettes";2;1;3
"plasma";2;1;3
"visualiser";0;3;3
"postgis";0;3;3
"1784";3;0;3
"1801";3;0;3
"seveso-haut";1;2;3
"disciplinaire";2;1;3
"1785";3;0;3
"1788";3;0;3
"1792";3;0;3
"marans";3;0;3
"thermometre-reaumur";3;0;3
"jeu-de-donnees";3;0;3
"dechets-dangereux";3;0;3
"neuves-maisons";3;0;3
"nouvelles-mobilites";3;0;3
"route-optique";3;0;3
"plf-2020";2;1;3
"territoire-de-vie";2;1;3
"panneaux-daffichage";3;0;3
"amel";3;0;3
"ftto";2;1;3
"ipe";3;0;3
"prs";2;1;3
"demandeur";3;0;3
"utpas";3;0;3
"legi";1;2;3
"lombricomposteur";3;0;3
"greve";3;0;3
"ansm";1;2;3
"circuits-scolaires";3;0;3
"forages";3;0;3
"communal";3;0;3
"postes-hta-bt";3;0;3
"calais";3;0;3
"personnes-decedees";0;3;3
"collecte-verre";3;0;3
"circonscrption";3;0;3
"catalogue-collectif-de-france-ccfr";3;0;3
"html";0;3;3
"fond-de-plan";3;0;3
"400-kv";3;0;3
"rapport-activites";3;0;3
"base-adresses-nationale";3;0;3
"mfr";3;0;3
"ordure-menagere";3;0;3
"mixite";2;1;3
"tdb";3;0;3
"bulletin";2;1;3
"capvm";3;0;3
"argent-public";2;1;3
"episode-de-pollution";3;0;3
"eau-de-paris";3;0;3
"election-municpale";3;0;3
"idcc";1;2;3
"lecovid";0;3;3
"plots";0;3;3
"ile-et-vilaine";2;1;3
"bio-dechets";3;0;3
"camions-de-collecte";3;0;3
"collecte-des-encombrants";3;0;3
"composteurs-collectifs";3;0;3
"dechets-toxiques";3;0;3
"ouvrages-dart";3;0;3
"shiny";0;3;3
"isogeo";3;0;3
"bike-sharing";3;0;3
"d-7-changements-hydrographiques";3;0;3
"etablissement-francais-de-sang";3;0;3
"atlas-paysager";3;0;3
"cotes";3;0;3
"guillaume";0;3;3
"guillaumerozier";0;3;3
"tracker";0;3;3
"interreg";3;0;3
"transaction-immobiliere";0;3;3
"scenarios";2;1;3
"coronavirus-mortalite";0;3;3
"ouvrages-art";3;0;3
"proparco";3;0;3
"suivi-epidemique";0;3;3
"tougo";3;0;3
"activite-epidemique";1;2;3
"prix-maisons";1;2;3
"voironnais";3;0;3
"vuejs";0;3;3
"matching";1;2;3
"record-linkage";0;3;3
"inserm";3;0;3
"veligo";3;0;3
"territorialisation";3;0;3
"le-grand-chalon";3;0;3
"habiter";3;0;3
"contours-geographiques";3;0;3
"meae";3;0;3
"dispositif-denormandie";2;1;3
"fouille";3;0;3
"agribalyse";1;2;3
"cnig-2017";3;0;3
"donnee-commune";3;0;3
"secteur-prive";3;0;3
"taux-de-reponse";3;0;3
"chutes";3;0;3
"colleges-publics";3;0;3
"securite-incendie";3;0;3
"auterive";3;0;3
"castanet-tolosan";3;0;3
"castelmaurou";3;0;3
"roques";3;0;3
"environnement-naturel";3;0;3
"hierarchisation";3;0;3
"reseau-de-telecommunications";3;0;3
"service-civique";3;0;3
"positivite";0;3;3
"taux-de-reproduction";0;3;3
"bessan";3;0;3
"grau-dagde";3;0;3
"pezenas";3;0;3
"portiragnes";3;0;3
"saint-thibery";3;0;3
"tamarissiere";3;0;3
"jardins-ephemeres";2;1;3
"mobigo";3;0;3
"connecte";2;1;3
"tmjo";3;0;3
"geographical-referentials";3;0;3
"rpe";2;1;3
"test-pcr";0;3;3
"relations-internationales";3;0;3
"belvedere";3;0;3
"marie";2;1;3
"esterel";3;0;3
"bon-depargne";3;0;3
"bons-de-caisse";3;0;3
"billets";3;0;3
"services-gare";3;0;3
"musee-francais-de-la-carte-a-jouer";3;0;3
"mna";3;0;3
"choletbus";3;0;3
"oleane";3;0;3
"setram";3;0;3
"technicienne";3;0;3
"cre";3;0;3
"aide-alimentaire";3;0;3
"decrochage-scolaire";3;0;3
"rappels";0;3;3
"antigenique";3;0;3
"activites-financieres";3;0;3
"amenagement-du-territoire-et-urbanisme";3;0;3
"infrastructures-numeriques";2;1;3
"notaires";2;1;3
"90-km-h";3;0;3
"balades-issy-com";3;0;3
"convoyeur";3;0;3
"parc-dactivites-economiques";3;0;3
"vdn";3;0;3
"ecowatt";2;1;3
"fonds-national-de-la-science-ouverte";3;0;3
"vol-doiseau";0;3;3
"smt";3;0;3
"20km";0;3;3
"attestation";2;1;3
"confinement-20-km";0;3;3
"session";3;0;3
"eligible";1;2;3
"autorite-organisatrice-de-la-mobilite";3;0;3
"infrastructure-ferroviaire";3;0;3
"transport-collectif-urbain";3;0;3
"departement-14";3;0;3
"agrement-communautaire";3;0;3
"clcl";3;0;3
"jury";3;0;3
"orcid";3;0;3
"theorique";2;1;3
"pap";3;0;3
"quartier-avant-2008";3;0;3
"faibles-emissions";3;0;3
"patrimoine-paysager";3;0;3
"qv4";3;0;3
"archives-en-ligne";2;1;3
"sage-estuiare-de-la-loire";3;0;3
"app-store";3;0;3
"arrondissement-municipal";3;0;3
"autoconsommateur";3;0;3
"production-locale";3;0;3
"pre-saint-gervais";3;0;3
"accueil-petite-enfance";3;0;3
"parcs-de-stationnement";3;0;3
"trames-verte-et-bleu";3;0;3
"vacsi";3;0;3
"trajectoire";2;1;3
"port-la-nouvelle";3;0;3
"10-km";0;3;3
"zone-sortie-10-km";0;3;3
"compte-administratif-2020";3;0;3
"dases";3;0;3
"lumineuse";3;0;3
"contrat-de-relance-et-de-transition-ecologique";2;1;3
"crte";1;2;3
"etalab-schema-irve-consolidation";3;0;3
"sudocuh";3;0;3
"deploiement-5g";0;3;3
"essence-pas-cher";0;3;3
"station-essence-autour";0;3;3
"station-essence-autour-de-moi";0;3;3
"station-essence-pas-cher";0;3;3
"defibrilateur";2;1;3
"bien-et-service";3;0;3
"213304082";3;0;3
"213304330";3;0;3
"installation-et-transmission";3;0;3
"jambon";3;0;3
"mairie-de-saint-genes-de-lombaud";3;0;3
"mairie-de-saint-loubes";3;0;3
"methode-de-culture";3;0;3
"race";3;0;3
"salaison";3;0;3
"sechage";3;0;3
"signe-officiel-de-qualite";3;0;3
"mandelieu";3;0;3
"station-velo";2;1;3
"blanc";3;0;3
"rose";3;0;3
"vin-dirouleguy";3;0;3
"specialites";3;0;3
"reanimations";0;3;3
"transports-et-deplacements";3;0;3
"echange-aux-frontieres";3;0;3
"scolaris";3;0;3
"prosopographie";2;1;3
"effectifs-par-region";3;0;3
"glossaire";1;2;3
"algorithmes";3;0;3
"algorithmes-publics";3;0;3
"maas";0;3;3
"213302300";3;0;3
"mairie-de-lapouyade";3;0;3
"contour-du-pays-basque";3;0;3
"grd";3;0;3
"200083830";3;0;3
"mairie-de-val-de-livenne";3;0;3
"conseillere-departementale";3;0;3
"agneaux-de-lait-des-pyrenees";3;0;3
"label-rouge";3;0;3
"award";3;0;3
"rga";3;0;3
"chateau-de-lareole";3;0;3
"ferme-de-solamoure";3;0;3
"grange-de-lege";3;0;3
"lac-de-bordeneuve";3;0;3
"lacs-de-valette";3;0;3
"ramier-de-palaminy";3;0;3
"energie-finale";3;0;3
"avia";3;0;3
"compte-adminnistratif";3;0;3
"parcours-de-sante";3;0;3
"parcours-sante";3;0;3
"le-havre-seine-metropole";3;0;3
"amenagements-cyclable";2;1;3
"pyrogazeification";3;0;3
"dott";3;0;3
"mariniere";2;1;3
"flotte-automobile";3;0;3
"vehicules-a-faible-emission";3;0;3
"balayage";3;0;3
"flavy";3;0;3
"fonsommes";3;0;3
"jean-bouin";3;0;3
"jussy";3;0;3
"ornitho";3;0;3
"orto";3;0;3
"osm-export";3;0;3
"phantom";3;0;3
"pilot";3;0;3
"scene-3d";3;0;3
"slpk";3;0;3
"index-egapro";1;2;3
"noeuds-de-raccordement-optique";3;0;3
"salles-des-fetes";3;0;3
"salles-polyvalente";3;0;3
"vehicules-a-faibles-emissions";3;0;3
"menageres";3;0;3
"rct";3;0;3
"ministere-du-travail";3;0;3
"ville-du-poinconnet";3;0;3
"ouestcharge";3;0;3
"achat-publique";3;0;3
"horaires-aux-arrets";3;0;3
"lignes-de-transport-urbain";3;0;3
"marche-publique";3;0;3
"syndicat-mixte-des-transports-en-commun-de-lagglomeration-clermontoise";3;0;3
"t2c";3;0;3
"chasseneuil-du-poitou";3;0;3
"montamise";3;0;3
"gtfs-real-time";3;0;3
"h2";3;0;3
"lovac";1;2;3
"ccve";3;0;3
"auto-ecole-labelisee";1;2;3
"fontaines-a-boire";2;1;3
"agence-routiere-departementale";3;0;3
"autorite-de-regulation-des-communications-electroniques-et-des-postes-arcep";3;0;3
"chemin-pietonnier";3;0;3
"dommage";3;0;3
"economie-1";3;0;3
"reseau-numerique";3;0;3
"scene-culturelle";3;0;3
"service-technique";3;0;3
"sport-tourisme";3;0;3
"delibs";3;0;3
"branche-dactivite-professionnelle";3;0;3
"auto-ecoles-de-conduite";2;1;3
"defibrillateurs-externes-automatises";1;2;3
"egalitehommefemme";1;2;3
"30km-h";3;0;3
"elections-1";3;0;3
"centrales-nucleaires";2;1;3
"produits-rappeles";0;3;3
"rappel-de-produits";0;3;3
"banque-des-territoires";3;0;3
"points-dindice";3;0;3
"escaliers-mecaniques";3;0;3
"fronton";3;0;3
"subventions-publiques";3;0;3
"voierie";3;0;3
"bdnb";0;3;3
"resif-action-transverse-sismicite";3;0;3
"snokarst";3;0;3
"bachelier";3;0;3
"tribunal-judiciaire";3;0;3
"equipement-publique";3;0;3
"organismes-de-formation";3;0;3
"c2-interne-collab";3;0;3
"basses-alpes";3;0;3
"batellerie";3;0;3
"ln";3;0;3
"vanoise";3;0;3
"sites-departementaux";3;0;3
"navigateur";3;0;3
"direction-interministerielle-de-la-transformation-publique";3;0;3
"ministere-de-leurope-et-des-affaires-etrangeres-meae";3;0;3
"bourg-la-reine";3;0;3
"incapacites";3;0;3
"colline";3;0;3
"213300486";3;0;3
"services-et-equipements-publics-sante";3;0;3
"vonews";3;0;3
"dispositif-national-de-mesure-daudience";3;0;3
"espaces-proteges-et-geres";3;0;3
"exhibition";3;0;3
"lave";3;0;3
"gali";3;0;3
"zoologie";3;0;3
"xxe-siecle";3;0;3
"tiretaine";3;0;3
"poteaux-incendie";3;0;3
"depenses-rsa";3;0;3
"physical-properties-of-ice";3;0;3
"services-pedagogiques";3;0;3
"geotrek";3;0;3
"rsu";3;0;3
"fabric";3;0;3
"quilliot";3;0;3
"ecoliers";3;0;3
"droit-derive";3;0;3
"appel-doffres";3;0;3
"professionnel-du-social";3;0;3
"indice-des-prix-a-la-consommation";3;0;3
"personnels-non-enseignants";3;0;3
"conseils-de-quartiers";3;0;3
"vie-scolaire";3;0;3
"retraites-et-retraites";3;0;3
"progression";3;0;3
"art-decoratif";3;0;3
"tremplin-95";3;0;3
"lecoq";3;0;3
"numero-de-voie";3;0;3
"actions-educatives";3;0;3
"infrastructures-transport";3;0;3
"constat";3;0;3
"agora";3;0;3
"places-reservees";3;0;3
"observatoire-habitat";3;0;3
"conseillers-regionnaux";3;0;3
"monkeypox";2;1;3
"comptages-velos";3;0;3
"bras";3;0;3
"conflit-dinteret";2;1;3
"evry-courcouronnes";3;0;3
"retraites-et-retraites-2017";3;0;3
"prestation-specifique-dependance";3;0;3
"bedat";3;0;3
"nettoiement";3;0;3
"jardins-remarquables";3;0;3
"depenses-daides-sociales";3;0;3
"habitats-naturel";3;0;3
"artiere";3;0;3
"contrat-collectif";3;0;3
"dnma";3;0;3
"couzes";3;0;3
"crystal-orientation";3;0;3
"coefficient-de-proratisation";3;0;3
"apa-a-domicile";3;0;3
"breizhgo";3;0;3
"coulee";3;0;3
"val-ezanville";3;0;3
"direction-generale";3;0;3
"geoportaildonnees-ouvertescartepatrimoineneustadtstrasbourg-architecture-psmv";3;0;3
"personnels-administratifs";3;0;3
"tectonics";3;0;3
"ressources-numeriques-educatives";3;0;3
"experiences-usagers";2;1;3
"browser";3;0;3
"11e";3;0;3
"csu";3;0;3
"etat-des-stations";3;0;3
"installatsion-classees";3;0;3
"geoparc";3;0;3
"immateriel";3;0;3
"cascade";3;0;3
"pension-de-reversion";3;0;3
"pont-neuf";3;0;3
"espace-numerique-de-travail";3;0;3
"dynactive";3;0;3
"label-espaces-naturels-sensibles-clermont-auvergne-metropole";3;0;3
"contrat-individuel";3;0;3
"thermique-a-flamme";3;0;3
"mairie-de-berthez";3;0;3
"zone-activites";2;1;3
"indiciaires";3;0;3
"tarentaise";3;0;3
"carsat";3;0;3
"plaine-de-vie";3;0;3
"event";3;0;3
"sante-publique-et-assainissement";3;0;3
"laboratoire-danalyses";3;0;3
"pierrosite";3;0;3
"zfe-m";3;0;3
"mondanel";3;0;3
"allergenes";3;0;3
"bargoin";3;0;3
"institut-national-de-linformation-geographique-et-forestiere-ign";3;0;3
"personnels-enseignants";3;0;3
"indiciaire";3;0;3
"mfs";1;2;3
"pastoralisme";3;0;3
"art-graphique";3;0;3
"forts-villageois";3;0;3
"rapport-social-unique";3;0;3
"internement";3;0;3
"cannes-civique";3;0;3
"prealpes-azur";3;0;3
"hospitalisation-a-domicile";3;0;3
"revalorisation";3;0;3
"permis-de-louer";3;0;3
"parc-regional";3;0;3
"esthetique";3;0;3
"trame-noire";3;0;3
"ccmacs-donnees-ouvertes";3;0;3
"participation-financiere";3;0;3
"droit-valide";3;0;3
"mediacentre";3;0;3
"pension-nette";3;0;3
"laboratoire-medical";3;0;3
"primo-liquidant";3;0;3
"smpn";3;0;3
"direction-interministerielle-du-numerique-dinum";2;1;3
"marche-2021";3;0;3
"seismology";3;0;3
"passage-pieton";3;0;3
"rappels-produits";0;3;3
"election2022";0;3;3
"grand-lyon";3;0;3
"erpv";3;0;3
"erps";3;0;3
"article-wikipedia";3;0;3
"budget-primitif-2023";3;0;3
"repertoire-des-informations-publiques";3;0;3
"economie-collaborative";3;0;3
"culture-services-utilite-publique";3;0;3
"comptage-mobilites";3;0;3
"mutualisation";3;0;3
"voitures-mutualisees";3;0;3
"cadastre-io";0;3;3
"politique-commerciale";3;0;3
"personnes-a-mobilite-reduite-pmr";3;0;3
"fongicide";3;0;3
"herbicide";3;0;3
"substances-dangereuses";3;0;3
"chomage-jeunesse";3;0;3
"environnement-reseau-hydrographique-geoconnectgr";3;0;3
"gastronomie-restaurants-tourisme";3;0;3
"population-densite";3;0;3
"sol-environnement";3;0;3
"agriculture-densite-de-bovins-et-porcins";3;0;3
"cd-58";3;0;3
"nature-environnement-protection-parc-national-zonage";3;0;3
"unigr-formations-transfrontalieres-sciences-mathematiques-et-informatique";3;0;3
"marche-du-travail-emploi-au-lieu-de-travail";3;0;3
"energie-renouvelable-photovoltaique-integre-au-batiment-potentiel";3;0;3
"securite-routiere-accidents-tues";2;1;3
"transports-infrastructures-de-transport";3;0;3
"ape-kbis";3;0;3
"guichet-unique";3;0;3
"dt-dict";3;0;3
"impermeabilisation";3;0;3
"justice-securite";3;0;3
"bassin-de-paris";3;0;3
"saint-etienne-metropole";3;0;3
"propluvia";2;1;3
"reseau-ep";3;0;3
"reseau-des-eaux-pluviales";3;0;3
"larchitecture";3;0;3
"insulaires";3;0;3
"1917";3;0;3
"pays-de-brest";3;0;3
"preenseigne";3;0;3
"occupation-du-sol-sol-sous-sol";3;0;3
"carreaux";3;0;3
"habillages";3;0;3
"maquettes";3;0;3
"reglement-local-de-publicite";3;0;3
"soutenements";3;0;3
"1994-2010";2;0;2
"1995";2;0;2
"1999-2011";2;0;2
"2001-2010";2;0;2
"2004-2010";2;0;2
"25-49 ans";2;0;2
"500";2;0;2
"72-heures";2;0;2
"90-539-cee";2;0;2
"91-68-cee";2;0;2
"a-c-n";2;0;2
"a1";1;1;2
"abatoirs";2;0;2
"abonnements";2;0;2
"academique";2;0;2
"accedent";2;0;2
"acces-a-la-justice";1;1;2
"acces-soins";2;0;2
"accident-travail";2;0;2
"accompagnees";2;0;2
"accords";1;1;2
"achevement";2;0;2
"acquisitions";2;0;2
"acteurs-administratifs";1;1;2
"action publique";2;0;2
"action-de-formation";2;0;2
"action-economique";2;0;2
"actionsociale";1;1;2
"activite-de-loisir";2;0;2
"activites-spatiales";1;1;2
"actuellement";2;0;2
"ad-hoc";2;0;2
"adoption-d-enfant";1;1;2
"adoption-internationale";1;1;2
"aeroport-de-beauvais-tille";2;0;2
"affectation";2;0;2
"afnor";2;0;2
"afrique";1;1;2
"agr-egats";2;0;2
"agre-gats";2;0;2
"agriculture biologique";1;1;2
"aide-a-la-reconversion";2;0;2
"aide-projet";2;0;2
"aides-au-logement";2;0;2
"aire-de-covoiturage";2;0;2
"airlr";2;0;2
"ajustement";2;0;2
"aliments-pour-animaux";2;0;2
"allocation de solidaritÃ© aux personnes Ã¢gÃ©es";1;1;2
"ambassadeurs";1;1;2
"amelioree";2;0;2
"ameliorees";2;0;2
"ameliorer";2;0;2
"amerique";1;1;2
"amis";1;1;2
"amÃ©nager";1;1;2
"anciennetÃ©";1;1;2
"anciens-sites-industriels";2;0;2
"annuaire-de-lirmm";2;0;2
"annuaire-statistique";2;0;2
"antarctique";2;0;2
"anterieur";2;0;2
"anticipee";2;0;2
"antisÃ©mitisme";2;0;2
"appareil";2;0;2
"appareil productif";1;1;2
"appareils";2;0;2
"appartenant";2;0;2
"appel-d-offre";2;0;2
"apprentissage-professionnel";1;1;2
"arable";1;1;2
"arboree";2;0;2
"archipel molene";1;1;2
"archÃ©ologie";1;1;2
"ard";2;0;2
"armes";1;1;2
"arrÃªts";2;0;2
"art-dramatique";2;0;2
"arts dÃ©coratifs";1;1;2
"arts numÃ©riques";1;1;2
"arts plastiques";1;1;2
"arup";1;1;2
"as1";2;0;2
"aseemblee";2;0;2
"assainissement-autonome";2;0;2
"assimiles";2;0;2
"assortiment";2;0;2
"assurance-maternite";1;1;2
"astronautique";1;1;2
"atlantic";2;0;2
"atteinte";1;1;2
"atteinte-aux-droits-de-l-homme-et-aux-libertes-fondamentales";1;1;2
"auberge";2;0;2
"audiences";2;0;2
"auditions";2;0;2
"australie";1;1;2
"autofinancement";2;0;2
"autorise";1;1;2
"autorisÃ©";1;1;2
"autorites";2;0;2
"autriche";1;1;2
"aviation";2;0;2
"aviculture";2;0;2
"ayrault";2;0;2
"ba-ba";2;0;2
"band";2;0;2
"bande dessinÃ©e";1;1;2
"barges";2;0;2
"barrieres";1;1;2
"bas";2;0;2
"bassin-emploi";2;0;2
"batiment-industriel";2;0;2
"bercy";2;0;2
"betteraves";2;0;2
"bibliographie-nationale";2;0;2
"bibliophile";2;0;2
"biocapacitÃ©";1;1;2
"blesse";1;1;2
"blessee";2;0;2
"bonheur";1;1;2
"bord";2;0;2
"boues";2;0;2
"boursiere";2;0;2
"brevet-depose";2;0;2
"bs";2;0;2
"bto";2;0;2
"budgetaires";2;0;2
"bus-a-haut-niveau-de-service";2;0;2
"c-d-e";2;0;2
"cabane";2;0;2
"cabotage";2;0;2
"caisse-nationale-militaire-de-securite-sociale";2;0;2
"calculer";2;0;2
"camelia";2;0;2
"canal-de-navigation";2;0;2
"capacite-d-accueil";2;0;2
"capacites";2;0;2
"capitalisation";2;0;2
"caprin";2;0;2
"caracteristiques geographiques oceanographiques";1;1;2
"cardiologue";2;0;2
"cardiopathies";2;0;2
"cargo";2;0;2
"carriÃ¨res";2;0;2
"carte ancienne";1;1;2
"carte communale";1;1;2
"carte marine";2;0;2
"carte-judiciaire";1;1;2
"cartes-de-base";2;0;2
"cartescolaire";2;0;2
"casier-judiciaire";2;0;2
"catÃ©gorie abc";2;0;2
"cavalier";2;0;2
"cavm";2;0;2
"cbprd";2;0;2
"ccp";2;0;2
"cdn";1;1;2
"centre pompidou";2;0;2
"centre-de-realisation";2;0;2
"centre-ouest";2;0;2
"centres investigateur";2;0;2
"centreville";2;0;2
"cepidc";2;0;2
"ceramique";2;0;2
"cereale-alimentaire";2;0;2
"cerealiere";2;0;2
"certains";2;0;2
"certificat-complementaire-de-protection";2;0;2
"certifies";1;1;2
"cessations";1;1;2
"cet";2;0;2
"ceux";2;0;2
"cfap";1;1;2
"chalands";2;0;2
"chalet";2;0;2
"chalet-de-vente";2;0;2
"chambre-hote";2;0;2
"change";2;0;2
"changement de rÃ©sidence";2;0;2
"chargement";2;0;2
"chauffage urbain";1;1;2
"chef-de-gouvernement";1;1;2
"cheminees-anciennes";2;0;2
"cheminementtrottoir";1;1;2
"chiffre-d-affaires";2;0;2
"chimie";2;0;2
"chimique";2;0;2
"chirurgicales";2;0;2
"choisi";2;0;2
"chorale";2;0;2
"chroniques";2;0;2
"cib";2;0;2
"cibul";2;0;2
"cigarette electronique";1;1;2
"cigarette Ã©lectronique";2;0;2
"citl";2;0;2
"citp";1;1;2
"clap";1;1;2
"clÃ©vacances";2;0;2
"cns";2;0;2
"cohabitationnel";2;0;2
"collaborant";2;0;2
"collaboration";2;0;2
"collaborative";1;1;2
"collagene";2;0;2
"collectees";2;0;2
"collecteur";2;0;2
"collectifs";2;0;2
"collectivitelocale";1;1;2
"college-d-enseignement-general";2;0;2
"college-d-enseignement-specialise";2;0;2
"colleges-prives";2;0;2
"colza";2;0;2
"combinee";2;0;2
"commande";2;0;2
"commandes";2;0;2
"commence";1;1;2
"commencÃ©";1;1;2
"communication-des-donnees";2;0;2
"compagnie";2;0;2
"compensation";2;0;2
"complete";2;0;2
"compte-sante";2;0;2
"comptes-de-la-protection-sociale";2;0;2
"comptes-nationaux-de-la-sante";2;0;2
"concurrence";1;1;2
"condamnations";2;0;2
"condamnations-penales";2;0;2
"confiance";1;1;2
"connaissances";2;0;2
"connectes";2;0;2
"connu";2;0;2
"conseil rÃ©gional";2;0;2
"considerant";2;0;2
"consideres";2;0;2
"consommation-medicale";1;1;2
"consumer";2;0;2
"contentieux-electoral";1;1;2
"contexte";2;0;2
"continent";2;0;2
"contre";2;0;2
"contribution";1;1;2
"controle-des-lois";1;1;2
"conventionnels";2;0;2
"convergence";2;0;2
"convertir";2;0;2
"coopÃ©ration";1;1;2
"coopÃ©ratives";2;0;2
"correcteurs";2;0;2
"corruption";1;1;2
"cosip";2;0;2
"cotisations-sociales";2;0;2
"courants de marÃ©e";2;0;2
"cours des comptes";1;1;2
"couvertes";2;0;2
"cp";2;0;2
"creativite";1;1;2
"crediteurs";2;0;2
"cres";2;0;2
"crise-economique";2;0;2
"critere";2;0;2
"croatie";2;0;2
"croisieres";2;0;2
"cts";2;0;2
"culture et communication";2;0;2
"culture-permanente";2;0;2
"culturels";2;0;2
"cyclomoteurs";1;1;2
"cylindree";2;0;2
"cÃ©rÃ©ales";2;0;2
"d-appels";2;0;2
"d-etail";2;0;2
"d-occupation";2;0;2
"d-offres";2;0;2
"dalle";2;0;2
"danemark";1;1;2
"dbo";2;0;2
"debat-parlementaire";2;0;2
"debits";1;1;2
"decaissee";2;0;2
"decaissements";2;0;2
"deces-annuel";2;0;2
"dedouanement";2;0;2
"defiscalisation";2;0;2
"defoliation";2;0;2
"degres-jours";2;0;2
"delai";2;0;2
"delais";2;0;2
"deliberationexecutoire";2;0;2
"delinquance-juvenile";1;1;2
"delinquants-precoces";1;1;2
"demandeurs";2;0;2
"demographique";2;0;2
"dendromÃ©trie";1;1;2
"denergie";2;0;2
"depense-sociale";2;0;2
"deposes";2;0;2
"dernieres";2;0;2
"desentreprises";2;0;2
"designes";2;0;2
"desosser";2;0;2
"dessin-et-modele";1;1;2
"detaille";2;0;2
"detention";2;0;2
"detenues";2;0;2
"dette-exterieure";1;1;2
"dette-exterieure-publique";1;1;2
"dettes";1;1;2
"developpe";2;0;2
"developpement-social";1;1;2
"devis";1;1;2
"df-dn";2;0;2
"dialogue-social";1;1;2
"difficultes";2;0;2
"dimanche";2;0;2
"dimensions";2;0;2
"dioxines";1;1;2
"dioxyde-d-azote";2;0;2
"diplomatiques";2;0;2
"directes";2;0;2
"disciple-sportive";2;0;2
"discotheques";2;0;2
"disponible";2;0;2
"disponibles";2;0;2
"disposant";2;0;2
"dispositions";2;0;2
"disquaire";2;0;2
"distribution-d-eau";2;0;2
"document-public";1;1;2
"documentation-technique";2;0;2
"domainepublic";2;0;2
"donnees-comptables";1;1;2
"donnees-economiques";1;1;2
"donnees-epa";2;0;2
"donnees-etat";2;0;2
"dotation-de-fonctionnement";2;0;2
"dotees";2;0;2
"dpma";2;0;2
"droit-au-logement";1;1;2
"droit-de-l-urbanisme";1;1;2
"droit-social";2;0;2
"droits-d-auteur";1;1;2
"droits-de-la-femme";1;1;2
"dublin";2;0;2
"dÃ©jections animales";2;0;2
"dÃ©parts";2;0;2
"dÃ©veloppement durable et Ã©nergie";2;0;2
"e-cigarette";1;1;2
"e-commerce";1;1;2
"e-liquide";1;1;2
"eau-de-transition";2;0;2
"eaupotable";1;1;2
"ecart";1;1;2
"echec";2;0;2
"echp";2;0;2
"ecigarette";1;1;2
"ecn";2;0;2
"eco-efficacite";2;0;2
"ecolematernelle";1;1;2
"ecrites";2;0;2
"ecusson";2;0;2
"editeur";1;1;2
"education-speciale";2;0;2
"effectif salariÃ©";1;1;2
"effectif-non-salarie";1;1;2
"effectue";2;0;2
"eft";2;0;2
"elargie";2;0;2
"elargies";2;0;2
"elargir";2;0;2
"elearning";2;0;2
"election-nationale";2;0;2
"elections-legislatives-assemblee-nationale-depute";1;1;2
"eleve-enseignant";2;0;2
"eliquide";1;1;2
"emploi-population";2;0;2
"emploi-public";1;1;2
"employeur";2;0;2
"empreinte Ã©cologique";1;1;2
"energetique";1;1;2
"energetiques";1;1;2
"enfa";1;1;2
"enfants-moins-de-3-ans";1;1;2
"enquÃªte";2;0;2
"enregistres";2;0;2
"enseignement-public";2;0;2
"enseignement-public-et-prive";1;1;2
"entreposage";2;0;2
"entrepot";2;0;2
"entrepreneur";1;1;2
"entreprise-en-difficulte";2;0;2
"entreprises-de-distribution";2;0;2
"enumeres";2;0;2
"environmental-policy";2;0;2
"environneme";1;1;2
"environnemental";2;0;2
"environnementaux";2;0;2
"envisageant";2;0;2
"epave";1;1;2
"epicentres";2;0;2
"epreuves";2;0;2
"epreuves-classantes-nationales";2;0;2
"ept";2;0;2
"equipementsportif";2;0;2
"equivalent temps";1;1;2
"eric";2;0;2
"error-404";2;0;2
"escalier-exterieur";2;0;2
"espace naturel";2;0;2
"espace-militaire";1;1;2
"espÃ©rance de vie";1;1;2
"esri";1;1;2
"estimations";1;1;2
"estimee";2;0;2
"etablissements-agrees";2;0;2
"etablissements-enregristres";2;0;2
"etalab-gouv-fr";1;1;2
"etape";2;0;2
"etaps";1;1;2
"ethique";1;1;2
"etudiante";2;0;2
"etudiee";2;0;2
"etudient";2;0;2
"eu-silc";2;0;2
"eur";2;0;2
"europÃ©ennes";2;0;2
"exacts";2;0;2
"excellence";2;0;2
"exclues";2;0;2
"exclusif";2;0;2
"exclusion";1;1;2
"execution";2;0;2
"exercice-salarie";1;1;2
"expeditions";2;0;2
"expliquer";2;0;2
"exploitants";2;0;2
"exploites";2;0;2
"explolitation";2;0;2
"expropriation";1;1;2
"exterieur";2;0;2
"extractives";2;0;2
"extraite";2;0;2
"extremes";1;1;2
"fam";2;0;2
"familiaux";2;0;2
"fats";2;0;2
"fertilite";2;0;2
"fertilizers";2;0;2
"feuxrouges";2;0;2
"feuxtricolores";2;0;2
"fibre optique";1;1;2
"fichier-unite";1;1;2
"films-agrees";2;0;2
"films-francais";1;1;2
"films-francais-production";1;1;2
"films-sortis";1;1;2
"financements";1;1;2
"financiere";1;1;2
"fixe";2;0;2
"flexibilite";2;0;2
"fluctuations";2;0;2
"flux-migratoires";1;1;2
"fmi";2;0;2
"foire";1;1;2
"fonctions";2;0;2
"fondations";1;1;2
"fonds-cmu";2;0;2
"fonds-de-dotation";1;1;2
"fonds-structurel";2;0;2
"forain";2;0;2
"forcee";2;0;2
"formation-en-alternance";1;1;2
"formation-et-apprentissage";1;1;2
"formulaires";1;1;2
"fossiles";1;1;2
"fourni";2;0;2
"foyers-fiscaux";2;0;2
"fpi";2;0;2
"frais cabinet";1;1;2
"fraises";2;0;2
"france culture";2;0;2
"frequemment";2;0;2
"fÃ©dÃ©rations";1;1;2
"garantie";2;0;2
"general";2;0;2
"geres";2;0;2
"gestion-de-la-dette";1;1;2
"gestion-de-la-foret";1;1;2
"gestion-onf";1;1;2
"ghm";2;0;2
"gibiers-d-elevage";2;0;2
"glissiere";2;0;2
"gr";2;0;2
"grain";2;0;2
"grande-consommation";1;1;2
"grandes Ã©coles";1;1;2
"graves";2;0;2
"gravite";2;0;2
"gravure";2;0;2
"grece";2;0;2
"grille-tarifaire";2;0;2
"gros";2;0;2
"group";2;0;2
"groupe-d-elu";2;0;2
"gynÃ©cologues";1;1;2
"gÃ©odÃ©sie";2;0;2
"habitat-amenagement";1;1;2
"habituelle";2;0;2
"habituellement";2;0;2
"handicape-mental";1;1;2
"harmonis-es";2;0;2
"harmonise";2;0;2
"hebergement-d-urgence";1;1;2
"hebergement-pour-personnes-agees";2;0;2
"hemicycle";2;0;2
"herbacee";2;0;2
"heures";2;0;2
"hollande";2;0;2
"horloges";2;0;2
"hospitalisation-complete";2;0;2
"hote";2;0;2
"hydroelectrique";2;0;2
"hydroelectriques";2;0;2
"hypertension-arterielle";2;0;2
"iati";1;1;2
"ifn";1;1;2
"ifre";1;1;2
"ile_de_france";2;0;2
"imagerie";2;0;2
"ime";2;0;2
"immatriculation-de-societe";1;1;2
"immatriculation-de-vehicule";2;0;2
"immediatement";2;0;2
"immobilise";2;0;2
"immunisation";1;1;2
"implantees";2;0;2
"implementation";2;0;2
"important";2;0;2
"impÃ´ts";2;0;2
"incorporels";2;0;2
"individuels";2;0;2
"induites";2;0;2
"industrie-industrie";2;0;2
"inegalite";2;0;2
"information-legale";1;1;2
"information-sur-la-pollution";1;1;2
"informatique-et-liberte";1;1;2
"initiative-locale";1;1;2
"innodation";2;0;2
"innondations";2;0;2
"innovant";2;0;2
"innovante";2;0;2
"innovations";1;1;2
"inria";2;0;2
"insalubrite";2;0;2
"institut-medico-educatif";2;0;2
"institutionel";2;0;2
"interimaire";2;0;2
"intermediaire";1;1;2
"interquintile";2;0;2
"interruptions-volontaires-de-grossesse";2;0;2
"intra";2;0;2
"inventaire forestier national";1;1;2
"investissements-etrangers";2;0;2
"investissements-francais";2;0;2
"invs";2;0;2
"irdes";2;0;2
"irrigables";2;0;2
"irriguees";2;0;2
"isced";2;0;2
"ischemiques";2;0;2
"iuf";2;0;2
"ivg-medicamenteuse";2;0;2
"jacques jp martin";2;0;2
"jacques martin";2;0;2
"jeux en ligne";2;0;2
"juge";1;1;2
"jusque";2;0;2
"kel";1;1;2
"kelquartier";1;1;2
"kilometrage";2;0;2
"knight-foundation";2;0;2
"l-acces";2;0;2
"ladministration";2;0;2
"laitieres";2;0;2
"laitiers";2;0;2
"lampe";2;0;2
"lapins";2;0;2
"legales";1;1;2
"legume-a-racine";2;0;2
"letranger";2;0;2
"liaisons";2;0;2
"liberalite";2;0;2
"libertic";2;0;2
"licence-payante";2;0;2
"limites-de-voies";2;0;2
"liquidation-de-societe";2;0;2
"liste-des-elus";1;1;2
"lit-hospitalier";2;0;2
"littÃ©rature";1;1;2
"loi pinel";1;1;2
"longueur";2;0;2
"loto";1;1;2
"louviers";2;0;2
"lte";2;0;2
"luz";2;0;2
"lyceen";2;0;2
"m-n";2;0;2
"maastricht";2;0;2
"machinerie";2;0;2
"machines";2;0;2
"magazines";2;0;2
"maison-accueil-personne-agee";2;0;2
"maison-des-adolescents";2;0;2
"maison-des-aines";2;0;2
"maladies cardio-vasculaires";1;1;2
"mali";1;1;2
"malnutrition";2;0;2
"mandat-parlementaire";2;0;2
"manque";2;0;2
"manufacturier";2;0;2
"manufacturieres";2;0;2
"manuscrit";2;0;2
"marchands";2;0;2
"marche-de-plein-vent";2;0;2
"marche-du-gravail";2;0;2
"marchepublic";2;0;2
"masse";2;0;2
"masse-d-eau";2;0;2
"maternel";2;0;2
"matiere";2;0;2
"matieres";1;1;2
"matrimoniale";2;0;2
"matÃ©riel";2;0;2
"maximal";2;0;2
"maximums";2;0;2
"mdg";1;1;2
"mdg2015";1;1;2
"mecanique";2;0;2
"mecaniques";2;0;2
"medecine-chirurgie-obstetrique";2;0;2
"medecins-generalistes";1;1;2
"mediator";1;1;2
"melons";2;0;2
"menager";2;0;2
"mental";2;0;2
"menuiserie";2;0;2
"mettre";2;0;2
"mineraux";2;0;2
"minimum";1;1;2
"minimum vieillesse";1;1;2
"ministre-delegue";2;0;2
"mixte";2;0;2
"mobilisation";2;0;2
"mod electronique";2;0;2
"mod Ã©lectronique";2;0;2
"modale";2;0;2
"mode-occupation";2;0;2
"modes";2;0;2
"modÃ¨le numÃ©rique de terrain";2;0;2
"mondiale";1;1;2
"monnaie";1;1;2
"monumentales";2;0;2
"morbidite";2;0;2
"mortalite-evitable";2;0;2
"mortalite-infantile";1;1;2
"moteurs";2;0;2
"motif";2;0;2
"motocycles";2;0;2
"moutons";2;0;2
"mouvement-sportif";1;1;2
"mre";2;0;2
"mtc";2;0;2
"municipales 2008";1;1;2
"mÃ©tadonnÃ©es";2;0;2
"nac";2;0;2
"nature de fond";1;1;2
"necessaires";2;0;2
"necessitant";2;0;2
"nicotine";1;1;2
"nitreux";2;0;2
"niveaux caracteristiques";1;1;2
"niveaux-moyens";2;0;2
"niveuax";2;0;2
"non-rhst";2;0;2
"non-ue";2;0;2
"normal";2;0;2
"notice-bibliographique";2;0;2
"nouveau-nes";2;0;2
"nouveaux-cas";1;1;2
"nouvelle-zelande";1;1;2
"nouvelles-technologies";1;1;2
"nucleaire-civil";1;1;2
"objectif";2;0;2
"obligations-de-service-public";1;1;2
"obstetricien";1;1;2
"obstructions";1;1;2
"occupant";2;0;2
"occupee";2;0;2
"occuper";2;0;2
"ocde";1;1;2
"octroi";2;0;2
"officiel";1;1;2
"officielle";2;0;2
"officine-privee";1;1;2
"offres";1;1;2
"oliveraies";2;0;2
"oms";2;0;2
"ondam";2;0;2
"ong";1;1;2
"onu";2;0;2
"optimisme";2;0;2
"ordre";2;0;2
"organisation-culturelle";1;1;2
"organise";2;0;2
"oti";2;0;2
"ouessant";1;1;2
"outward";2;0;2
"ovoproduits";2;0;2
"oxygene";2;0;2
"pacte-92";2;0;2
"paie";2;0;2
"paiement-a-la-performance";2;0;2
"panneaux-de-circulation-routiere";2;0;2
"pannes";2;0;2
"par-departement";2;0;2
"paramedicaux";2;0;2
"parcours-buissonniers";2;0;2
"parcours-culturels";2;0;2
"parkingsouterrain";1;1;2
"partiellement";2;0;2
"partis_politiques";1;1;2
"parts";2;0;2
"patient";1;1;2
"patrimoine naturel";2;0;2
"patrimoine-immobilier";1;1;2
"pdh";2;0;2
"peches";2;0;2
"pedicure";2;0;2
"pedicure-podologue";2;0;2
"perequation";2;0;2
"perfectionnement";2;0;2
"performantes";2;0;2
"perinatalite";2;0;2
"personnalisee";2;0;2
"personne";2;0;2
"personnel-infirmier";1;1;2
"perte";2;0;2
"peuplee";2;0;2
"photo aÃ©rienne";2;0;2
"photoaerienne";2;0;2
"photographies aÃ©riennes";2;0;2
"pied";2;0;2
"pjl";2;0;2
"plan-agroenvironnemental";2;0;2
"plan-topographique";1;1;2
"plantations";2;0;2
"plein";1;1;2
"plus-nace";2;0;2
"poids";2;0;2
"points d intÃ©ret";1;1;2
"poires";2;0;2
"poiriers";2;0;2
"pole-urbain";2;0;2
"police-gendarmerie-crime-delits-statistiques";1;1;2
"politique-d-insertion";1;1;2
"politique-de-cooperation";1;1;2
"politique-de-l-audiovisuel";1;1;2
"politique-de-l-emploi";1;1;2
"politique-de-l-energie";1;1;2
"politique-de-la-famille";1;1;2
"politique-du-livre";1;1;2
"politique-industrielle";1;1;2
"politique-penitentiaire";1;1;2
"politique-portuaire";1;1;2
"politique-spatiale";1;1;2
"politique-urbaine";1;1;2
"politiques-communes";1;1;2
"politiques-europeennes";1;1;2
"pologne";1;1;2
"ponpignane";2;0;2
"population-scolaire";2;0;2
"porcins";2;0;2
"port-maritime";2;0;2
"portable";2;0;2
"ports-autonomes";1;1;2
"portuaire";2;0;2
"possdant";2;0;2
"postes-de-direction";1;1;2
"poteaux-a-feux";2;0;2
"potentielles";2;0;2
"poursuite";2;0;2
"pourvoir";1;1;2
"pouvoirs-publics";1;1;2
"poÃ©sie";1;1;2
"pratiques";2;0;2
"pratiques phyto-sanitaires";2;0;2
"pratiques-amateurs";2;0;2
"precaution";2;0;2
"prefet";2;0;2
"premier ministre";2;0;2
"presdientielles";2;0;2
"preservatifs";2;0;2
"president-du-conseil";1;1;2
"presomption-d-innocence";1;1;2
"prestataire";2;0;2
"prestation-securite-sociale";1;1;2
"prestations-sociales";2;0;2
"prevention-des-risques";1;1;2
"prevention-sanitaire";1;1;2
"prevu";2;0;2
"privacy";2;0;2
"prix des terres";2;0;2
"probabilite";2;0;2
"production-de-legumes-frais";2;0;2
"produit-a-base-de-fruits";2;0;2
"produits pÃ©troliers";2;0;2
"professions liberales";1;1;2
"profits";2;0;2
"programmes politiques";1;1;2
"promotion-des-echanges";1;1;2
"propres";2;0;2
"protection-de-la-faune";2;0;2
"protection-juridique";1;1;2
"provenance";1;1;2
"prÃ©alable";1;1;2
"psychologique";2;0;2
"psychologue";2;0;2
"pve";1;1;2
"pÃ¨re-lachaise";1;1;2
"pÃ©dagogie";2;0;2
"pÃ©dologie";1;1;2
"pÃ´le de competitivitÃ©";2;0;2
"qr-code";2;0;2
"qualifications";2;0;2
"qualitÃ© de vie";1;1;2
"question-prioritaire-de-constitutionnalite";1;1;2
"raccordee";2;0;2
"rachats";2;0;2
"radiosondage";1;1;2
"rapporte";2;0;2
"realise";2;0;2
"rebasees";2;0;2
"recherche clinique";2;0;2
"rechercher";2;0;2
"reconversion-professionnelle";1;1;2
"recourir";2;0;2
"recours-aux-soins";2;0;2
"recus";1;1;2
"redoublants";2;0;2
"reduction";2;0;2
"reechelonne";2;0;2
"reechelonnes";2;0;2
"reel";2;0;2
"reelles";2;0;2
"reels";2;0;2
"referentiel geographique littoral";1;1;2
"reforme-penale";1;1;2
"refroidissement";2;0;2
"regionales-vote";1;1;2
"reglement-ce-183-2005";2;0;2
"reinsertion";1;1;2
"relatifs";2;0;2
"relation-aerienne";2;0;2
"relations-exterieures";1;1;2
"relations-professionnelles";1;1;2
"remontees-nappes";2;0;2
"remplis";2;0;2
"rentrees";2;0;2
"reperes fondamentaux";1;1;2
"reserve-biologique";1;1;2
"reside";2;0;2
"residence-de-tourisme";2;0;2
"residentielle";2;0;2
"resources";2;0;2
"responsabilites";2;0;2
"responsive-design";1;1;2
"ressources forestiÃ¨res";1;1;2
"resteraient";2;0;2
"resultant";2;0;2
"resultat-de-l-exercice";2;0;2
"resultats du bac";2;0;2
"revenue";2;0;2
"risque-industriel";1;1;2
"roman";2;0;2
"rougeole";1;1;2
"royaume-uni";1;1;2
"rpi";1;1;2
"rsa-socle";2;0;2
"rt-2012";2;0;2
"rupture";2;0;2
"rÃ©novation habitat";1;1;2
"rÃ©partition espÃ¨ces";1;1;2
"rÃ©seau social";2;0;2
"rÃ©sultat";1;1;2
"rÃ©sultats du bep";2;0;2
"rÃ©sultats du brevet des collÃ¨ges";2;0;2
"rÃ©sultats du bts";2;0;2
"rÃ©sultats du cap";2;0;2
"sahara";2;0;2
"salage";2;0;2
"salle-de-lecture";2;0;2
"salmonelle";2;0;2
"samsah";2;0;2
"sanction";2;0;2
"sante-bucco-dentaire";1;1;2
"sante-travail";2;0;2
"sarkozy";2;0;2
"satese";2;0;2
"saucisse";2;0;2
"saumon";1;1;2
"savs";2;0;2
"sciage";2;0;2
"sciages";2;0;2
"scientifiques";2;0;2
"secuite";2;0;2
"securite-interieure";1;1;2
"securite-nucleaire";1;1;2
"sediments";2;0;2
"sejour-hospitalier";2;0;2
"sejourne";2;0;2
"semitan";2;0;2
"serie";2;0;2
"service-de-documentation";2;0;2
"service-national";2;0;2
"service-public-d-archives";2;0;2
"servicepublic";2;0;2
"services-de-l-eau";1;1;2
"services-postaux";1;1;2
"seule";2;0;2
"sexes";1;1;2
"signalisation-touristique";2;0;2
"signatures";2;0;2
"signes de qualitÃ©";2;0;2
"situation";1;1;2
"sms";1;1;2
"sn";1;1;2
"socio-demographiques";1;1;2
"socio-economiques";2;0;2
"sociodemographie";2;0;2
"socolissimo";1;1;2
"soins-dentaires";2;0;2
"soins-infirmiers-domicile";1;1;2
"soins-longue-durÃ©e";2;0;2
"soit";2;0;2
"solde";2;0;2
"sommellerie";2;0;2
"sorties-nocturnes";2;0;2
"souffrent";1;1;2
"sous-prefet";1;1;2
"souterraine";1;1;2
"soutiens";2;0;2
"souvenirs";2;0;2
"sphÃ¨re culturelle";1;1;2
"sport-de-balle";1;1;2
"sport-professionnel";1;1;2
"ssiad";2;0;2
"standards";1;1;2
"statiss";2;0;2
"stockage-des-dechets";2;0;2
"strasplus";2;0;2
"substances";1;1;2
"succes";2;0;2
"sucrieres";2;0;2
"sud";2;0;2
"suffisance";2;0;2
"suicides";2;0;2
"suivant";2;0;2
"suivants";2;0;2
"superfice";2;0;2
"surcharge-ponderale";2;0;2
"surete-nucleaire";1;1;2
"surface-boisee";2;0;2
"survie";2;0;2
"sve";2;0;2
"syndicat-de-communes";2;0;2
"syndicats-d-eau-potable";2;0;2
"systeme-de-sante";1;1;2
"systeme-universitaire";1;1;2
"sÃ©dimentologie";2;0;2
"sÃ©natoriales";1;1;2
"taille-d-entreprise";2;0;2
"tamm";2;0;2
"tarif de cubage";1;1;2
"taxes-foncieres";2;0;2
"tcheque";2;0;2
"techniciens";1;1;2
"telepac";2;0;2
"telephonique";1;1;2
"telephoniques";1;1;2
"temperament";2;0;2
"temporaires";2;0;2
"temps-de-parcours";1;1;2
"tempÃ©ratures";2;0;2
"territoires-artificialises";1;1;2
"the";1;1;2
"tirage";2;0;2
"toiture";2;0;2
"tourime";1;1;2
"tourisme-de-masse";2;0;2
"touristes";1;1;2
"tra";1;1;2
"tracts";2;0;2
"traitement-de-l-eau";2;0;2
"traitment";2;0;2
"transformant";2;0;2
"transformes";2;0;2
"transigees";2;0;2
"transitions";2;0;2
"transports-maritime-et-fluvial";2;0;2
"travail-illegal";2;0;2
"travailleur";2;0;2
"travailleurs";1;1;2
"tri-sac";1;1;2
"trimestrielle";2;0;2
"troc";1;1;2
"trouver";1;1;2
"tuees";2;0;2
"tÃ©lÃ©phoniques";1;1;2
"uem";2;0;2
"ufo";2;0;2
"umts";2;0;2
"union";2;0;2
"unite-de-betail";2;0;2
"unite-soins-longue-duree";2;0;2
"unites-video-vendues";2;0;2
"urbains";2;0;2
"usage des sols";1;1;2
"usld";2;0;2
"uterus";2;0;2
"utile";2;0;2
"utilisations";2;0;2
"utilises";2;0;2
"utilite";1;1;2
"vacants";1;1;2
"vaches";2;0;2
"val-de-saone";2;0;2
"valables";2;0;2
"valeurs";2;0;2
"validite";2;0;2
"vandalisme";2;0;2
"vapotage";1;1;2
"veille-sanitaire";1;1;2
"ventilee";2;0;2
"videocassette";2;0;2
"videotheques";2;0;2
"vie associative";2;0;2
"vie politique";2;0;2
"vie_politique";1;1;2
"vieillissement-population";2;0;2
"vignobles";1;1;2
"vis-a-vis";2;0;2
"visant";2;0;2
"visibilite";1;1;2
"volailles-et-lapins";1;1;2
"vols";2;0;2
"vsl";2;0;2
"vulnerables";2;0;2
"week-ends";2;0;2
"wifi paris";1;1;2
"world-bank";1;1;2
"wwf";1;1;2
"zero hydrographique";1;1;2
"zone-emploi";2;0;2
"zone-industrielle";2;0;2
"zones-bleues";2;0;2
"zones-submersibles";2;0;2
"zonescolaire";2;0;2
"Ã©crans";1;1;2
"Ã©crans cinÃ©ma";2;0;2
"Ã©galitÃ© hommes-femmes";1;1;2
"Ã©pandage";2;0;2
"Ã©paves";1;1;2
"Ã©quidÃ©s";1;1;2
"coiffure";1;1;2
"haute-normandie";1;1;2
"jorf";0;2;2
"journees-europeennes-du-patrimoine-2012";0;2;2
"journees-patrimoine-2012";0;2;2
"rff";1;1;2
"90-539-CEE";2;0;2
"91-68-CEE";2;0;2
"AM-08-06-06";2;0;2
"Aquaculture";2;0;2
"Collecte-de-lait";2;0;2
"DA-c-sosser";2;0;2
"Escargots";2;0;2
"Etablissements-enregristrxs";2;0;2
"Gelatine";2;0;2
"Gibiers-dxlevage";2;0;2
"Gibiers-sauvage";2;0;2
"PAche";2;0;2
"Repas";2;0;2
"Rxglement-CE-183-2005";2;0;2
"Viande";2;0;2
"autorisation-de-mise-sur-le-marche";2;0;2
"dosage";2;0;2
"dose-homologation";2;0;2
"phases-de-risque";2;0;2
"alimentation-eau-potable";2;0;2
"bibliothÃ¨ques";1;1;2
"vercors";2;0;2
"lorenz";0;2;2
"histoire de france";1;1;2
"objets mobiliers";1;1;2
"vocabulaire";1;1;2
"data-utile";1;1;2
"logements Ã©ligibles";1;1;2
"trÃ¨s haut dÃ©bit";1;1;2
"code du travail";0;2;2
"chaussure";2;0;2
"comparateur credit auto";1;1;2
"credit auto 0";1;1;2
"sodetrel";2;0;2
"meilleur taux credit auto";1;1;2
"simulation credit";1;1;2
"simulation pret";1;1;2
"mortinatalite";2;0;2
"coface";1;1;2
"pÃ©rimÃ¨tres";2;0;2
"urbanismes";2;0;2
"nom de rue";1;1;2
"affluence";2;0;2
"simulation emprunt";2;0;2
"cio";1;1;2
"communautÃ©";1;1;2
"tÃ©lÃ©chargement";1;1;2
"Ã  la demande";2;0;2
"tÃ©lÃ©phonie mobile";0;2;2
"performance publique";2;0;2
"art dÃ©co";2;0;2
"Ã©metteurs";2;0;2
"antennes mobiles";0;2;2
"innovation sociale";1;1;2
"code-barres";0;2;2
"automÃ©dication";1;1;2
"corbeil-essonnes";2;0;2
"fusion des rÃ©gions";1;1;2
"limoges";1;1;2
"brigade";2;0;2
"insertion professionnelle";0;2;2
"sp98";0;2;2
"robinet";2;0;2
"ddj";0;2;2
"Ã©lections professionnelles";1;1;2
"quartier-en-difficulte";2;0;2
"sydev";1;1;2
"mue";2;0;2
"bnf";2;0;2
"ocÃ©anographie";2;0;2
"prÃ©visions";2;0;2
"services techniques";2;0;2
"distributeurs de billets";2;0;2
"fontaines Ã  eau";2;0;2
"bureaux de poste";2;0;2
"google";1;1;2
"europe-centrale";0;2;2
"aires de jeux";1;1;2
"thermographie";1;1;2
"terrain-de-tennis";1;1;2
"collecte-sÃ©lective";2;0;2
"toutounet";2;0;2
"restauration rapide";2;0;2
"agence immobiliÃ¨re";1;1;2
"temps-rÃ©el";2;0;2
"elections municipales";1;1;2
"ludothÃ¨que";2;0;2
"mÃ©diathÃ¨que";2;0;2
"bureau de poste";2;0;2
"intÃ©rim";2;0;2
"bricolage";1;1;2
"plomberie";1;1;2
"volets";2;0;2
"coiffeurs";1;1;2
"parfumeries";1;1;2
"equipements-administratifs";2;0;2
"lieux-de-culte";2;0;2
"assurance santÃ©";2;0;2
"dÃ©partements franÃ§ais";2;0;2
"mutuelle santÃ©";2;0;2
"mutuelle";1;1;2
"surendettement";1;1;2
"university";1;1;2
"code civil";0;2;2
"onomastique";0;2;2
"expatriÃ©s";0;2;2
"secteur maternelle";2;0;2
"secteur Ã©lÃ©mentaire";2;0;2
"personnes agÃ©es";2;0;2
"population agÃ©es";2;0;2
"reprÃ©sentation syndicale";2;0;2
"admission post bac";0;2;2
"chÃ¨que taxi";2;0;2
"forfait amethyste";2;0;2
"abaissement";2;0;2
"appuis";2;0;2
"borne-de-mixte";2;0;2
"borne-de-sortie";2;0;2
"formes-urbaines";2;0;2
"parcobus";2;0;2
"prevention-des-risques-naturels";2;0;2
"proprete-urbaine";2;0;2
"reseau-electronique-d-information";2;0;2
"secteurs-naturels";2;0;2
"terrains-reserves";2;0;2
"cybersÃ©curitÃ©";1;1;2
"fonds aide gÃ©nÃ©raliste";2;0;2
"menages avec enfants";2;0;2
"projets de ville";2;0;2
"trafic routier";2;0;2
"voyance amour gratuite";2;0;2
"voyance amoureuse";2;0;2
"equilibre";1;1;2
"voyance gratuite par tchat";2;0;2
"voyance par tchat";2;0;2
"assistants maternels";2;0;2
"protection infantile";2;0;2
"prÃ©vention spÃ©cialisÃ©e";2;0;2
"abattement";2;0;2
"bassin loire-bretagne";2;0;2
"allocation compensatrice tierce personne";2;0;2
"prestation de compensation du handicap";2;0;2
"privÃ©";2;0;2
"itinÃ©raires";2;0;2
"tiers lieu";1;1;2
"aber";2;0;2
"flore-opportuniste";2;0;2
"milieu-biologique-especes-especes-proliferantes-indesirables";1;1;2
"manche-mer-du-nord";2;0;2
"ospar";2;0;2
"abcis";2;0;2
"donnnees-ouvertes";2;0;2
"balances";2;0;2
"depannage";1;1;2
"Ã©lection prÃ©sidentielle 2012";2;0;2
"Ã©lections lÃ©gislatives 2012";2;0;2
"Ã©lections cantonales 2011";2;0;2
"Ã©lections rÃ©gionales 2010";2;0;2
"Ã©lections europÃ©ennes 2009";2;0;2
"Ã©lections cantonales 2008";2;0;2
"Ã©lection prÃ©sidentielle 2007";2;0;2
"Ã©lections lÃ©gislatives 2007";2;0;2
"Ã©lections rÃ©gionales 2004";2;0;2
"Ã©lections europÃ©ennes 2004";2;0;2
"Ã©lections cantonales 2004";2;0;2
"Ã©lection prÃ©sidentielle 2002";2;0;2
"Ã©lections lÃ©gislative 2002";2;0;2
"2000";2;0;2
"rÃ©fÃ©rendum 2000";2;0;2
"Ã©lection cantonale 2001";2;0;2
"Ã©lections europÃ©ennes 1999";2;0;2
"1994";2;0;2
"acces-a-la-mer";2;0;2
"activite-economique-autres";2;0;2
"amenagement-de-la-zone-littorale";2;0;2
"autorites-publiques";2;0;2
"belle-isle-en-terre";2;0;2
"chaussees";2;0;2
"collecte-de-dechet";2;0;2
"controle-de-la-circulation";2;0;2
"coquillages";2;0;2
"eau-de-baignade-marine";1;1;2
"exploitation-des-oceans";2;0;2
"gouarec";2;0;2
"guingamp";1;1;2
"ipli";2;0;2
"lamballe";1;1;2
"patrimoine-tourisme-loisirs-tourisme-et-loisirs";2;0;2
"plancoet";2;0;2
"plongee";1;1;2
"plu-35";2;0;2
"pontrieux";2;0;2
"secteur-de-recutement";2;0;2
"anmv";2;0;2
"gip-e-bourgogne";2;0;2
"total";2;0;2
"openlayers";0;2;2
"rÃ©fÃ©rencement";1;1;2
"tavaco";2;0;2
" activitÃ©s Ã©conomiques";2;0;2
" eau potable";2;0;2
" les dÃ©placements professionnels";2;0;2
" montpellier ";2;0;2
" plan";2;0;2
" sport";2;0;2
"AFNOR";2;0;2
"Abris";2;0;2
"Achat";2;0;2
"Arbres";2;0;2
"Arrets";2;0;2
"Banc";2;0;2
"Barcelone";2;0;2
"BarriÃ¨re";2;0;2
"Batiment";2;0;2
"BethlÃ©em";2;0;2
"Boites aux lettres";2;0;2
"Borne incendie";2;0;2
"CAF";2;0;2
"Camping";2;0;2
"Chengdu";2;0;2
"Col";2;0;2
"Croix";2;0;2
"DUP";2;0;2
"Douche";2;0;2
"DÃ©fibrillateur";2;0;2
"EU";2;0;2
"Eolienne";2;0;2
"Espagne";2;0;2
"FrontiÃ¨re";2;0;2
"FÃ¨s";2;0;2
"Giratoire";2;0;2
"Grand cÅur";2;0;2
"Grotte";2;0;2
"Heidelberg";2;0;2
"Kos";2;0;2
"Lampadaire";2;0;2
"LocalitÃ©";2;0;2
"Louisville";2;0;2
"MAPA";2;0;2
"MNS";2;0;2
"MNT";2;0;2
"Magasin";2;0;2
"ModÃ¨le numÃ©rique de surface";2;0;2
"ModÃ¨le numÃ©rique de terrain";2;0;2
"Montagne";2;0;2
"OPAH";2;0;2
"Parc";2;0;2
"Passage Ã  niveau";2;0;2
"Passages piÃ©tons";2;0;2
"Piscine";2;0;2
"Plan";2;0;2
"Point de vue";2;0;2
"Point gÃ©odÃ©sique";2;0;2
"Ponpignane";2;0;2
"Poubelle";2;0;2
"Puits";2;0;2
"QualiVille";2;0;2
"Restaurant";2;0;2
"Rio de Janeiro";2;0;2
"Route";2;0;2
"SNCF";2;0;2
"Sherbrooke";2;0;2
"Source";2;0;2
"Sport";2;0;2
"THT";2;0;2
"Taxi";2;0;2
"TibÃ©riade";2;0;2
"Tlemcen";2;0;2
"Toilette";2;0;2
"Tour de France";2;0;2
"Tourisme";2;0;2
"TÃ©lÃ©phone";2;0;2
"UFO";2;0;2
"VidÃ©o protection";2;0;2
"Ville sans limite";2;0;2
"WC";2;0;2
"ZPPAUP";2;0;2
"Zoo";2;0;2
"action sociale";2;0;2
"aire piÃ©tonne";2;0;2
"amÃ©nagement urbain";2;0;2
"banc public";2;0;2
"bassin versant";2;0;2
"batÃ®ment";2;0;2
"camÃ©ras";2;0;2
"canton ";2;0;2
"capitelle";2;0;2
"chaussÃ©e";2;0;2
"cheminement trottoir";2;0;2
"citerne";2;0;2
"clapas";2;0;2
"compte rendu";2;0;2
"courbes de niveau";2;0;2
"course Ã  pied";2;0;2
"distributeur de billet";2;0;2
"donnÃ©e sociodÃ©mographique";2;0;2
"douche publique";2;0;2
"dÃ©cisions";2;0;2
"dÃ©fibrillateur";2;0;2
"dÃ©nivelÃ©";2;0;2
"enlÃ¨vement";2;0;2
"entrÃ©e ville";2;0;2
"etat civil";2;0;2
"feux rouges";2;0;2
"feux tricolores";2;0;2
"fourriÃ¨re";2;0;2
"handicap ";2;0;2
"indice qualitÃ© air";2;0;2
"jardiniÃ¨re";2;0;2
"jardiniÃ¨res";2;0;2
"le logement";2;0;2
"libertÃ©";2;0;2
"mont";2;0;2
"mÃ©galithes";2;0;2
"numÃ©ro de rue";2;0;2
"office de tourisme";2;0;2
"openstreemap";2;0;2
"permis de construire";2;0;2
"point haut";2;0;2
"procÃ¨s verbal";2;0;2
"pÃ©age";2;0;2
"reportage";2;0;2
"riviÃ¨res";2;0;2
"sens de circulation";2;0;2
"site de proximitÃ©";2;0;2
"site hÃ©bergement";2;0;2
"sites classÃ©s";2;0;2
"sites inscrits";2;0;2
"sociodÃ©mographie";2;0;2
"sommet";2;0;2
"sous-quartier";2;0;2
"station mÃ©trologique";2;0;2
"terrain de sport";2;0;2
"toponyme ";2;0;2
"tÃ©lÃ©phone public";2;0;2
"voies privÃ©es";2;0;2
"vÃ©gÃ©taux";2;0;2
"zone piÃ©tonniÃ¨re";2;0;2
"Ã©change";2;0;2
"Ã©cusson";2;0;2
"Ã©quipement sportif";2;0;2
"Ã©tape";2;0;2
"Ã©vÃ©nement sportif";2;0;2
"nc8";2;0;2
"fiscalitÃ© douaniÃ¨re";2;0;2
"indirect";2;0;2
"serrurier";1;1;2
"serrurier paris";1;1;2
"fairplay renovation";1;1;2
"isolation comble";1;1;2
"isolation exterieur";1;1;2
"isolation toiture";1;1;2
"ite";1;1;2
"renovation energetique";1;1;2
"sarking";1;1;2
"rendez-vous aux jardins";1;1;2
"vie-professionnelle";1;1;2
"dÃ©linquance";1;1;2
"ginseng";1;1;2
"35";2;0;2
"vÃ©lib";0;2;2
"ressources pÃ©dagogiques";1;1;2
"unt";2;0;2
"futur en seine";1;1;2
"1-national-et-interregional";2;0;2
"etablissement-public-foncier-de-normandie";2;0;2
"reseau-energie-telecommunications";2;0;2
"git";0;2;2
"zde";2;0;2
"non-restreint";2;0;2
"contrÃ´les";1;1;2
"nature-paysage-biodiversite-inventaire-nature-biodiversite";2;0;2
"zone-a-risque";2;0;2
"industrie-laitiere";2;0;2
"masse-eau";2;0;2
"sites-industriels-tours-aerorefrigerantes";2;0;2
"hebdomadaire";2;0;2
"quotidien";1;1;2
"21-cote-d-or";2;0;2
"4-g";2;0;2
"conseil-departemental-21";2;0;2
"drjscs";2;0;2
"eau-masse-d-eau";2;0;2
"equipement-sportif-ou-culturel";2;0;2
"habitat-politique-de-la-ville";2;0;2
"transports-deplacements";2;0;2
"crÃ©mation";2;0;2
"perspectives";2;0;2
"Ã©volutions";2;0;2
"bodacc";1;1;2
"assurance-auto";1;1;2
"Ã©lections partielles";2;0;2
"reponses";2;0;2
"rÃ©union";1;1;2
"pld";2;0;2
"bandes-enherbees";2;0;2
"canalisations-d-eau-et-d-assainissement";2;0;2
"centres-de-reception-radio-electriques";2;0;2
"cormoran";2;0;2
"culture-societe-service-sante-social";2;0;2
"defrichement";2;0;2
"degagement-aerien";2;0;2
"depot-de-munition";2;0;2
"hydrocarbure";1;1;2
"installation-sportive";2;0;2
"patrimoine-architectural-et-urbain";2;0;2
"plan-d-alignement";2;0;2
"a-8";2;0;2
"bois-forets-et-dunes";2;0;2
"grt-gaz";1;1;2
"i-4";2;0;2
"mares";2;0;2
"mesnil-martinsart";2;0;2
"mesures-agroenvironnementales";2;0;2
"plan-de-prevention-technologique";2;0;2
"pprt-de-mesnil-saint-nicaise-et-nesle";2;0;2
"prevention-risques-naturels-previsibles-ou-miniers";2;0;2
"protection-des-eaux";2;0;2
"zone-d-ativite";2;0;2
"bon-encontre";2;0;2
"casseneuil";2;0;2
"caudecoste";2;0;2
"frechou";2;0;2
"gaujac";2;0;2
"ledat";2;0;2
"monheurt";2;0;2
"nerac";2;0;2
"entite-territoriale";2;0;2
"foncier-sol-propriete-fonciere";2;0;2
"ansan";2;0;2
"arrouede";2;0;2
"auch";1;1;2
"aujan-mournede";2;0;2
"aurade";2;0;2
"aussos";2;0;2
"auterrive";2;0;2
"avensac";2;0;2
"bajonnette";2;0;2
"barcelonne-du-gers";2;0;2
"bazian";2;0;2
"beaupuy";2;0;2
"bedechan";2;0;2
"bellegarde";2;0;2
"betcave-aguin";2;0;2
"bezeril";2;0;2
"boulaur";2;0;2
"brugnens";2;0;2
"callian";2;0;2
"casteron";2;0;2
"castillon-debats";2;0;2
"cazaux-d-angles";2;0;2
"chelan";2;0;2
"clermont-saves";2;0;2
"encausse";2;0;2
"esclassan-labastide";2;0;2
"escorneboeuf";2;0;2
"espaon";2;0;2
"faget-abbatial";2;0;2
"fregouville";2;0;2
"gaujan";2;0;2
"gimont";2;0;2
"goutz";2;0;2
"isle-bouzon";2;0;2
"labastide-saves";2;0;2
"lahas";2;0;2
"lussan";2;0;2
"montegut";2;0;2
"mouchan";2;0;2
"participation-urbanisme";2;0;2
"pavie";2;0;2
"preignan";2;0;2
"retrait-gonflement";2;0;2
"transports-deplacements-transport-de-marchandise";2;0;2
"urbanisme-operationnel";2;0;2
"vic-fezensac";2;0;2
"narosse";2;0;2
"ca-montlucon";2;0;2
"ca-moulins";2;0;2
"ca-vichy";2;0;2
"vichy-val-d-allier";2;0;2
"vva";2;0;2
"diplÃ´me";2;0;2
"fip";2;0;2
"bellejouanne";2;0;2
"blaiserie";2;0;2
"bois de st pierre";2;0;2
"centre aquatique";2;0;2
"ganterie";2;0;2
"joel potreau";2;0;2
"mairie annexe";2;0;2
"pass parasol";2;0;2
"transport gratuit";2;0;2
"alimentation-en-eau";2;0;2
"baby-foot";2;0;2
"bassin-de-stockage";2;0;2
"c-s";2;0;2
"centre-sociaux-culturel";2;0;2
"chaussures";2;0;2
"city-park";2;0;2
"columbarium";2;0;2
"dechets-plastiques";2;0;2
"dechets-selectifs";2;0;2
"deshuileur";2;0;2
"entrepots";2;0;2
"equipements-eau-pluviale";2;0;2
"equipements-eau-usee";2;0;2
"fourriÃ¨re animale";2;0;2
"funeraires";2;0;2
"maroquinerie";2;0;2
"o-m";2;0;2
"plastique-recyclable";2;0;2
"sites-propres";2;0;2
"station-d-epuration-des-eaux-usees";2;0;2
"station-de-relevage";2;0;2
"table-ping-pong";2;0;2
"usine-de-valorisation-energetique";2;0;2
"zone-d-amenagement-concerte";2;0;2
"eau-de-pluie";2;0;2
"foliotages";2;0;2
"orage";2;0;2
"blessÃ©s";2;0;2
"garÃ§ons";1;1;2
"gravitÃ©";2;0;2
"inventaire-du-patrimoine";2;0;2
"reseau-mixte";2;0;2
"reseau-unitaire";2;0;2
"tuÃ©s";2;0;2
"donnÃ©es couvertes";2;0;2
"transcription";2;0;2
"transcriptions";2;0;2
"cgr";2;0;2
"open law";1;1;2
"parkings-relais-parking-p-tram-tramway-tram-voiture-stationnement";2;0;2
"population-recensement-repartition-occupation-des-sols";2;0;2
"borne-cadastrale";2;0;2
"borne-kilometrique";2;0;2
"borne-multiservices";2;0;2
"four-a-pains";2;0;2
"hydrolique";2;0;2
"lavoir";2;0;2
"passe-a-poisson";2;0;2
"petit-patrimoine";2;0;2
"plans-locaux-d-urbanisme";2;0;2
"point-d-eau";2;0;2
"ponton";2;0;2
"charron";2;0;2
"feux-de-forets";2;0;2
"gestion-quantitative";2;0;2
"mouvement-terrain";2;0;2
"parc-logements";2;0;2
"poitou-charente";2;0;2
"pollution-chimique";1;1;2
"protection-de-l-eau";2;0;2
"qualite-de-l-air";2;0;2
"ruptures-de-barrages";2;0;2
"services-etat";2;0;2
"site-de-production-d-energie";2;0;2
"station-de-surveillance";2;0;2
"submersions";2;0;2
"zone-defense";2;0;2
"zones-inondables";2;0;2
"tchat voyance gratuit";2;0;2
"mots";1;1;2
"atlas rÃ©gional";2;0;2
"montpellier-mediterranee-metropole";2;0;2
"bresil";1;1;2
"alfortville";2;0;2
"plaine-centrale";2;0;2
"pprt-plan-de-prevention-des-risques-technologiques";2;0;2
"bassin-vie";2;0;2
"aop-vins";2;0;2
"nÃ©bulositÃ©";2;0;2
"mahina";2;0;2
"aides-a-la-pierre";2;0;2
"b-1-b-2";2;0;2
"dalo";2;0;2
"duflot";2;0;2
"gare-maritime";2;0;2
"installation-chimique";2;0;2
"logement-politique-de-la-ville-autres";2;0;2
"marche-de-l-habitat";2;0;2
"occupation-du-sol-sol-sous-sol-autres";2;0;2
"operations-programmees-de-l-habitat";2;0;2
"programme-d-action";2;0;2
"programme-de-conservation-des-especes";2;0;2
"reseau-de-mesure";2;0;2
"risque-pour-la-sante";2;0;2
"schemas-d-amenagement-et-de-gestion-des-eaux";2;0;2
"services-et-equipements-publics-autres";2;0;2
"sre";2;0;2
"structure-urbaine";2;0;2
"zar";2;0;2
"mobilitÃ© professionnelle";2;0;2
"reserve-boisee";2;0;2
"zone-speciale-conservation";2;0;2
"emplacement-reserve";2;0;2
"amenagement-territoire";2;0;2
"alliances";1;1;2
"aerorefrigerantes";2;0;2
"agendas-21";2;0;2
"anguilles";2;0;2
"modernisation-des-znieff";2;0;2
"parc-national-des-pyrenees";2;0;2
"ramsar";2;0;2
"zp";2;0;2
"intelligence Ã©conomique.";0;2;2
"dgccrf - consommation  plaintes";2;0;2
"champ-de-tir";2;0;2
"petite-region-agricole";2;0;2
"simplification";1;1;2
"googlemap";0;2;2
"sans-domiciles";2;0;2
"jade";1;1;2
"capp";1;1;2
"cass";1;1;2
"cassation";2;0;2
"Ã©co2mix";1;1;2
"transport solide";2;0;2
"zone-de-protection";2;0;2
"arrest";2;0;2
"athies";2;0;2
"bellancourt";2;0;2
"bovelles";2;0;2
"bussy-les-daours";2;0;2
"cagny";2;0;2
"clery-sur-somme";2;0;2
"estreboeuf";2;0;2
"fienvillers";2;0;2
"hailles";2;0;2
"hebecourt";2;0;2
"mericourt-l-abbe";2;0;2
"milieux-remarquables-biodiversite";2;0;2
"monchy-lagache";2;0;2
"mouflers";2;0;2
"neufmoulin";2;0;2
"pprm-montdidier";2;0;2
"prouzel";2;0;2
"quesnoy-le-montant";2;0;2
"rumigny";2;0;2
"saint-quentin-en-tourmont";2;0;2
"samatan";2;0;2
"usage-des-droits";2;0;2
"vecquemont";2;0;2
"ville-le-marclet";2;0;2
"medecine-sociale";2;0;2
"da-c-sosser";2;0;2
"dar";2;0;2
"etablissements-enregristrxs";2;0;2
"gibiers-dxlevage";2;0;2
"rxglement-ce-183-2005";2;0;2
"santa-c-et-protection-des-animaux";2;0;2
"tests-sxrologiques";1;1;2
"prÃ©diction";1;1;2
"inrap";0;2;2
"cevennes";2;0;2
"e-santÃ©";0;2;2
"mÃ©decine";1;1;2
"faune-caracteres-generaux";2;0;2
"boulet";2;0;2
"calvaires";2;0;2
"ouvrage-conduite";2;0;2
"porzo";2;0;2
"purge";2;0;2
"signaletique-touristique";2;0;2
"zone-mouillage";2;0;2
"alternance";1;1;2
"bassin versant expÃ©rimental";2;0;2
"europÃ©enne";2;0;2
"Effacement";2;0;2
"File d'attente";2;0;2
"FiliÃ¨res";2;0;2
"FlexibilitÃ©";2;0;2
"Flux";2;0;2
"Jour";2;0;2
"MA";2;0;2
"NEBEF";2;0;2
"Raccordement";2;0;2
"RÃ©gions";2;0;2
"alt";2;0;2
"anteriorite";2;0;2
"celibataire";1;1;2
"colca";2;0;2
"marchÃ© de l'Ã©lectricitÃ©";2;0;2
"tous-regimes";2;0;2
"tranche-age";2;0;2
"verses";2;0;2
"injection";1;1;2
"captages-prioritaires";2;0;2
"mat";2;0;2
"programme-d-actions-de-prevention";2;0;2
"zone-exposee";2;0;2
"dom-com";2;0;2
"Ã©tat 4001";2;0;2
"circonscription-electorale";2;0;2
"communaute-d-agglomeration";2;0;2
"grenelle";2;0;2
"schema-d-amenagement-et-de-sestion-des-eaux";2;0;2
"neo4j";0;2;2
"tribunaux de commerce";2;0;2
"assurance chÃ´mage";2;0;2
"bmo";1;1;2
"apul";2;0;2
"rhin";2;0;2
"cocomodel";0;2;2
"future";0;2;2
"zi";2;0;2
"aÃ©roport";1;1;2
"radio-Ã©lectrique";2;0;2
"prÃ©fecture";2;0;2
"inondable";2;0;2
"arrÃªts maladie";2;0;2
"rÃ©gime gÃ©nÃ©ral";2;0;2
"entreprise batiment";0;2;2
"dÃ©marche";2;0;2
"polynÃ©sie";2;0;2
"procÃ©dure";2;0;2
"sentinel";1;1;2
"mÃ©dication";0;2;2
"Points de vente";2;0;2
"RER";2;0;2
"Infrastructure";2;0;2
"Ligne";2;0;2
"Litiges";2;0;2
"MÃ©diateur";2;0;2
"OpenStreetMap";2;0;2
"Passages Ã  niveau";2;0;2
"comptage et flux";2;0;2
"boxe";1;1;2
"panneaux solaires";1;1;2
"aire-retournement";2;0;2
"bouees";2;0;2
"centre-d-exploitation";2;0;2
"chenal-de-navigation";2;0;2
"carottages";2;0;2
"histoire des arts";2;0;2
"institution culturelle";2;0;2
"pÃ©dagogique";2;0;2
"impact administratif et territorial";0;2;2
"tournÃ©e";0;2;2
"militant";1;1;2
"reichstett";2;0;2
"terminal";2;0;2
"higher  education";1;1;2
"carte de france";0;2;2
"prostate";1;1;2
"aide Ã  la presse";2;0;2
"Ã©nergies renouvelables";1;1;2
"enseignes";2;0;2
"brehat";1;1;2
"cote-de-granit-rose";2;0;2
"estuaire-de-la-vilaine";2;0;2
"guisseny";2;0;2
"habitat-benthos-typologie-natura-2000-intertidal-cartographie-rebent";2;0;2
"ile-tome";2;0;2
"intertidal-subtidal";2;0;2
"kerlouan";2;0;2
"mer-iroise";2;0;2
"milieu-physique-geologie-sedimentologie-nature-des-fonds";2;0;2
"plouguerneau";2;0;2
"sediment-marin";2;0;2
"tanne";2;0;2
"zostere";2;0;2
"aber-benoit";2;0;2
"aber-wrac-h";2;0;2
"corsen";2;0;2
"etat-de-mer";2;0;2
"goulven";2;0;2
"hydrodynamisme";2;0;2
"keremma";2;0;2
"le-conquet";2;0;2
"phytobenthos";2;0;2
"ria";2;0;2
".fr";2;0;2
"afnic";2;0;2
"whois";2;0;2
"shp";1;1;2
"cotation";2;0;2
"viandes rouges";2;0;2
"april";0;2;2
"archivage Ã©lectronique";2;0;2
"politique culturelle";2;0;2
"communes nouvelles";1;1;2
"labfab";2;0;2
"tierslieux";2;0;2
"carquefou-44026";2;0;2
"famille-social-sante";2;0;2
"grande distribution";0;2;2
"location appartement";2;0;2
"sgami";1;1;2
"anamorphose";1;1;2
" recette";2;0;2
"1875";2;0;2
"3";2;0;2
"3ieme";2;0;2
"allouÃ©";2;0;2
"ausonnelle";2;0;2
"bilan financier";2;0;2
"binÃ´mes";2;0;2
"boir";2;0;2
"bouconne";2;0;2
"colomiers";2;0;2
"libelle";2;0;2
"mjc";2;0;2
"oeuvres";2;0;2
"patin";2;0;2
"plat";2;0;2
"preparation";2;0;2
"reflexivite";2;0;2
"rÃ©alisation";2;0;2
"trasport";2;0;2
"code insee";2;0;2
"taxref";1;1;2
"anthropologie";2;0;2
"Ã©cole Ã©lÃ©mentaire";2;0;2
"rÃ©gie";2;0;2
"syndicat energies vienne";2;0;2
"tout venant";2;0;2
"non cadre";2;0;2
"contrat de travail";2;0;2
"abondance";2;0;2
"cvd";2;0;2
"dsg";2;0;2
"espace-public-dechets-et-proprete";2;0;2
"lieux-remarquables";2;0;2
"sigec";2;0;2
"zone-de-baignade";2;0;2
"discontinuites";2;0;2
"fragmentations";2;0;2
"obstacles-ferroviaires";2;0;2
"obstacles-routiers";2;0;2
"afaf";1;1;2
"sociÃ©tÃ© civile de placement immobilier";2;0;2
"25-49-ans";2;0;2
"3ieme-circonscription";2;0;2
"a-la-demande";2;0;2
"acces-internet";1;1;2
"accident-corporel";2;0;2
"action-culturelle";2;0;2
"aire-pietonne";2;0;2
"alimentation-animale";2;0;2
"allocation-compensatrice-tierce-personne";2;0;2
"allocation-de-solidarite-aux-personnes-agees";1;1;2
"archipel-molene";1;1;2
"archivage-electronique";2;0;2
"arrets-maladie";2;0;2
"arts-numeriques";1;1;2
"aucamville";2;0;2
"aussonne";2;0;2
"barcelone";2;0;2
"bassin-versant-experimental";2;0;2
"bassins-scolaires";2;0;2
"bassins-versants";2;0;2
"beaute";1;1;2
"beauzelle";2;0;2
"bethleem";2;0;2
"biocapacite";1;1;2
"bois-de-st-pierre";2;0;2
"bornes-geodesiques";2;0;2
"bruguieres";2;0;2
"budget-2016";2;0;2
"cafeteria";2;0;2
"carte-ancienne";1;1;2
"carte-marine";2;0;2
"castelginest";2;0;2
"categorie-abc";2;0;2
"centre-pompidou";2;0;2
"centres-investigateur";2;0;2
"changement-de-residence";2;0;2
"chaussee-degradee";2;0;2
"cheminement-trottoir";2;0;2
"chengdu";2;0;2
"cheque-taxi";2;0;2
"code-lpp";2;0;2
"comptes-de-resultats";2;0;2
"conges";2;0;2
"constructeur-maison";1;1;2
"cooperatives";2;0;2
"cornebarrieu";2;0;2
"cours-des-comptes";1;1;2
"course-a-pied";2;0;2
"credit-auto";2;0;2
"credit-auto-pas-cher";2;0;2
"crue-soudaine";1;1;2
"culture-et-communication";2;0;2
"deces-domicilies";2;0;2
"dendrometrie";1;1;2
"depositaire";2;0;2
"depot-legal";2;0;2
"deux-roues-motorisees";2;0;2
"dgccrf-consommation-plaintes";2;0;2
"distributeur-de-billet";2;0;2
"donnee-sociodemographique";2;0;2
"donnees-couvertes";2;0;2
"donnees-de-la-recherche";1;1;2
"douche-publique";2;0;2
"ecrans-cinema";2;0;2
"election-europeenne";2;0;2
"election-legislative";2;0;2
"election-presidentielle-2007";2;0;2
"election-presidentielle-2012";2;0;2
"elections-europeennes-2009";2;0;2
"elections-municipales-2008";2;0;2
"elections-senatoriales";2;0;2
"electricite-seine-aval";1;1;2
"electromagnetique";2;0;2
"entree-ville";2;0;2
"epoux";2;0;2
"evenement-de-securite-remarquable";2;0;2
"evenement-sportif";2;0;2
"fenouillet";2;0;2
"fes";2;0;2
"fete-du-cinema";2;0;2
"feux-rouges";2;0;2
"fonbeauzard";2;0;2
"fonds-aide-generaliste";2;0;2
"fontaines-a-eau";2;0;2
"forfait-amethyste";2;0;2
"formalites-administratives";1;1;2
"fr";2;0;2
"frais-cabinet";1;1;2
"francaise";1;1;2
"france-info";2;0;2
"france-inter";2;0;2
"gagnac-sur-garonne";2;0;2
"grand-cur";2;0;2
"grand-toulouse";2;0;2
"gratentour";2;0;2
"heidelberg";2;0;2
"histoire-de-france";1;1;2
"humidite-du-sol";2;0;2
"imagerie-satellitaire";1;1;2
"installations-nucleaires";2;0;2
"institution-culturelle";2;0;2
"institutionnel";2;0;2
"inventaire-forestier-national";1;1;2
"investissements-d-avenir";1;1;2
"jeune-entreprise-innovante";1;1;2
"jeux-en-ligne";2;0;2
"joel-potreau";2;0;2
"kilometrique";2;0;2
"kos";2;0;2
"launaguet";2;0;2
"le-logement";2;0;2
"les-deplacements-professionnels";2;0;2
"lespinasse";2;0;2
"litiges";2;0;2
"location-appartement";2;0;2
"loi-pinel";1;1;2
"louisville";2;0;2
"maladies-cardio-vasculaires";1;1;2
"marque-francaise";2;0;2
"materiel-agricole";1;1;2
"mecanisme-dajustement-ma";2;0;2
"megalithes";2;0;2
"menages-avec-enfants";2;0;2
"meudon-la-foret";2;0;2
"mod-electronique";2;0;2
"mod-mecanique";2;0;2
"moyens-materiels";2;0;2
"municipales-2008";1;1;2
"nature-de-fond";1;1;2
"nom-de-rue";1;1;2
"numero-de-rue";2;0;2
"objectifs-du-millenaire";2;0;2
"open-law";1;1;2
"pacte-civil-de-solidarite";2;0;2
"pad";2;0;2
"pedagogique";2;0;2
"pepinieres";2;0;2
"plan-comptable";1;1;2
"plan-de-zonage";2;0;2
"plan-france-tres-haut-debit";1;1;2
"plantes-invasives";2;0;2
"plein-air";2;0;2
"plein-vent";2;0;2
"poesie";1;1;2
"point-geodesique";2;0;2
"point-haut";2;0;2
"politique-culturelle";2;0;2
"population-agees";2;0;2
"pratiques-phyto-sanitaires";2;0;2
"pret-auto";2;0;2
"preteurs";2;0;2
"prix-des-terres";2;0;2
"prix-en-euros-hors-tva";2;0;2
"prix-en-euros-ttc";2;0;2
"prix-mutuelle";1;1;2
"production-photovoltaique";2;0;2
"professions-liberales";1;1;2
"programmes-politiques";1;1;2
"projets-de-ville";2;0;2
"protection-infantile";2;0;2
"puits";2;0;2
"rachat-de-credit";1;1;2
"referencement-naturel";1;1;2
"referentiel-geographique-littoral";1;1;2
"regioanles";2;0;2
"rendez-vous-aux-jardins";1;1;2
"repartition-especes";1;1;2
"representants-interets";2;0;2
"responsable-dequilibre-re";2;0;2
"ressources-forestieres";1;1;2
"resultat-global";2;0;2
"resultats-du-bac";2;0;2
"resultats-du-bep";2;0;2
"resultats-du-brevet-des-colleges";2;0;2
"resultats-du-bts";2;0;2
"resultats-du-cap";2;0;2
"rio-de-janeiro";2;0;2
"risques-chimiques";2;0;2
"risques-professionnels";2;0;2
"saint-alban";2;0;2
"saint-jory";2;0;2
"salles-cinema";2;0;2
"secteur-elementaire";2;0;2
"secteur-maternelle";2;0;2
"seilh";2;0;2
"separation";2;0;2
"serrurier-paris";1;1;2
"services-techniques";2;0;2
"sherbrooke";2;0;2
"signes-de-qualite";2;0;2
"simulation-credit";2;0;2
"simulation-credit-auto";2;0;2
"site-de-proximite";2;0;2
"site-hebergement";2;0;2
"societe-civile-de-placement-immobilier";2;0;2
"societe-de-production";2;0;2
"soins-longue-duree";2;0;2
"solde-commercial";1;1;2
"station-metrologique";2;0;2
"structures-accueil";2;0;2
"tarif-de-cubage";1;1;2
"telephone-public";2;0;2
"terres-arables";1;1;2
"territoires-et-transport";2;0;2
"tht";2;0;2
"tiberiade";2;0;2
"tlemcen";2;0;2
"transport-solide";2;0;2
"transport-specialise";2;0;2
"vaccination-obligatoire";1;1;2
"viandes-rouges";2;0;2
"vie-publiquefr";2;0;2
"ville-sans-limite";2;0;2
"voie-rapide";2;0;2
"voies-privees";2;0;2
"voyance-amour";1;1;2
"voyance-gratuite-amour";1;1;2
"voyance-par-tchat";2;0;2
"zone-accumulation";2;0;2
"acces-au-numerique";1;1;2
"admission-post-bac";1;1;2
"affichage-dynamique";1;1;2
"bd-carto";1;1;2
"carte-administrative";0;2;2
"cartographie-3d";0;2;2
"categorie-sociale";0;2;2
"code-civil";0;2;2
"communs-numeriques";1;1;2
"conformite";1;1;2
"fouille-archeologiques";1;1;2
"impact-administratif-et-territorial";0;2;2
"lorient-agglo";1;1;2
"medication";0;2;2
"nouvelles-communes";0;2;2
"prix-construction";0;2;2
"publicite-exterieure";1;1;2
"regions-administratives";1;1;2
"resultat-bac";0;2;2
"resultat-brevet";0;2;2
"resultats-examens";1;1;2
"risque-incendie";1;1;2
"smart-city";0;2;2
"so-digital";1;1;2
"zone-pinel";0;2;2
"espace-remarquable";2;0;2
"information-du-public";2;0;2
"aires-alimentation-captages";2;0;2
"aires-de-protection-de-biotope";2;0;2
"alea-sismique";2;0;2
"avis-autorite-environnementale";2;0;2
"bassins-de-vie";2;0;2
"bfc";1;1;2
"biens-inscrits";2;0;2
"canalisations";2;0;2
"carthoteque";2;0;2
"corine-land-cover-2006";2;0;2
"ecoquartiers";2;0;2
"enveloppes-de-crues";2;0;2
"habitat-humain";2;0;2
"intercommunaux";2;0;2
"obstacles-a-l-ecoulement";2;0;2
"permeabilite";2;0;2
"politique-gouvernementale";2;0;2
"prggrammes-d-interet-general";2;0;2
"regions-hydrographiques";2;0;2
"secteurs-hydrographiques";2;0;2
"societe-organisme";2;0;2
"usage-dessols";1;1;2
"ville-isolee";2;0;2
"champs-libres";0;2;2
"culture-societe-service-equipement-sportif-ou-culturel";2;0;2
"zones-de-gestion-derestriction-ou-de-reglementation-et-unites-de-declaration";2;0;2
"chauves-souris";2;0;2
"incinerateur";2;0;2
"labellisation";2;0;2
"machefers";2;0;2
"ordure-menageres";2;0;2
"orthophosphate";2;0;2
"phosphore-total";2;0;2
"recyclables-secs";2;0;2
"uiom";2;0;2
"zero-phyto";2;0;2
"protection-de-la-foret";2;0;2
"structure-du-reseau";2;0;2
"bike";2;0;2
"categorie-socio-professionnelle";1;1;2
"code-geographique";2;0;2
"mobility";2;0;2
"multisports";2;0;2
"supermarche";1;1;2
"zone-demploi";2;0;2
"groupe-bpce";2;0;2
"covoiturage-toulouse";0;2;2
"selune";2;0;2
"agricultural-and-aquaculture-facilities";2;0;2
"elections-legislatives-partielles";2;0;2
"ia";1;1;2
"juges";0;2;2
"robot";1;1;2
"1945";2;0;2
"cdad";2;0;2
"coordinateurs";2;0;2
"dg";2;0;2
"district";2;0;2
"dsa";2;0;2
"geodesie-relief";2;0;2
"gerontologique";2;0;2
"grand";1;1;2
"ludotheques";2;0;2
"mare";2;0;2
"romaines";2;0;2
"ru";2;0;2
"sne";1;1;2
"heroku";0;2;2
"mongodb";0;2;2
"fast-food";0;2;2
"nouvelles-regions-francaises";1;1;2
"avantage";2;0;2
"fiche-de-paie";1;1;2
"prix-au-m2";1;1;2
"creperie";2;0;2
"enclos";2;0;2
"sable";2;0;2
"occupation-sol-agriculture-environnement-urbanisme";2;0;2
"mannequinat";0;2;2
"base-carbone";1;1;2
"detecteur-de-monoxyde-de-carbone";0;2;2
"extincteur";1;1;2
"artisan-plombier-paris-15";2;0;2
"brive";1;1;2
"traitement-des-eaux";2;0;2
"cnamts";1;1;2
"openmedic";0;2;2
"accords-vins";1;1;2
"sarde";1;1;2
"penurie";2;0;2
"debet";2;0;2
"gestion-de-fait";2;0;2
"rapports-administratifs";2;0;2
"rapports-publics-thematiques";2;0;2
"e164";2;0;2
"e212";2;0;2
"mnc";2;0;2
"portabilite";2;0;2
"zne";2;0;2
"bep";0;2;2
"cartes-anciennes";1;1;2
"actes-juridiques";1;1;2
"artere";2;0;2
"acces-autoroute";1;1;2
"gibier";2;0;2
"i-6";2;0;2
"int-1";2;0;2
"zru";2;0;2
"aeroport-nantes-atlantique";2;0;2
"consultation-locale";2;0;2
"appels-a-projet";2;0;2
"archives-ouvertes";2;0;2
"prodinra";2;0;2
"multi-aleas";2;0;2
"multirisque";2;0;2
"prescription-ponctuelle";2;0;2
"remontee-de-nappe";2;0;2
"zones-de-gestion-de-restriction-ou-dereglementation-et-unites-de-declaration";2;0;2
"freewifi";1;1;2
"pige-immobiliere";1;1;2
"customer";0;2;2
"evaluation-des-pertes";2;0;2
"pertes-modelisees";2;0;2
"reseau-enedis";2;0;2
"adaptation";2;0;2
"adoptions";2;0;2
"articles";2;0;2
"canevas-geodesiques";2;0;2
"centres-culturels";2;0;2
"centres-de-planification-et-deducation-familiale";2;0;2
"conseil-conjugual";2;0;2
"dependances";2;0;2
"fermetures";2;0;2
"gabarits";2;0;2
"halte-garderies";2;0;2
"leves-topographiques";1;1;2
"mobiliers";2;0;2
"ouvertures";2;0;2
"personne-handicapees";2;0;2
"pluies";2;0;2
"pluviographes";2;0;2
"pluviometres";2;0;2
"reseaux-ferres";2;0;2
"solidarite-internationale";2;0;2
"topographiques";1;1;2
"altitude-de-vol";0;2;2
"carte-aerienne";1;1;2
"classes-moyennes";2;0;2
"economie-finances";2;0;2
"mesures-preventives";2;0;2
"montant-des-aides-individuelles-faj";2;0;2
"modele-etat-des-lieux";2;0;2
"justice-francaise";2;0;2
"socio-culturel";1;1;2
"bouchons";2;0;2
"fute";2;0;2
"long-metrage";2;0;2
"pnrmr";2;0;2
"necropole-nationale-cimetiere-militaire-monuments-aux-morts-morts-pour-la-france-memoire-memorial-1914-1918-1939-1945-trier-par";2;0;2
"faugeres";2;0;2
"election-presidentielle-1965";2;0;2
"election-presidentielle-1981";1;1;2
"dvb-t";2;0;2
"ism";2;0;2
"vhf";2;0;2
"saint-pern";2;0;2
"energy";2;0;2
"consignes-a-casque-gratuite";2;0;2
"freshmile";2;0;2
"kiwhi";2;0;2
"led";2;0;2
"mains-lib";2;0;2
"parking-deux-roues-motorises";2;0;2
"parking-moto";2;0;2
"parking-motos";2;0;2
"parkings-deux-roues-motorises";2;0;2
"benevole";2;0;2
"parking-pmr";2;0;2
"comite-des-oeuvres-sociales";2;0;2
"comite-technique";2;0;2
"detr";2;0;2
"dge";1;1;2
"jo";2;0;2
"maisons-du-departement";2;0;2
"programme-de-protection-de-la-nature";2;0;2
"programme-environnemental";2;0;2
"supervision";1;1;2
"communaute-sportive";2;0;2
"reseau-social-des-sports";2;0;2
"cholet-49099";2;0;2
"ecouflant-49129";2;0;2
"longue-jumelles-49180";2;0;2
"noyant-49228";2;0;2
"trementines-49355";2;0;2
"chiroptere";2;0;2
"zds";1;1;2
"matricule";2;0;2
"registre-etat-civil";2;0;2
"sediment";2;0;2
"interets-moratoires";1;1;2
"dechets-radioactifs";1;1;2
"pneu";1;1;2
"outil-en-ligne";1;1;2
"sous-produits";2;0;2
"zero-dechet-zero-gaspillage";1;1;2
"loi-allur";2;0;2
"escalier-mecanique";2;0;2
"pneus";2;0;2
"pole-service";2;0;2
"rt78";2;0;2
"plombier";1;1;2
"homme-a-tout-faire";2;0;2
"caractere-executoire";2;0;2
"entree-en-vigueur";2;0;2
"referens3";2;0;2
"feux-de-foret";1;1;2
"logements-locatifs";2;0;2
"semi-marathon";2;0;2
"orgnismes-de-formation";1;1;2
"consommation-et-production";2;0;2
"troncon-ferroviaire";2;0;2
"avranches";2;0;2
"cherbourg-en-cotentin";2;0;2
"sdem50";2;0;2
"cge";1;1;2
"credoc";1;1;2
"administration-en-ligne";1;1;2
"barometre-du-numerique";1;1;2
"abbaye";2;0;2
"forfait-mobile";0;2;2
"clermont-communaute";2;0;2
"dechets-des-iaa";2;0;2
"etude-d-impact";1;1;2
"faunistique";2;0;2
"floristique";2;0;2
"plan-local-d-urbanisme-intercommunal";2;0;2
"producteurs-primaires";1;1;2
"refus-de-compostage";2;0;2
"refus-de-tri";2;0;2
"servitude-a-9";2;0;2
"servitude-pm-3";2;0;2
"sous-bassin";2;0;2
"velocipede";2;0;2
"niveaude-diffusion";2;0;2
"niveau-dediffusion";2;0;2
"contrat-local-d-initiative-climat";2;0;2
"transport-matiere-dangereuse";2;0;2
"appel-a-projet";2;0;2
"operation-financiere";2;0;2
"biochemical-reaction";2;0;2
"biotype";2;0;2
"particle-size-analysis";2;0;2
"documents-d-urnanisme";2;0;2
"donnee-ouvertes";2;0;2
"mae-mesure-agro-environnementale";2;0;2
"plan-de-prevention-des-risques-d-inondation-ppri";2;0;2
"pos-plan-d-occupation-des-sols";2;0;2
"sites-archeologiques";2;0;2
"cartepedologique";1;1;2
"biochemical-reactions";2;0;2
"multidrug-resistant-s-maltophilia";2;0;2
"s-maltophilia-genotype";2;0;2
"sensitivity-pattern-of-antimicrobials";2;0;2
"stenotrophomonas-maltophilia";2;0;2
"stenotrophomonas-maltophilia-antibiotic-susceptibility";2;0;2
"stenotrophomonas-maltophilia-susceptibility";2;0;2
"ultraviolet-visible-spectroscopy";2;0;2
"date-reelle";2;0;2
"habitation-a-loyer-modere-hlm";1;1;2
"sous-prefecture";2;0;2
"ftir";2;0;2
"dendritic-cells";2;0;2
"immune-modulation";2;0;2
"eolien-terrestre-energie-renouvelable-eolienne-mat";2;0;2
"granulats-terrestre-terrestres-carriere-carrieres-exploitation-extraction";2;0;2
"herbe";2;0;2
"16s-rdna-sequencing";2;0;2
"x-ray-diffraction-study";2;0;2
"16s-rdna-analysis";2;0;2
"polymorphism";2;0;2
"rapd";2;0;2
"minimum-inhibitory-concentration";2;0;2
"sgar-auvergne-rhone-alpes";2;0;2
"clc";2;0;2
"biscuit";1;1;2
"pension-alimentaire";1;1;2
"villes-sans-limite";2;0;2
"etalement-urbain";2;0;2
"branche-dactivite";2;0;2
"commission-europeenne";2;0;2
"competence-comportementale";2;0;2
"competence-operationnelle";2;0;2
"freebase";2;0;2
"jaces-2015";2;0;2
"mipnes";2;0;2
"modernisation";2;0;2
"passion-enseignement-et-pedagogie-dans-le-superieur";2;0;2
"pedr";2;0;2
"referents";2;0;2
"refugies";2;0;2
"satt";2;0;2
"savoir-etre";2;0;2
"stranes";2;0;2
"theses";2;0;2
"avis-environnemental";2;0;2
"villa";1;1;2
"sociologie";2;0;2
"modele-numerique-d-elevation-mne";2;0;2
"modele-numerique-de-terrain-mnt";2;0;2
"territoire-francais-grand-geneve";2;0;2
"tourisme-handicap";1;1;2
"zones-de-rencontre";2;0;2
"antenne-de-police-administrative";2;0;2
"institut-medico-legal";2;0;2
"architecte";1;1;2
"communaute-agglomeration";2;0;2
"67";2;0;2
"emploi-formation-enseignement-recherche";2;0;2
"sentier-littoral";2;0;2
"sppl";2;0;2
"zmel";2;0;2
"bien-manger";1;1;2
"2-normandie";2;0;2
"castets";2;0;2
"drt-castets";2;0;2
"autres-titres-fonciers";2;0;2
"referentiels-generiques";2;0;2
"rhone-alpes-auvergne";2;0;2
"algues-vertes";1;1;2
"atlas-de-la-mance";2;0;2
"atlas-du-coney";2;0;2
"basse-vallee";2;0;2
"cartographie-de-l-alea-retrait-gonflement-des-argiles-sur-la-commune-de-xxxxx-gers";2;0;2
"cavite";2;0;2
"ddt-70";2;0;2
"debroussaillement";2;0;2
"dta";2;0;2
"gestion-forestiere";2;0;2
"liste-des-cours-d-eau";2;0;2
"mer-littoral-autres-activites";2;0;2
"nizas";2;0;2
"port-de-plaisance";2;0;2
"transport-exceptionel";2;0;2
"tri-du-mans";2;0;2
"zones-exposees";2;0;2
"aube-informations";1;1;2
"acheminement";2;0;2
"cohortes";1;1;2
"instituteurs";2;0;2
"pe";2;0;2
"premier-degre";2;0;2
"vacance-commerciale";1;1;2
"fougeres";1;1;2
"workshops";2;0;2
"ard-de-franche-comte";2;0;2
"groupements-de-communes";2;0;2
"centre-commercial";1;1;2
"bhs";2;0;2
"bibliotheque-dhistoire-sociale";2;0;2
"boris-souvarine";2;0;2
"la-souvarine";2;0;2
"optical-center";2;0;2
"accretion";2;0;2
"tsunami";2;0;2
"eti";1;1;2
"technologie-emergente";2;0;2
"ouverture-de-porte";1;1;2
"serrure";1;1;2
"habitat-social";2;0;2
"mixite-sociale";1;1;2
"cit-ergie";2;0;2
"astrolabe-expeditions";2;0;2
"force-motrice";2;0;2
"peuplement-classe";2;0;2
"terrain-de-jeu";2;0;2
"grandcahors";2;0;2
"arc-boise";2;0;2
"capricorne-asiatique-anoplophora-arbre-feuillu-sante-vegetale-alsace";2;0;2
"sharka-verger-prunus-sante-vegetale-alsace";2;0;2
"conduite-et-operations";2;0;2
"accessibilite-potentielle-locali";1;1;2
"agricultural-and-aquaculture-fac";2;0;2
"allocation-compensatrice-tierce-";2;0;2
"allocation-de-solidarite-aux-per";1;1;2
"allocation-personnalisee-dautono";2;0;2
"amenagement-numerique-du-territo";2;0;2
"atteinte-aux-droits-de-l-homme-e";1;1;2
"autorisation-de-mise-sur-le-marc";2;0;2
"canalisations-d-eau-et-d-assaini";2;0;2
"capricorne-asiatique-anoplophora";2;0;2
"caracteristiques-geographiques-o";1;1;2
"centres-de-reception-radio-elect";2;0;2
"certificat-complementaire-de-pro";2;0;2
"college-d-enseignement-specialis";2;0;2
"conseil-regional-territoire-de-p";2;0;2
"contrat-local-d-initiative-clima";2;0;2
"cour-de-discipline-budgetaire-et";2;0;2
"culture-societe-service-equipeme";2;0;2
"culture-societe-service-patrimoi";2;0;2
"culture-societe-service-sante-so";2;0;2
"elections-legislatives-partielle";2;0;2
"emploi-formation-enseignement-re";2;0;2
"etablissement-public-foncier-de-";2;0;2
"formation-professionnelle-contin";1;1;2
"granulats-terrestre-terrestres-c";2;0;2
"habitat-benthos-typologie-natura";2;0;2
"interruptions-volontaires-de-gro";2;0;2
"logement-politique-de-la-ville-a";2;0;2
"logement-politique-de-la-ville-i";1;1;2
"milieu-biologique-especes-espece";1;1;2
"milieux-remarquables-biodiversit";2;0;2
"mobilite-transport-transport-aer";2;0;2
"montant-des-aides-individuelles-";2;0;2
"nature-paysage-biodiversite-inve";2;0;2
"occupation-du-sol-sol-sous-sol-a";2;0;2
"occupation-du-sol-sol-sous-sol-s";2;0;2
"occupation-sol-agriculture-envir";2;0;2
"operations-programmees-de-l-habi";2;0;2
"parkings-relais-parking-p-tram-t";2;0;2
"plan-de-prevention-des-risques-d";2;0;2
"plan-de-prevention-des-risques-p";2;0;2
"planification-et-documents-d-urb";2;0;2
"police-gendarmerie-crime-delits-";1;1;2
"pprt-plan-de-prevention-des-risq";2;0;2
"prestation-de-compensation-du-ha";2;0;2
"prevention-risques-naturels-prev";2;0;2
"programme-d-actions-de-preventio";2;0;2
"programme-de-protection-de-la-na";2;0;2
"protection-du-patrimoine-archite";2;0;2
"protection-maternelle-et-infanti";2;0;2
"question-prioritaire-de-constitu";1;1;2
"referentiel-geographique-littora";1;1;2
"referentiels-topographie-et-tres";2;0;2
"reseau-electronique-d-informatio";2;0;2
"reseau-energie-telecommunication";2;0;2
"schema-d-amenagement-et-de-sesti";2;0;2
"schemas-d-amenagement-et-de-gest";2;0;2
"sharka-verger-prunus-sante-veget";2;0;2
"sites-industriels-tours-aerorefr";2;0;2
"station-d-epuration-des-eaux-use";2;0;2
"statistique-annuelle-des-etablis";1;1;2
"zones-de-gestion-derestriction-o";2;0;2
"impact-administratif-et-territor";0;2;2
"ddtm-17";2;0;2
"irrigations";2;0;2
"canton-limites-administratives";2;0;2
"second-degre-colleges-lycees";2;0;2
"cavite-souterraine";2;0;2
"equipement-agricole";2;0;2
"marniere";2;0;2
"132-communes";2;0;2
"captage-theme";2;0;2
"catnat";1;1;2
"epa";2;0;2
"huitres";2;0;2
"la-sauvetat-sur-lede";2;0;2
"legislatif";1;1;2
"levignen";2;0;2
"longueil-sainte-marie";2;0;2
"lyon-turin-ferroviaire";2;0;2
"lys-aval";2;0;2
"marquion";2;0;2
"risque-radon";1;1;2
"rsd";2;0;2
"sup-a-7";2;0;2
"versant";2;0;2
"villeton";2;0;2
"viviers";2;0;2
"zones-portuaires";2;0;2
"limite-transversale-de-la-mer";2;0;2
"lse";1;1;2
"origine-risque-ppri-du-lay-aval";2;0;2
"pprl-enjeux-noirmoutier";2;0;2
"profils-ppri-sevre-nantaise";2;0;2
"repartition-des-eaux";2;0;2
"vendee-eau";2;0;2
"zonage-le-lay-ppri";2;0;2
"boise";2;0;2
"co-voiturage";2;0;2
"lilas";2;0;2
"vlille";2;0;2
"sismique";2;0;2
"voyance-gratuite-immediate";2;0;2
"tregor";2;0;2
"high-tech";1;1;2
"cnu";2;0;2
"lecteur";2;0;2
"maitre-de-conferences";2;0;2
"personnels-superieur";2;0;2
"gpl";1;1;2
"infogreffe";0;2;2
"caisse-des-depots";1;1;2
"rpa";2;0;2
"taens";2;0;2
"entreprise-detat";1;1;2
"hasard";1;1;2
"jeux-d-argent";2;0;2
"operations-exterieures";2;0;2
"opex";2;0;2
"presidentielle2017";1;1;2
"consommation-denergie";2;0;2
"verres";2;0;2
"sydego";2;0;2
"circulations-douces";2;0;2
"cycles";2;0;2
"alps";2;0;2
"valence";1;1;2
"fiche-metier";1;1;2
"sde07";1;1;2
"sded";1;1;2
"sedi";1;1;2
"syme05";1;1;2
"etablissements-dhebergement-pour-personnes-agees-dependantes";2;0;2
"centre-dinitiation-au-travail-et-aux-loisirs";2;0;2
"etablissement-et-service-daide-par-le-travail";2;0;2
"foyer-daccueil-medicalise";2;0;2
"service-daccompagnement-a-la-vie-sociale";2;0;2
"service-daccompagnement-medico-social-pour-adultes-handicapes";2;0;2
"responsables";1;1;2
"mesures-de-champ-electromagnerique";2;0;2
"linked-data";0;2;2
"crottes";2;0;2
"territoires-numeriques-bfc";2;0;2
"bonsecours";2;0;2
"presidence";1;1;2
"resulat-election";1;1;2
"resultats-definitifs";2;0;2
"cerfa-10443";2;0;2
"sdusn";2;0;2
"courbesde-niveau";1;1;2
"chine";2;0;2
"mdef-rhone";2;0;2
"habitation-a-loyermodere-hlm";1;1;2
"particitae";2;0;2
"resultats-bac";1;1;2
"upmc";2;0;2
"cheval-fiscal";1;1;2
"prix-de-lor";1;1;2
"classements";1;1;2
"taux-de-pauvrete";1;1;2
"saas";1;1;2
"avertissements";2;0;2
"formation-restreinte";2;0;2
"mises-en-demeure";2;0;2
"contrats-de-territoire";2;0;2
"prises-de-vues-aeriennes";2;0;2
"reechantillonnages";2;0;2
"fourreaux";2;0;2
"accidentde-la-route";1;1;2
"cchvc";2;0;2
"journal-officiel";1;1;2
"riches";0;2;2
"amenagement-de-peine";2;0;2
"reseau-de-pistes-cyclables";2;0;2
"carte-dynamique";0;2;2
"cogugaison";0;2;2
"millesimes";0;2;2
"cget";2;0;2
"finalite";1;1;2
"unites-immobilieres";2;0;2
"recyclages";2;0;2
"signalisation-lumineuse";1;1;2
"toponymes";1;1;2
"cdps";2;0;2
"deiat";2;0;2
"blockchain";1;1;2
"droit-dauteur";1;1;2
"legal-tech";0;2;2
"pilegaltech";0;2;2
"tal";0;2;2
"palais-de-justice";2;0;2
"arbres-d-ornement";2;0;2
"pietonne";2;0;2
"gratuite";2;0;2
"points-dinteret-touristique";2;0;2
"nombre-de-patients";0;2;2
"parts-de-marche";1;1;2
"audiovisuelle";2;0;2
"boulogne";2;0;2
"jardinets";2;0;2
"lampadaires";2;0;2
"mandature";2;0;2
"recyclerie";2;0;2
"ressourcerie";2;0;2
"stationnement-mixte";2;0;2
"touriste";2;0;2
"zone-de-rencontre";2;0;2
"fjt";2;0;2
"modulation";2;0;2
"se006";2;0;2
"acronyme";2;0;2
"aro";2;0;2
"avantages-au-personnel";2;0;2
"capitaux-propres-recyclables";2;0;2
"charges-de-personnel";2;0;2
"chiffre-daffaire";2;0;2
"cours-de-marchandise";2;0;2
"data-toulouse-metropole";2;0;2
"declivite";2;0;2
"derives-juste-valeur";2;0;2
"dette-court-terme";2;0;2
"echeancier-subventions";2;0;2
"ehb-donnes";2;0;2
"ehb-recus";2;0;2
"emprunts-aupres-des-etablissements-de-credit";2;0;2
"emprunts-sncf";2;0;2
"flux-de-tresorerie";2;0;2
"groupe-sncf";2;0;2
"immobilisations-financieres";2;0;2
"production-immobilisee";2;0;2
"reprises";2;0;2
"sncf-mobilites";1;1;2
"tarifs-voyages";2;0;2
"tft";2;0;2
"wi-fi";2;0;2
"consommer";2;0;2
"ecoquartier";2;0;2
"fpic";2;0;2
"helicoptere";2;0;2
"parking-partage";2;0;2
"plfm";2;0;2
"vigicrue";0;2;2
"examagri";1;1;2
"resultats-bep";1;1;2
"resultats-bts";1;1;2
"resultats-cap";1;1;2
"ecocompteur";2;0;2
"trafic-pieton";2;0;2
"trafic-velo";2;0;2
"contour-administratif";2;0;2
"fonderie";1;1;2
"service-de-prevision-des-crues";2;0;2
"ombre";2;0;2
"etat-occupant";2;0;2
"zonages-etudes";2;0;2
"sites-web";2;0;2
"structure-institutionnelle";2;0;2
"numero-surtaxe";1;1;2
"liste-des-ministres";2;0;2
"boutiques";2;0;2
"dangereuse";1;1;2
"dangerosite";1;1;2
"compte-administratif-2016";2;0;2
"frais-de-succession";1;1;2
"montant-minimum";2;0;2
"boamp-fr";2;0;2
"simulateur-boamp";2;0;2
"etablissements-agra-c-a-c-s";2;0;2
"etablissements-enregristra-c-s";2;0;2
"gibiers-da-c-levage";2;0;2
"ra-glement-ce-183-2005";2;0;2
"adherent";2;0;2
"apprendre";1;1;2
"arriere-pays";2;0;2
"art-naif";2;0;2
"complexe";2;0;2
"cystoseira";2;0;2
"dissolution";2;0;2
"etablissement-accueil";2;0;2
"gay";2;0;2
"homosexuel";2;0;2
"lascaris";2;0;2
"lesbien";2;0;2
"mamac";2;0;2
"mention";2;0;2
"metrologie";2;0;2
"salle-de-sport";1;1;2
"shopping";2;0;2
"tablettes";1;1;2
"terra-amata";2;0;2
"voir";1;1;2
"5-mai-2017";2;0;2
"edvm";2;0;2
"magicien";1;1;2
"videos";1;1;2
"interdiction";2;0;2
"accelerateur";2;0;2
"hotel-dentreprises";2;0;2
"pharmaceutical-france";0;2;2
"presidence-de-la-republique";2;0;2
"president-de-la-republique";2;0;2
"validations";2;0;2
"source-d-energie";2;0;2
"jeunes-entreprises";2;0;2
"resultat-net";2;0;2
"social-insertion";1;1;2
"previsionnel";1;1;2
"milieu-ouvert";2;0;2
"rhc";2;0;2
"rhv";2;0;2
"val-de-brehemont";2;0;2
"docker";0;2;2
"aleas-pprl-pays-de-monts";2;0;2
"domine-public-fluvial";2;0;2
"dpf";2;0;2
"enjeux-enjeu-pprl-talmondais";2;0;2
"ppri-lay-aval-enjeux";2;0;2
"pprl-pays-olonne-enjeux";2;0;2
"pprl-talmondais-zonage";2;0;2
"reserves-de-chasse";2;0;2
"aquiculture";2;0;2
"miniers";2;0;2
"moules-a-plat";2;0;2
"moules-sur-cailloux";2;0;2
"moules-sur-pieux";2;0;2
"mouvements-de-terrains";2;0;2
"plans-d-eau";2;0;2
"sor";2;0;2
"tarn-aval";2;0;2
"territoires-ruraux";2;0;2
"thore";2;0;2
"energie-hydraulique";1;1;2
"forage-puits";2;0;2
"non-domaniaux";2;0;2
"activite-economique-sylviculture";2;0;2
"appels-a-candidatures";2;0;2
"bourg-rural";2;0;2
"candidats-appels";2;0;2
"cctp";2;0;2
"date-de-prise-en-compte";2;0;2
"enjeux-pprm";2;0;2
"erosion-du-sol";2;0;2
"filiere-bois";2;0;2
"grands-sites";2;0;2
"individuel-groupe";2;0;2
"individuel-pur";2;0;2
"lanvaudan";2;0;2
"mobilite-spatiale";2;0;2
"n-accession-propriete";2;0;2
"n-assainissement";2;0;2
"observatoire-foncier";2;0;2
"parc-naturel-marin";2;0;2
"releves";2;0;2
"reseau-d-egouts";2;0;2
"traitement-des-eaux-usees";2;0;2
"adasea";2;0;2
"amphihalins";2;0;2
"aviation-civile";2;0;2
"batymetrie";2;0;2
"bedoues";2;0;2
"cocures";2;0;2
"comite-de-bassin";2;0;2
"commission-geographique";2;0;2
"donnees-ouvertes-potentielles";2;0;2
"florac";2;0;2
"hures-la-parade";2;0;2
"isolement";1;1;2
"le-rozier";2;0;2
"legislature";2;0;2
"les-salelles";2;0;2
"manche-occidentale";2;0;2
"plantation-d-arbres";2;0;2
"propriete-privee";2;0;2
"r-123-13";2;0;2
"r-123-14";2;0;2
"saint-pierre-des-tripiers";2;0;2
"sdage-1996";2;0;2
"secteur-statistique";2;0;2
"service-municipal-de-nettoyage";2;0;2
"sih";2;0;2
"soil";2;0;2
"accords-dentreprise";1;1;2
"n-inventaire-nature-biodiv";2;0;2
"n-site-eolien";2;0;2
"datalicence";2;0;2
"datapaces";2;0;2
"reussite-licence";2;0;2
"secteurs-disciplinaires";2;0;2
"regle";1;1;2
"00-national-dgfip";2;0;2
"aer-bfc";2;0;2
"mobilite-gaz";2;0;2
"locations";2;0;2
"datadut";2;0;2
"dataiut";2;0;2
"reussite-dut";2;0;2
"compliance";2;0;2
"decision-publique";2;0;2
"dijon-metropole";2;0;2
"representants-dinterets";2;0;2
"aviron";1;1;2
"crowdfunding";1;1;2
"crowdlending";1;1;2
"financement-participatif";1;1;2
"fintech";2;0;2
"plateforme-de-crowdfunding";2;0;2
"infrastructure-de-recharche-ve";2;0;2
"ccvcd";1;1;2
"ortho-hr-r";1;1;2
"adresse-gravee";2;0;2
"agricultures";2;0;2
"bornes-onf";2;0;2
"cadastre-pci-vecteur-parcelle-bati-sectio";1;1;2
"cap-ferret";2;0;2
"chemin-rural";2;0;2
"client-hta";2;0;2
"coffret";1;1;2
"corbeilles";2;0;2
"couralin";2;0;2
"defavorisees";2;0;2
"densite-de-points-charge";2;0;2
"destination-pour-tous";2;0;2
"donnees-alphanumeriques";2;0;2
"geomorphogie";2;0;2
"instrumentation";2;0;2
"lignes-aeriennes";2;0;2
"merignac";2;0;2
"navettes";2;0;2
"photo-aerienne-ortho-satellite-vue-image";1;1;2
"photo-aerienne-ortho-satellite-vue-image-lan";1;1;2
"profils-siba";2;0;2
"recensement-des-mouvements-de-terrain";2;0;2
"reflectance";2;0;2
"urbanisme-pos-plu-carte-commmunale-zonage";2;0;2
"vitenville";2;0;2
"postes-electriques";2;0;2
"ville-de-nancy";2;0;2
"communes-desservies";2;0;2
"attributions";2;0;2
"secretaires-detat";1;1;2
"registre-detat-civil";2;0;2
"archives-privees";2;0;2
"handicaps-sociaux";0;2;2
"salaire-brut";0;2;2
"moderation";2;0;2
"centre-de-documentation";2;0;2
"carte-electorale";2;0;2
"cohesion-urbaine";2;0;2
"maman";1;1;2
"arpentage";2;0;2
"resident";2;0;2
"documentation-francaise";2;0;2
"denmark";1;1;2
"ecole-musique";2;0;2
"prospection";1;1;2
"repertoire-sirene";1;1;2
"geographie-prioritaire";2;0;2
"credit-dimpot-innovation";2;0;2
"dissolutions";2;0;2
"photointerpretations";2;0;2
"coheris-liberty-insight";0;2;2
"glucides";1;1;2
"photocopieur";2;0;2
"d3-js";0;2;2
"alur";1;1;2
"parcours-cyclable";2;0;2
"opendatalocale";1;1;2
"feu-rouge";2;0;2
"arts-du-spectacle";2;0;2
"bibliotheque-nationale-de-france";2;0;2
"sapin";2;0;2
"sde41";2;0;2
"sidelc";2;0;2
"reserves-artificielles";1;1;2
"stations-depuration";2;0;2
"ars-bfc";2;0;2
"drdjscs";2;0;2
"dreux";2;0;2
"raa";2;0;2
"offre-demploi";1;1;2
"grande-randonnee";2;0;2
"limite-de-commune";2;0;2
"bitcoin";1;1;2
"etablissements-dhebergement-pour-pesonnes-agees";2;0;2
"foyers-logements";2;0;2
"logements-foyers";2;0;2
"vivre-en-ville";2;0;2
"wifi-territorial";2;0;2
"service-web";1;1;2
"boites-a-livres";2;0;2
"champignon";2;0;2
"insectes";2;0;2
"lutte-anti-incendie";2;0;2
"prochains-passages";2;0;2
"cher";1;1;2
"corse-du-sud";1;1;2
"cote-dor";1;1;2
"eure-et-loir";1;1;2
"jura";1;1;2
"parcelles-agricoles";0;2;2
"appellation-dorigine";2;0;2
"categorie-pm-1";2;0;2
"grand-nancy";2;0;2
"irve-83";2;0;2
"mouvelecvar";1;1;2
"austria";1;1;2
"montauban";1;1;2
"federation-aveugles-de-france";2;0;2
"lecteur-decran";2;0;2
"lecteur-ecran";2;0;2
"portage-repas";2;0;2
"api-agro";0;2;2
"comite";2;0;2
"code-officiel-geographique";2;0;2
"annuairetelephone";1;1;2
"surveillance-de-lenvironnement";2;0;2
"chorus";2;0;2
"iconographies";2;0;2
"art-conceptuel";2;0;2
"climats";2;0;2
"commerce-services";2;0;2
"ecophyto";1;1;2
"dsacsud";2;0;2
"dsacsudest";2;0;2
"n-bruit";2;0;2
"enveloppe";2;0;2
"feu-de-foret";2;0;2
"ameli";2;0;2
"chausey";2;0;2
"coquilles";2;0;2
"filets-remorques";2;0;2
"ormeaux";2;0;2
"saint-jacques";2;0;2
"cartouche-d-encre";2;0;2
"incinerable";2;0;2
"neon";2;0;2
"non-incinerable";2;0;2
"eth";1;1;2
"eth-eur";1;1;2
"ethereum";1;1;2
"shopify";0;2;2
"theme-shopify";0;2;2
"parcelles-engagees";1;1;2
"precision-altimetrique";2;0;2
"opendatafrance";2;0;2
"prix-m2-maison";1;1;2
"parfum-homme";1;1;2
"office-municipal-des-sports";2;0;2
"conseilles";2;0;2
"roanne";2;0;2
"point-dinjection";2;0;2
"human-health-and-safety";2;0;2
"joconde";1;1;2
"multimodalite";1;1;2
"infrastructures-de-recharge";2;0;2
"vacances-scolaires";2;0;2
"election-professionnelle";1;1;2
"taxi-moto-paris";1;1;2
"conseil-des-habitants";2;0;2
"depose-minute";2;0;2
"emprise-geographique";1;1;2
"hypercentre";2;0;2
"metrovelo";2;0;2
"sous-secteur";2;0;2
"transisere";2;0;2
"transport-de-fond";2;0;2
"bspp";1;1;2
"subventions-associations";2;0;2
"position-des-lignes";2;0;2
"postes-source";2;0;2
"especes-animales";2;0;2
"zone-urba";2;0;2
"delegues-du-personnel";2;0;2
"pratiques-illegales";2;0;2
"agrilocal";2;0;2
"syded";2;0;2
"conseils-municipaux";1;1;2
"bibliotheque-de-depot";2;0;2
"bibliotheque-de-grand-etablissement";2;0;2
"bibliotheque-decole-francaise-a-letranger";2;0;2
"bibliotheque-inter-etablissements";2;0;2
"bibliotheque-interuniversitaire";2;0;2
"biu";2;0;2
"centre-de-formation-aux-carrieres-des-bibliotheques";2;0;2
"crfcb";2;0;2
"direction-de-la-documentation";2;0;2
"etablissement-public-a-caractere-administratif";2;0;2
"groupement-dinteret-public";2;0;2
"ibliotheque-universitaire";2;0;2
"reseau-documentaire";2;0;2
"scd";2;0;2
"service-commun-de-documentation";2;0;2
"service-interetablissement-de-cooperation-documentaire";2;0;2
"service-interetablissement-de-documentation";2;0;2
"sicd";2;0;2
"unite-regionale-de-formation-a-linformation-scientifique-et-technique";2;0;2
"urfist";2;0;2
"distribution-des-revenus";2;0;2
"ed";2;0;2
"gouvernement-ouvert";1;1;2
"pgo";2;0;2
"23000";2;0;2
"aleas-pays-olonne";2;0;2
"pays-olonne-enjeux";2;0;2
"amm";1;1;2
"opengov";2;0;2
"plfss";2;0;2
"banque-populaire-val-de-france";2;0;2
"cours-ripple";1;1;2
"crypto-monnaie";1;1;2
"parts-sociales";2;0;2
"prix-ripple";1;1;2
"ripple";1;1;2
"datafin";2;0;2
"centre-bourg";2;0;2
"chef-lieu";2;0;2
"jean-jacques-kantorow";2;0;2
"jo-2024";1;1;2
"jo2024";1;1;2
"new-deal";2;0;2
"paris2024";1;1;2
"arret-physique";2;0;2
"bocage-haies";2;0;2
"fontenay-le-comte-85092";2;0;2
"le-lude-72176";2;0;2
"les-sables-d-olonne-85194";2;0;2
"saint-germain-sur-sarthe-72284";2;0;2
"jours-feries";2;0;2
"cnc";1;1;2
"base-de-population";2;0;2
"petoncles";2;0;2
"http-eurovoc-europa-eu";2;0;2
"navigable";2;0;2
"internet-mobile";1;1;2
"reseau-3g";0;2;2
"reseau-4g";0;2;2
"basket";2;0;2
"basketball";2;0;2
"bio-diversite";2;0;2
"college-denseignement-specialise";2;0;2
"dim";2;0;2
"eurovelon";2;0;2
"location-de-salle";2;0;2
"profilage-dynamique";2;0;2
"radioactivite";2;0;2
"section-deducation-specialisee";2;0;2
"sonantes";2;0;2
"tensiometrie";2;0;2
"type-de-voirie";2;0;2
"velocean";2;0;2
"aix";2;0;2
"ternum";1;1;2
"1-5-7";2;0;2
"bordure";2;0;2
"clou";2;0;2
"courbe";1;1;2
"isoligne";2;0;2
"l123";2;0;2
"lien";2;0;2
"maximale";2;0;2
"metrople";2;0;2
"ngf";2;0;2
"participative";2;0;2
"pittoresque";2;0;2
"pnru";2;0;2
"skatepark";1;1;2
"sterilisation";2;0;2
"velodrome";2;0;2
"chicane";2;0;2
"passages";1;1;2
"naissance-prenom";1;1;2
"ionity";1;1;2
"grand-avignon";2;0;2
"tcra";2;0;2
"reseau-ip";2;0;2
"responsable-dequilibre";2;0;2
"tempo";2;0;2
"arret-logique";2;0;2
"gas-station";1;1;2
"idf";0;2;2
"agd";2;0;2
"simulation";0;2;2
"casier";2;0;2
"region-pays-de-la-loire-interne";2;0;2
"belly-burning-drinks";2;0;2
"belly-fat-drink";2;0;2
"belly-fat-tea";2;0;2
"belly-fat-weight-loss-drink";2;0;2
"best-drink-to-reduce-belly-fat";2;0;2
"cleanse-to-lose-belly-fat-fast";2;0;2
"energy-drink-for-weight-loss";2;0;2
"fat-reducing-drink";2;0;2
"fit-tea-cheap";2;0;2
"fit-tea-sold-in-stores";2;0;2
"get-slim-tea";2;0;2
"herbal-cup-detoxify-tea";2;0;2
"liz-swann-miller";2;0;2
"red-tea-detox-recipe";2;0;2
"red-tea-detox-review";2;0;2
"red-tea-weight-loss";2;0;2
"skinny-tea";2;0;2
"the-red-tea-detox";2;0;2
"weight-loss-tea";2;0;2
"agrisub";2;0;2
"cen";2;0;2
"13-octobre";2;0;2
"data-storytelling";0;2;2
"paris-sans-voiture";2;0;2
"concentration-cartographiee";2;0;2
"batiment-communal";2;0;2
"cartouche";2;0;2
"encre";2;0;2
"tricolore";2;0;2
"point-information-jeunesse";2;0;2
"medecine-veterinaire";2;0;2
"sit-del2";2;0;2
"statistiques-des-naissances";1;1;2
"cites-en-champagne";2;0;2
"occupation-du-sols";2;0;2
"reseaux-de-transports";2;0;2
"autun";2;0;2
"caro";2;0;2
"rochefort";2;0;2
"eolas";2;0;2
"forage";2;0;2
"repetition";2;0;2
"cite-de-caractere";2;0;2
"cite-labellisee";2;0;2
"economie-de-la-peche";2;0;2
"patrimoine-rural";2;0;2
"peche-maritime";2;0;2
"basilique-saint-sernin";2;0;2
"ceramique-grecque";2;0;2
"speed-riding";2;0;2
"vol-libre";2;0;2
"balise-meteo";2;0;2
"conditions-meteorologiques";2;0;2
"competition-sportive";1;1;2
"liste-de-demande-de-donnees";2;0;2
"liste-de-donnees-produites";2;0;2
"sky-contact-number";0;2;2
"modalites";2;0;2
"odservatoire";2;0;2
"espace-public-numerique";2;0;2
"iqrn";2;0;2
"rrn-nc";2;0;2
"championship";2;0;2
"toxiii";2;0;2
"ght";1;1;2
"saint-ave";2;0;2
"localisation-du-transport";1;1;2
"diagnostic-immobilier";2;0;2
"diagnostiqueur-immobilier";2;0;2
"additifs";0;2;2
"zone-geographique";2;0;2
"creation-demplois";2;0;2
"etude-economique";1;1;2
"faire";2;0;2
"dossier-legislatif";2;0;2
"certificat-medical";1;1;2
"coefficient-k";2;0;2
"coefficient-vn";2;0;2
"lieu-de-naissance";2;0;2
"poids-lourd";2;0;2
"aire-de-vegetaux";2;0;2
"effluent-d-elevage";2;0;2
"residu-de-culture";2;0;2
"ressource-ligneuse";2;0;2
"conseils-quartiers";2;0;2
"cotations-quotidiennes";2;0;2
"exercice";2;0;2
"multimodaux";2;0;2
"narbonnaise-en-mediterranee";2;0;2
"sete";2;0;2
"site-geographique";2;0;2
"biv";2;0;2
"prochain-passage";2;0;2
"registres-matricules";0;2;2
"avrille";1;1;2
"loudun";1;1;2
"meylan";1;1;2
"saint-jean-de-braye";1;1;2
"saint-pierre-de-plesguen";1;1;2
"volvic";1;1;2
"mordelles";1;1;2
"vignoc";1;1;2
"lannilis";1;1;2
"plouvien";1;1;2
"milizac";1;1;2
"milizac-guipronvel";1;1;2
"guilherand-granges";1;1;2
"penhars";1;1;2
"annonay";1;1;2
"mouans-sartoux";1;1;2
"luce";1;1;2
"passy";1;1;2
"chatellerault";1;1;2
"aire-dadhesion";2;0;2
"non-salaries-agricoles";2;0;2
"envibus";2;0;2
"regime-agricole";2;0;2
"direction-des-achats-de-letat";2;0;2
"dechet-tri";2;0;2
"fil-rouge";2;0;2
"funeraire";2;0;2
"m2a";2;0;2
"morris";2;0;2
"niveau-de-formation";2;0;2
"nom-rue";2;0;2
"periscolaire";2;0;2
"tram-train";2;0;2
"vacant";2;0;2
"velocite";2;0;2
"monuments-aux-morts";1;1;2
"browsing";2;0;2
"creusot";2;0;2
"cucm";2;0;2
"monrezo";2;0;2
"montceau";2;0;2
"montceau-les-mines";2;0;2
"balance-comptable";1;1;2
"fac";2;0;2
"alta-rocca";2;0;2
"castagniccia";2;0;2
"centre-corse";2;0;2
"deconnexion";2;0;2
"email";1;1;2
"extreme-sud";2;0;2
"intermittence";2;0;2
"mare-e-monti";2;0;2
"ouest-corse";2;0;2
"pays-ajaccien";2;0;2
"pays-bastiais";2;0;2
"pays-de-balagne";2;0;2
"plaine-orientale";2;0;2
"projet-europeen";2;0;2
"s3renr";2;0;2
"sartenais";2;0;2
"taravo";2;0;2
"valinco";2;0;2
"docteur";2;0;2
"biologie-medicale";1;1;2
"aide-aux-transports";2;0;2
"120-ugm3-sur-8-heures";2;0;2
"eco-gestes";2;0;2
"marin";2;0;2
"desertsmedicaux";0;2;2
"sdrif";2;0;2
"phytotherapie";1;1;2
"agent-public";2;0;2
"sde04";1;1;2
"recharge-a-destination";1;1;2
"lons-le-saunier";1;1;2
"thonon";2;0;2
"chantilly";2;0;2
"compiegne";2;0;2
"creil";2;0;2
"tum";2;0;2
"mairie-de-paris";1;1;2
"paris-recharge";1;1;2
"aire-dalimentation-de-captage";2;0;2
"appellation-dorigine-controlee";2;0;2
"batiment-delevage";2;0;2
"courd-deau";2;0;2
"cours-deau-non-domaniaux";2;0;2
"cous-deau";2;0;2
"effluent-delevage";2;0;2
"etude-dimpact";2;0;2
"les-sables-dolonne-85194";2;0;2
"loi-sur-leau";2;0;2
"oxydes-dazote";2;0;2
"pays-dart-et-dhistoire";2;0;2
"perimetre-daction";2;0;2
"point-dacces";2;0;2
"points-dacces";2;0;2
"prggrammes-dinteret-general";2;0;2
"programme-dinteret-general";2;0;2
"servitudes-dutilite-publiques";2;0;2
"val-dauthion";2;0;2
"zone-daction-prioritaire";2;0;2
"zones-dactions-prioritaires";2;0;2
"aber-wrach";2;0;2
"borne-dentree";2;0;2
"cale-de-mise-a-leau";2;0;2
"communautes-dagglomerations";2;0;2
"conduite-dalimentation";2;0;2
"coupure-durbanisation";2;0;2
"etang-dalimentation";2;0;2
"etude-dimpact-sur-lenvironnement";2;0;2
"ponton-dattente";2;0;2
"programme-daction";2;0;2
"rigole-dalimentation";2;0;2
"schema-durbanisation";2;0;2
"temperature-de-lair";2;0;2
"zone-damenagement-differe";2;0;2
"zone-dintervention-fonciere";2;0;2
"haguenau";2;0;2
"reseaux-electriques";1;1;2
"alcools";2;0;2
"as-2";2;0;2
"cartes-de-bruits";2;0;2
"cbs";2;0;2
"marine";2;0;2
"zones-de-bruits";2;0;2
"agregations";2;0;2
"auroue";2;0;2
"exceptionnel";2;0;2
"palangres";2;0;2
"pertuis";2;0;2
"sieges-dexploitations";2;0;2
"eclairages-publics";2;0;2
"carto-progressive";2;0;2
"paec";2;0;2
"pda";2;0;2
"bas-champs";2;0;2
"carcassonne";1;1;2
"rtca";2;0;2
"coquillles-saint-jacques";2;0;2
"capbreton";2;0;2
"hierarchie";2;0;2
"pont-a-mousson";2;0;2
"sections-denseignement-general-et-professionnel-adapte";2;0;2
"la-selle-craonnaise";2;0;2
"saint-germain-danxure";2;0;2
"saint-michel-de-feins";2;0;2
"saint-michel-de-la-roe";2;0;2
"saint-ouen-des-vallons";2;0;2
"saint-pierre-sur-orthe";2;0;2
"saint-poix";2;0;2
"saint-saturnin-du-limet";2;0;2
"saint-thomas-de-courceriers";2;0;2
"sainte-marie-du-bois";2;0;2
"servitude-dutilite-publique-pm-1";2;0;2
"thorigne-en-charnie";2;0;2
"vaiges";2;0;2
"zhr";2;0;2
"blocs";2;0;2
"zee";1;1;2
"bien";1;1;2
"cotes-darmor-22";2;0;2
"matplotlib";0;2;2
"bati-dur";2;0;2
"n-zonages-risque-naturel";2;0;2
"vitesses-limitees";1;1;2
"tunisie";1;1;2
"pree-danjou";2;0;2
"avantage-fiscal";2;0;2
"prefere";2;0;2
"rentable";2;0;2
"chateauroux";1;1;2
"ouverture-des-donnees";0;2;2
"bouger";2;0;2
"gestion-differenciee";2;0;2
"ludiques";2;0;2
"proprietes-communales";2;0;2
"proprietes-communautaires";2;0;2
"sport-decouverte";2;0;2
"bouee";2;0;2
"fleur";2;0;2
"ree";2;0;2
"plan-de-servitudes-aeronautiques";2;0;2
"carte-jeune";2;0;2
"lordi";2;0;2
"25200";2;0;2
"25388";2;0;2
"beemob";2;0;2
"nord-franche-comte";2;0;2
"developpement-territorial";2;0;2
"honfleur";2;0;2
"palavas-les-flots";2;0;2
"sainte-valiere";2;0;2
"gennes-longuefuye";2;0;2
"la-baroche-gondouin";2;0;2
"la-roche-neuville";2;0;2
"val-du-maine";2;0;2
"carte-jeune-region";2;0;2
"vendanges";2;0;2
"astrobus";2;0;2
"contour-admistratif";2;0;2
"centre-local-dinformation-et-de-coordination";2;0;2
"gestionnaire-de-voirie";2;0;2
"points-hauts";2;0;2
"regie-haut-debit";2;0;2
"rhd";2;0;2
"soins-a-domicile";2;0;2
"contractuels";2;0;2
"grade";2;0;2
"info-travaux";2;0;2
"amilly";2;0;2
"chalette-sur-loing";2;0;2
"chevillon-sur-huillard";2;0;2
"corquilleroy";2;0;2
"lombreuil";2;0;2
"montargis";2;0;2
"mormant-sur-vernisson";2;0;2
"solterre";2;0;2
"villemandeur";2;0;2
"vimory";2;0;2
"convalescence";2;0;2
"mosquee";2;0;2
"synagogue";2;0;2
"internats";2;0;2
"valeur-produits-de-la-peche-et-aquaculture";2;0;2
"bd";2;0;2
"aerinne";2;0;2
"redon-agglomeration";2;0;2
"mbtiles";2;0;2
"wifi-lisieux";2;0;2
"non-bati";2;0;2
"covage";2;0;2
"nimes";1;1;2
"palmbus";2;0;2
"lepidopteres";2;0;2
"papillons";2;0;2
"prix-journalier";2;0;2
"chat";2;0;2
"network";2;0;2
"trve";2;0;2
"bati-leger";2;0;2
"carsud";2;0;2
"mont-dore";2;0;2
"millau";1;1;2
"cabourg";2;0;2
"dives-sur-mer";2;0;2
"edac";2;0;2
"houlgate";2;0;2
"officine";1;1;2
"zonage-risque-naturel";2;0;2
"conseil-de-developpement";2;0;2
"perennisation";2;0;2
"pronom";2;0;2
"seda";2;0;2
"equilibre-alimentaire";0;2;2
"regression";0;2;2
"elus-departementaux";1;1;2
"cohesion-territoire";2;0;2
"index-hybrides";2;0;2
"femmeshommes";2;0;2
"gobelets";2;0;2
"aixm";2;0;2
"dgac";2;0;2
"eurocontrol";2;0;2
"sports-aeriens";2;0;2
"architecture-religieuse";2;0;2
"maison-a-pans-de-bois";2;0;2
"te61";2;0;2
"poste-electrique";2;0;2
"bdbr";2;0;2
"college-prive";2;0;2
"dette-propre";2;0;2
"poc";1;1;2
"actuelles";2;0;2
"oleron";2;0;2
"bouchot";2;0;2
"cerastoculture";2;0;2
"huitre";2;0;2
"moule";2;0;2
"mytiliculture";2;0;2
"ostreiculture";2;0;2
"panache";2;0;2
"pisciulture";2;0;2
"venericulture";2;0;2
"traitement-automatique-des-langues";0;2;2
"delegue-a-la-protection-des-donnees";1;1;2
"dpd";1;1;2
"ccco";2;0;2
"ilevia";2;0;2
"cartograpie";0;2;2
"agglomeration-du-bassin-de-brive";2;0;2
"alpine-area";2;0;2
"cabb";2;0;2
"soin-a-domicile";2;0;2
"spasad";2;0;2
"plan-regional-de-formation";2;0;2
"vathimenil";2;0;2
"dsp2";2;0;2
"journaliere";2;0;2
"2nd-degre";2;0;2
"cycle-3";2;0;2
"crevic";2;0;2
"cale";2;0;2
"pollutions-diffuses";1;1;2
"velle-sur-moselle";2;0;2
"commute";2;0;2
"analyse-de-similarite";0;2;2
"ddtm-64";2;0;2
"dpv";2;0;2
"front-bati";2;0;2
"keynote";2;0;2
"country";2;0;2
"2-roues-motorisees";2;0;2
"telemedecine";1;1;2
"vh";2;0;2
"filbleu";2;0;2
"brocante";2;0;2
"zonages-reglementaires";2;0;2
"centres-de-collecte-de-lait";2;0;2
"auto-entrepreneuriat";1;1;2
"ecrouves";2;0;2
"parc-marin";2;0;2
"lenoncourt";2;0;2
"rosieres-aux-salines";2;0;2
"cerema-ouest";2;0;2
"chaleur-renouvelable";2;0;2
"zone-limitee";2;0;2
"puntucorsica";2;0;2
"delegue";2;0;2
"montee-en-debit";2;0;2
"tae";2;0;2
"odma";2;0;2
"parking-payant";1;1;2
"4g3g";0;2;2
"reproducteur";2;0;2
"vesoul";1;1;2
"shrkt-hy";2;0;2
"terrier";2;0;2
"esi";2;0;2
"produits-aquatiques";2;0;2
"offre-de-soins-liberale";2;0;2
"orges";2;0;2
"viandes-bovines";2;0;2
"limitrophe";2;0;2
"aires-naturelles";2;0;2
"chemins-de-fer-de-provence";2;0;2
"competences-regionales";2;0;2
"inter-cite";2;0;2
"plan-regional-de-prevention-et-de-gestion-des-dechets";2;0;2
"compte-administratif-2018";2;0;2
"flexibilites";2;0;2
"mecanisme";2;0;2
"arts-visuels";2;0;2
"cap-energies";2;0;2
"competence-transports";2;0;2
"detail-architectural";2;0;2
"espece-protege";2;0;2
"flexgrid-use-cases";2;0;2
"formation-qualifiante";2;0;2
"laverie";2;0;2
"lignes-interurbaines";2;0;2
"professionnalisation";2;0;2
"programme-regional";2;0;2
"europeennes-2019";2;0;2
"archives-municipales";2;0;2
"ballet";2;0;2
"concession-funeraire";2;0;2
"isilines";1;1;2
"ville-de-marseille";2;0;2
"aeroport-paris-beauvais";2;0;2
"paris-beauvais";1;1;2
"feverole";2;0;2
"pois";2;0;2
"soja";2;0;2
"assurance-auto-alcool-pas-cher";1;1;2
"assurance-auto-alcoolemie";1;1;2
"assurance-auto-apres-suspension-de-permis";1;1;2
"assurance-auto-devis";1;1;2
"assurance-auto-jeune-conducteur";1;1;2
"assurance-auto-malus";1;1;2
"assurance-auto-malus-pas-cher";1;1;2
"assurance-auto-non-paiement";1;1;2
"assurance-auto-pas-cher";1;1;2
"assurance-auto-pas-cher-en-ligne";1;1;2
"assurance-auto-pour-conducteur-resilie";1;1;2
"assurance-auto-pour-non-paiement";1;1;2
"assurance-auto-pour-resilie";1;1;2
"assurance-auto-pour-resilie-pas-cher";1;1;2
"assurance-auto-resilie";1;1;2
"assurance-auto-resilie-pour-non-paiement";1;1;2
"assurance-auto-resilie-pour-non-paiement-en-ligne";1;1;2
"assurance-auto-resilie-pour-non-paiement-pas-cher";1;1;2
"assurance-auto-resilie-pour-sinistres";1;1;2
"assurance-auto-sinistre";1;1;2
"assurance-auto-suite-alcoolemie";1;1;2
"assurance-malus";1;1;2
"assurance-pour-malusse";1;1;2
"assurance-pour-resilie";1;1;2
"assurance-suspension-de-permis-alcool";1;1;2
"assurance-suspension-permis-pour-alcoolemie";1;1;2
"comparateur-assurance";1;1;2
"comparateur-assurance-auto";1;1;2
"devis-assurance";1;1;2
"devis-assurance-auto-en-ligne";1;1;2
"prix-assurance-voiture";1;1;2
"simulation-assurance-auto";1;1;2
"tarif-assurance-auto";1;1;2
"maitrise-douvrage";2;0;2
"non-titulaire";2;0;2
"mises-en-oeuvre";2;0;2
"pramex";2;0;2
"forecast";1;1;2
"cotations-hebdomadaires";2;0;2
"eau-du-robinet";2;0;2
"comediennes";2;0;2
"femmes-de-lettres";2;0;2
"bookcrossing";2;0;2
"cotation-communautaire";2;0;2
"bovins-vifs";2;0;2
"satisfaction-usagers";1;1;2
"emn";2;0;2
"etc";2;0;2
"petits-veaux";2;0;2
"2003";2;0;2
"amendes";1;1;2
"cigares";2;0;2
"comites-techniques";2;0;2
"commissions-administratives-paritaires";2;0;2
"credits-de-paiements";2;0;2
"economie-internationale";2;0;2
"geometres-experts";2;0;2
"lfi-2019";2;0;2
"marques-deposees";2;0;2
"operateurs-de-letat";2;0;2
"paracommercialisme";2;0;2
"pratiques-commerciales-restrictives";2;0;2
"prix-minimum-impose";2;0;2
"rapport-annuel-de-performance";2;0;2
"revente-a-perte";2;0;2
"valeur-venale";1;1;2
"blogs";2;0;2
"dotclear";2;0;2
"club-house";2;0;2
"concierge";2;0;2
"conciergerie";2;0;2
"parcours-sportif";2;0;2
"tribune";2;0;2
"vestiaire";2;0;2
"reseau-sociaux";2;0;2
"beaumes-de-venise";2;0;2
"beaumont-du-ventoux";2;0;2
"caromb";2;0;2
"crillon-le-brave";2;0;2
"flassan";2;0;2
"gigondas";2;0;2
"le-beaucet";2;0;2
"malaucene";2;0;2
"sarrians";2;0;2
"standard-cnig-cc-v2014";2;0;2
"suzette";2;0;2
"1950";2;0;2
"1951";2;0;2
"1952";2;0;2
"hobus";2;0;2
"negoce";2;0;2
"rnm";1;1;2
"noyade";1;1;2
"remi-express";2;0;2
"re-emploi";2;0;2
"repair-cafe";2;0;2
"seconde-vie";2;0;2
"paysagees";2;0;2
"peint";2;0;2
"ocds";2;0;2
"centre-communal-daction-sociale";2;0;2
"gestion-du-risque";2;0;2
"installees";2;0;2
"affluences";2;0;2
"plu-plui-sudocuh";2;0;2
"znt-zone-de-non-traitement";2;0;2
"dsp";2;0;2
"hector-berlioz";2;0;2
"rezo";2;0;2
"bearn";2;0;2
"statistiques-immobilieres";0;2;2
"corridors-diffus";2;0;2
"afkl";2;0;2
"air-france";2;0;2
"iata";2;0;2
"klm";2;0;2
"real-time";2;0;2
"bred";2;0;2
"crise-45";2;0;2
"psu";2;0;2
"referendum-initiative-partagee";2;0;2
"cannabidiol";1;1;2
"cbd";1;1;2
"fonction-publique-etat";2;0;2
"eurolines";0;2;2
"denominations";2;0;2
"habillage-du-plan-texte";2;0;2
"routes-domanialite";2;0;2
"segments";2;0;2
"illectronisme";2;0;2
"pipeline";1;1;2
"terega";1;1;2
"projets-routiers";2;0;2
"senescence";2;0;2
"gasoil";1;1;2
"xixe-siecle";2;0;2
"alimconfiance";2;0;2
"creation-cinematograhique";2;0;2
"decor";2;0;2
"zone-degagee-dobstacles";2;0;2
"giratoires";2;0;2
"velo-st-etienne";1;1;2
"web-service";2;0;2
"loyer-de-reference";2;0;2
"api-boamp";1;1;2
"android-development";1;1;2
"administration-municipale";2;0;2
"dv3f";2;0;2
"fra";2;0;2
"parametre";2;0;2
"situs-judi-online";0;2;2
"poker-online";1;1;2
"bernay";2;0;2
"glucide";1;1;2
"zip";2;0;2
"centre-interpretation";2;0;2
"tourisme-religieux";2;0;2
"visite-guidee";2;0;2
"wikidatagouv";2;0;2
"hatrize";2;0;2
"points-de-fraicheur";2;0;2
"1984";2;0;2
"lambertz";2;0;2
"seveso-bas";1;1;2
"inegalites-de-revenus";2;0;2
"1780";2;0;2
"celsius";2;0;2
"fleuriau";2;0;2
"pinet";2;0;2
"cabinet-medical";2;0;2
"centre-daccueil";2;0;2
"centre-de-cure";2;0;2
"centre-hospitalier";2;0;2
"centre-incendie";2;0;2
"cmpea";2;0;2
"ecole-de-musique";2;0;2
"examen-de-sante";2;0;2
"maison-jeunes";2;0;2
"plateau-scolaire";2;0;2
"point-information";2;0;2
"pole-sante-chu-centre-de-sante";2;0;2
"polyclinique";2;0;2
"regiment";2;0;2
"aires-protegees";2;0;2
"empreinte-carbone";2;0;2
"sites-pollues";2;0;2
"violences-physiques";1;1;2
"marche-pub";2;0;2
"openagenda";2;0;2
"arles";2;0;2
"boulbon";2;0;2
"plan-de-sauvegarde";2;0;2
"tarascon";2;0;2
"ouvert-grand-public";2;0;2
"puy-de-dome-ddt-63";2;0;2
"armoire";2;0;2
"boitier";2;0;2
"puxe";2;0;2
"sites-communautaires";2;0;2
"open-access";1;1;2
"embleme";2;0;2
"waville";2;0;2
"democratie-sanitaire";2;0;2
"flavigny-sur-moselle";2;0;2
"centres-villes";1;1;2
"delegues";2;0;2
"pret-taux-zero";0;2;2
"sytom";2;0;2
"route-metropolitaine";2;0;2
"chaudeney-sur-moselle";2;0;2
"route-nationale";2;0;2
"site-technique";2;0;2
"autreville-sur-moselle";2;0;2
"liverdun";2;0;2
"service-social";2;0;2
"ecole-francaise-a-letranger";2;0;2
"produits-encaissables";2;0;2
"portail-pour-les-personnes-agees";2;0;2
"prix-hebergement";2;0;2
"tarif-dependance";2;0;2
"geothermie";2;0;2
"hydrocarbures-liquides-ou-gazeux";1;1;2
"activites-et-usages-industrie";2;0;2
"havip";0;2;2
"circonscriptions-administratives";2;0;2
"denomination-de-voie";2;0;2
"aire-de-services";2;0;2
"centres-internationaux-de-sejour";2;0;2
"parc-residentiel-de-loisirs";2;0;2
"conventions-collectives";1;1;2
"onisr";0;2;2
"champigny-sur-marne";0;2;2
"tgvinoui";0;2;2
"observations-in-situ-campagnes";2;0;2
"bdpm";0;2;2
"gtfs-tcl";1;1;2
"freefloating";2;0;2
"babyfoot";0;2;2
"flipper";0;2;2
"jukebox";0;2;2
"qrr";1;1;2
"quartiers-de-reconquete-republicaine";1;1;2
"youpee";0;2;2
"regions-maritimes-sea-regions";2;0;2
"velam";2;0;2
"consultation-citoyenne";2;0;2
"decembre-2019";2;0;2
"droits-sociaux";2;0;2
"haut-commissaire-aux-retraites";2;0;2
"jean-paul-delevoye";2;0;2
"penibilite";2;0;2
"systeme-universel";2;0;2
"assurance-retraite";2;0;2
"departs-en-retraite";2;0;2
"liquidation-des-retraites";2;0;2
"lutte-contre-la-pauvrete";2;0;2
"revenu-universel";2;0;2
"revenu-universel-dactivite";2;0;2
"rua";2;0;2
"aides-a-lhabitat";2;0;2
"mer-du-vent";2;0;2
"modele-numerique-densemble";2;0;2
"autoecole";1;1;2
"thierry-rayer";2;0;2
"spot-nbp";2;0;2
"eurostar";1;1;2
"imagin";2;0;2
"fuzzy";0;2;2
"genealogistes";0;2;2
"defibrillateurs-automatises-externes";2;0;2
"departement-des-alpes-maritimes";2;0;2
"lambert-93";2;0;2
"nuage-de-points";2;0;2
"photomesh";2;0;2
"commission-regionale";2;0;2
"comtpe-administratif";2;0;2
"espace-boise";2;0;2
"sites-naturels-proteges";2;0;2
"zone-d-039-emploi";2;0;2
"drom-com";2;0;2
"vehicules-tesla";0;2;2
"changement-de-prenom";2;0;2
"la-manche-mer";2;0;2
"foret-ancienne";2;0;2
"zoom";2;0;2
"225-kv";2;0;2
"certificats";2;0;2
"editeurs";1;1;2
"tagv";2;0;2
"znief";2;0;2
"leisure";2;0;2
"biodiversity";2;0;2
"population-presente";1;1;2
"usage-agricole";0;2;2
"technoloogie";2;0;2
"grand-age";2;0;2
"rgd";2;0;2
"rgd-savoie-mont-blanc";2;0;2
"savoie-mont-blanc";2;0;2
"modele-3d";2;0;2
"haroue";2;0;2
"jolivet";2;0;2
"pret-immobilier";1;1;2
"sieeen";2;0;2
"erosion-marine";2;0;2
"barrages-routiers";2;0;2
"chantiers-nautiques";2;0;2
"plan-sauvegarde-communale";2;0;2
"quartiers-en-difficultes";1;1;2
"gibier-eau";2;0;2
"amenagement-hydraulique";2;0;2
"cavites-souterraines";2;0;2
"niveau-de-recommandation-et-dinformation";2;0;2
"aire-de-pollution-potentielle";2;0;2
"guerisons";1;1;2
"maximum";2;0;2
"nuances-politiques";2;0;2
"emissions-atmospheriques";1;1;2
"marque-employeur";2;0;2
"archivage-numerique";2;0;2
"vefa";1;1;2
"horaires-blablabus";0;2;2
"horaires-bus-longue-distance";1;1;2
"horaires-ouibus";0;2;2
"prix-ouibus";0;2;2
"horaires-sncf";1;1;2
"reconstitution-des-flux";2;0;2
"sante-publique-france";0;2;2
"adjoints";2;0;2
"civid";0;2;2
"civid19";0;2;2
"covod19";0;2;2
"statistique-coronavirus";0;2;2
"flask";0;2;2
"soee";2;0;2
"question-answering";1;1;2
"glp";2;0;2
"mtq";2;0;2
"myt";2;0;2
"capso";2;0;2
"mouveo";2;0;2
"pays-de-saint-omer";2;0;2
"pso";2;0;2
"saint-omer";2;0;2
"sos-medecins";0;2;2
"bacs-a-sel";2;0;2
"habitats-prives";2;0;2
"composteurs-de-quartier";2;0;2
"fontaines-dornement";2;0;2
"lineaires-de-stationnement";2;0;2
"paysagistes";2;0;2
"bayesian-approach";0;2;2
"cerema-est";2;0;2
"l-49";2;0;2
"infrastructures-cyclables";2;0;2
"betagouv";2;0;2
"angouleme";1;1;2
"bourg-en-bresse";1;1;2
"bourges";1;1;2
"evry";1;1;2
"foix";1;1;2
"la-roche-sur-yon";1;1;2
"laon";1;1;2
"le-mans";1;1;2
"moulins";1;1;2
"tarbes";1;1;2
"toulon";1;1;2
"animaux-de-compagnie";1;1;2
"chloroquine";2;0;2
"orpaillage";2;0;2
"deces-coronavirus";0;2;2
"sudfonciereco";2;0;2
"positif";0;2;2
"electricite-verte";1;1;2
"indicateurs-open-data";1;1;2
"s2renr";2;0;2
"valeurs-venales";1;1;2
"zone-hydrographique";2;0;2
"couvertures-assurance";2;0;2
"fond-de-solidarite";2;0;2
"zonages-naturels";2;0;2
"marketplace";1;1;2
"azithromycine";2;0;2
"langues-vivantes";2;0;2
"moorea";2;0;2
"bafa";2;0;2
"liquidations-judiciaires";2;0;2
"observatoire-eco-auto-entrepreneurs";2;0;2
"procedures-collectives";2;0;2
"procedures-de-sauvegarde";2;0;2
"redressements-judiciaires";2;0;2
"r0-coronavirus";2;0;2
"r0-covid19";2;0;2
"fetes-et-manifestations";2;0;2
"anpe";2;0;2
"assistantes";2;0;2
"caisse";2;0;2
"secour";2;0;2
"coronavirus-exces-mortalite";0;2;2
"prix-du-neuf";1;1;2
"qub";1;1;2
"jhu";1;1;2
"chronovelo";2;0;2
"phrc";2;0;2
"anxiete";1;1;2
"immeuble-ftth-fibre";1;1;2
"barreau";2;0;2
"barreaux";2;0;2
"hds";0;2;2
"webconf";2;0;2
"granville";2;0;2
"centre-test-depistage";0;2;2
"boosterr-sante";2;0;2
"corressante";2;0;2
"compte-administratif-2019";2;0;2
"retour-a-domicile";0;2;2
"aide-aux-entreprises";2;0;2
"eau-fluviale";2;0;2
"subventions-77373";2;0;2
"montee";2;0;2
"lorraine-hipseaume";1;1;2
"cycle-du-carbone";2;0;2
"sommeil";1;1;2
"wc-publics";2;0;2
"acronymes";1;1;2
"sigles";1;1;2
"nom-des-rues";2;0;2
"infraction-routiere";1;1;2
"saint-pierre";2;0;2
"saint-pierre-et-miquelon";2;0;2
"habilitation";2;0;2
"la-trinite";2;0;2
"saad";1;1;2
"association-commune-subvention";2;0;2
"ip-doc";2;0;2
"circuit-cyclotouristique";2;0;2
"domaines-departementaux";2;0;2
"fracturation";2;0;2
"tour-de-guet";2;0;2
"villefranche-sur-mer";2;0;2
"coeur-de-garonne";2;0;2
"decollage";2;0;2
"cazeres-sur-garonne";2;0;2
"fonsorbes";2;0;2
"merville";2;0;2
"services-locaux";2;0;2
"centres-medico-sociaux";2;0;2
"courtry";2;0;2
"grp";2;0;2
"maison-de-sante-pluri-professionnelles";2;0;2
"sls";2;0;2
"null";2;0;2
"exzeco-risques-inondation";2;0;2
"reseau-assainissement";2;0;2
"reseau-eau-potable";2;0;2
"megalis";1;1;2
"parking-en-ouvrage";2;0;2
"surfaces-urbanisees";2;0;2
"consommation-dp";2;0;2
"expertise-france";2;0;2
"couleurs";2;0;2
"proprietes-publiques";2;0;2
"sinistre-inondation";2;0;2
"presidents";2;0;2
"guillaume-rozier";0;2;2
"r-effectif";0;2;2
"reffectif";0;2;2
"adissan";2;0;2
"aumes";2;0;2
"castelnau-de-guers";2;0;2
"cazouls-dherault";2;0;2
"florensac";2;0;2
"lezignan-la-cebe";2;0;2
"montagnac";2;0;2
"nezignan-leveque";2;0;2
"pomerols";2;0;2
"saint-pons-de-mauchiens";2;0;2
"tourbes";2;0;2
"stationement";2;0;2
"r0";2;0;2
"rendement-locatif";1;1;2
"yanport";2;0;2
"volvestre";2;0;2
"arve";2;0;2
"foron";2;0;2
"vetraz-montoux";2;0;2
"aire-maritime-educative";2;0;2
"instrument";2;0;2
"tni";2;0;2
"interregional";2;0;2
"dracenie";2;0;2
"labastide-de-levis";2;0;2
"vetrza-monthoux";2;0;2
"location-of-uwwtd-plants";2;0;2
"uwwtd-plants";2;0;2
"sesquieres";2;0;2
"teleski";2;0;2
"random-forest";0;2;2
"bnls";2;0;2
"energie-tour";2;0;2
"bairols";2;0;2
"beaulieu-sur-mer";2;0;2
"bonson";2;0;2
"clans";2;0;2
"duranus";2;0;2
"ilonse";2;0;2
"la-bollene-vesubie";2;0;2
"la-roquette-sur-var";2;0;2
"lantosque";2;0;2
"le-broc";2;0;2
"rimplas";2;0;2
"roquebilliere";2;0;2
"roubion";2;0;2
"roure";2;0;2
"saint-andre-de-la-roche";2;0;2
"saint-blaise";2;0;2
"saint-dalmas-le-selvage";2;0;2
"saint-etienne-de-tinee";2;0;2
"saint-jean-cap-ferrat";2;0;2
"saint-sauveur-sur-tinee";2;0;2
"tournefort";2;0;2
"tourrette-levens";2;0;2
"utelle";2;0;2
"venanson";2;0;2
"labellise";2;0;2
"activites-nautiques";2;0;2
"communaute-d-agglomeration-var-esterel-mediterranee";2;0;2
"suivi-scientifique";2;0;2
"fenols";2;0;2
"peyrole";2;0;2
"rabastens";2;0;2
"demandeurs-demploi";2;0;2
"gaillac";2;0;2
"animation-territoriale";2;0;2
"vie-des-territoires";2;0;2
"graphql";0;2;2
"tecou";2;0;2
"carte-pastel";2;0;2
"42021";2;0;2
"chatelneuf";2;0;2
"couzan";2;0;2
"forez";2;0;2
"vetre";2;0;2
"villebon-sur-yvette";2;0;2
"aussac";2;0;2
"irise";2;0;2
"odbu";2;0;2
"maprimerenov";1;1;2
"catalogue-simplifie";2;0;2
"refea";2;0;2
"1km";0;2;2
"toillette";2;0;2
"alimentation-durable";2;0;2
"courriels";2;0;2
"rayon-1-km";0;2;2
"medico";1;1;2
"bernac";2;0;2
"stopcovid";2;0;2
"tempdeg-sup-7degc";2;0;2
"temp-sup-7";2;0;2
"1-km";0;2;2
"boites-a-lire";2;0;2
"mydral";0;2;2
"podcast";2;0;2
"direction-regionale";2;0;2
"directions-regionales";2;0;2
"operations-financieres";2;0;2
"reseau-et-territoires";2;0;2
"strategies-territoriales";2;0;2
"senouillac";2;0;2
"reseau-5g";0;2;2
"test-antigenique";2;0;2
"ortho-3d";2;0;2
"odceel";2;0;2
"dat";2;0;2
"gamme-tarifaire";2;0;2
"logo";2;0;2
"effet-confinement";0;2;2
"couperin";2;0;2
"ere";2;0;2
"ror";2;0;2
"edition-scientifique";2;0;2
"cuisses";1;1;2
"restructuration";1;1;2
"ruralites";0;2;2
"20-km";0;2;2
"rayon";0;2;2
"rayon-20-km";0;2;2
"autour-de-chez-moi";0;2;2
"filosofi2015";0;2;2
"reseau-breizh-go";2;0;2
"puybegon";2;0;2
"entrepreneur-de-spectacles";1;1;2
"recepisse-de-licence";1;1;2
"point-dadresse";2;0;2
"reseau-fluvial";2;0;2
"ccpf";2;0;2
"sr3v";2;0;2
"assistant-e-s-maternel-le-s";2;0;2
"personnnes-agees";2;0;2
"castanet";2;0;2
"api-deces";0;2;2
"appariement";0;2;2
"zapm";2;0;2
"anti-gaspillage";1;1;2
"airspace";1;1;2
"airspace-map";1;1;2
"labessiere-candeil";2;0;2
"communaute-de-communes-du-pays-fertois";2;0;2
"grand-site-de-france";2;0;2
"embouchure";2;0;2
"age-de-populaton";2;0;2
"fragilite-numerique";2;0;2
"fragilte-numerique";2;0;2
"cadalen";2;0;2
"saint-gauzens";2;0;2
"grand-chalon";2;0;2
"folium";0;2;2
"oxca";1;1;2
"oxcaville";1;1;2
"citedia";2;0;2
"stop-pub";1;1;2
"jean-luc-melenchon";0;2;2
"marine-le-pen";0;2;2
"sas-velo";2;0;2
"charte-2020-2035";2;0;2
"entites-paysageres";2;0;2
"restauration-ecologique";2;0;2
"bcsi";2;0;2
"ogeo";2;0;2
"busque";2;0;2
"cestayrols";2;0;2
"inforoute";2;0;2
"phosphate";1;1;2
"geomce";1;1;2
"pole-metropolitain";2;0;2
"jardin-partage";1;1;2
"florentin";2;0;2
"vente-a-emporter";2;0;2
"loi-de-programmation";2;0;2
"grazac";2;0;2
"ralentisseur";2;0;2
"puy-saint-eusebe";2;0;2
"equipements-batiments-et-logements";2;0;2
"unite-territoriale";2;0;2
"code-etablissement";2;0;2
"google-play";2;0;2
"bdt";2;0;2
"hors-voirie";1;1;2
"ambition-maritime";2;0;2
"projets-urbains";2;0;2
"arbustes";2;0;2
"bac-a-verre";2;0;2
"batiments-recevant-du-public";2;0;2
"diversites";2;0;2
"mont-valerien";2;0;2
"renove";2;0;2
"taxe-damenagement";2;0;2
"centres-de-vaccination";1;1;2
"dynamique-littorale";2;0;2
"jeux-techniques";2;0;2
"heures-douverture";1;1;2
"finances-publique";2;0;2
"mezens";2;0;2
"canipoche";2;0;2
"opencovid19";0;2;2
"sites5g";1;1;2
"roquemaure";2;0;2
"petite-ville";2;0;2
"circulation-atmospherique";2;0;2
"modele-atmospherique";2;0;2
"pontivy";1;1;2
"effet-de-serre";2;0;2
"mineur";2;0;2
"etalages";2;0;2
"30-km";0;2;2
"30km";0;2;2
"confinement-30-km";0;2;2
"sortiraparis";0;2;2
"taux-incidence";0;2;2
"chemins-ruraux";2;0;2
"fao";2;0;2
"recherche-action";2;0;2
"sites-touristiques";2;0;2
"covidom";2;0;2
"go";2;0;2
"abeille";1;1;2
"dans-ma-rue";2;0;2
"direction-strategie-finances";2;0;2
"legifrance";0;2;2
"edp";2;0;2
"cem";2;0;2
"observatoire-des-ondes";2;0;2
"radiotelephonie-mobile";2;0;2
"site-site-industriel-production-site-eolien";2;0;2
"qualite-sociale";2;0;2
"ressources-humaines-ferroviaire";2;0;2
"article-d-111-66";2;0;2
"aire-covoiturage";2;0;2
"astrazeneca";1;1;2
"moderna";1;1;2
"pfizer";1;1;2
"economie-d-039-energie";2;0;2
"budget-primitif-2021";2;0;2
"commerces-essentiels";1;1;2
"openaire";2;0;2
"automne";2;0;2
"gout";2;0;2
"relance";0;2;2
"velotaf";0;2;2
"pluis";2;0;2
"outil";2;0;2
"briatexte";2;0;2
"garer";2;0;2
"test-5g";0;2;2
"auto-tests";2;0;2
"autotests";2;0;2
"demographie-des-personnes-agees";2;0;2
"residence-autonomie";2;0;2
"application-station-essence";0;2;2
"station-essence-autour-de-ma-position";0;2;2
"station-essence-geolocalisation";0;2;2
"physico-chimique";2;0;2
"empreinte-cooperative-et-societale";2;0;2
"prix-maison";1;1;2
"actif-agricole";2;0;2
"aldudes";2;0;2
"canard";2;0;2
"canard-gras";2;0;2
"cepage";2;0;2
"chef-dexploitation";2;0;2
"engraisseur";2;0;2
"espelette";2;0;2
"foie-gras";2;0;2
"kintoa";2;0;2
"naisseur";2;0;2
"pate-pressee-non-cuite";2;0;2
"pie-noir-du-pays-basque";2;0;2
"piment";2;0;2
"piment-despelette-aop";2;0;2
"porc-basque";2;0;2
"sechoir";2;0;2
"viticulteur";2;0;2
"atelier-cuisine";2;0;2
"pitp";2;0;2
"extremas";2;0;2
"terminaux-methaniers";1;1;2
"loupiac";2;0;2
"rendez-vous-vaccination";0;2;2
"activite-reduite";2;0;2
"nappes-phreatiques";2;0;2
"mviewer";0;2;2
"protection-donnees";2;0;2
"toboggan";2;0;2
"parisot";2;0;2
"1-dose";0;2;2
"salvagnac";2;0;2
"cep-70";2;0;2
"schema-de-donnees-publiques";2;0;2
"regionales-2021";0;2;2
"ccsd-hal";2;0;2
"programme-investissement-avenir";2;0;2
"missions-locales";2;0;2
"prepa";1;1;2
"geologie-du-pays-basque";2;0;2
"deuxieme-guerre-mondiale";1;1;2
"cpc";2;0;2
"09";2;0;2
"11";2;0;2
"12";2;0;2
"31";2;0;2
"32";2;0;2
"34";2;0;2
"46";2;0;2
"48";2;0;2
"65";2;0;2
"66";2;0;2
"81";2;0;2
"82";2;0;2
"bornes-fontaines";2;0;2
"rss";1;1;2
"geoclip";0;2;2
"typologies";0;2;2
"1953";2;0;2
"apiculture";1;1;2
"dinan";1;1;2
"hydrographique";2;0;2
"breizh-bocage";2;0;2
"station-gonflage";2;0;2
"restaurant-scolaire";2;0;2
"alfredo-dambrosio";2;0;2
"arie-van-beek";2;0;2
"igor-stravinski";2;0;2
"jacques-offenbach";2;0;2
"marie-claude-saniez";2;0;2
"michele-eloire";2;0;2
"nicolas-kruger";2;0;2
"olivier-degardin";2;0;2
"pierre-joseph";2;0;2
"na64";0;2;2
"acoss-urssaf";0;2;2
"jeux-de-hasard";2;0;2
"pole-territoriaux";2;0;2
"elections-departementales-2021";2;0;2
"magicien-lyon";1;1;2
"magicien-lyon-magicien-a-lyon";1;1;2
"magicien-lyon-magicien-rhone";1;1;2
"magicien-lyonnais";1;1;2
"jalonnement";2;0;2
"zone-humide-de-salliet";2;0;2
"parc-national-des-cevennes";1;1;2
"ccpda";2;0;2
"porte-de-dromardeche";2;0;2
"garantie-jeunes";2;0;2
"ouest-charge";2;0;2
"feuilles-de-sections";2;0;2
"geodae";2;0;2
"poste-de-secours";2;0;2
"cimetere";2;0;2
"arceaux-velo";2;0;2
"certificats-durbanisme";2;0;2
"dim-sum";0;2;2
"dim-sum-guide";0;2;2
"nourriture-chinoise";0;2;2
"version-francaise";0;2;2
"election-2021-france-elections";2;0;2
"guide-de-reference";0;2;2
"livres-jeunesse";1;1;2
"cvcb";2;0;2
"communaute-lesneven-cote-des-legendes";2;0;2
"ouigo";1;1;2
"issy-tourisme-international";2;0;2
"icones";2;0;2
"calculateur-ditineraires";0;2;2
"shape-troncons";2;0;2
"bischheim";2;0;2
"troncons-voies";2;0;2
"urepel";2;0;2
"bbooaa";2;0;2
"froid";2;0;2
"geodatamine";2;0;2
"delib";2;0;2
"greenspot";2;0;2
"egapro";0;2;2
"aasqa";2;0;2
"feuilles-de-route";1;1;2
"interministeriel";1;1;2
"hotels-dentreprises";2;0;2
"immobilier-dentreprises";1;1;2
"vfe";2;0;2
"regie-envibus";2;0;2
"reseau-envibus";2;0;2
"renouvellement-de-parc-automobile";2;0;2
"zones-economiques";2;0;2
"minarm";2;0;2
"couffouleux";2;0;2
"affaires-generales";2;0;2
"remire-montjoly";2;0;2
"nowigo";0;2;2
"incunables";2;0;2
"ingeteam";2;0;2
"montvalen";2;0;2
"territoire-d-industrie";2;0;2
"dsil";2;0;2
"sdis25";2;0;2
"la-sauziere-saint-jean";2;0;2
"region-centre-val-de-loire";1;1;2
"assemblee-consultative";2;0;2
"simplystock";0;2;2
"pitd";2;0;2
"ptc";2;0;2
"abroge";2;0;2
"consulaires";2;0;2
"sols-artificialises";0;2;2
"val-essonne";2;0;2
"cosinum";2;0;2
"pnr-morvan";2;0;2
"atoumod";2;0;2
"centre-de-formation-d-apprentis-cfa";2;0;2
"developpement-economique-1";2;0;2
"education-1";2;0;2
"inventaire-et-patrimoine";2;0;2
"limite-municipale";2;0;2
"mesures-agro-environnementales-et-climatiques-maec";2;0;2
"plan-velo-1";2;0;2
"plsa";2;0;2
"point-info";2;0;2
"projets-agro-environnementales-et-climatiques-paec";2;0;2
"rase-campagne";2;0;2
"schema-regional-d-amenagement-de-developpement-durable-et-d-egalite-des-territoires-sraddet";2;0;2
"territoires-vulnerables";2;0;2
"lora";2;0;2
"arcgis-server";2;0;2
"voies-adressage-labets-iscay";2;0;2
"pole-dequilibre-territorial-et-rural-petr";2;0;2
"accueil-public";1;1;2
"que-faire-a-saint-marcellin";1;1;2
"que-faire-en-isere";1;1;2
"sortirasaintmarcellin";1;1;2
"tissu-social";1;1;2
"bordures";2;0;2
"centralise";2;0;2
"cgep";2;0;2
"chaban-delmas";2;0;2
"existant";2;0;2
"existantes";2;0;2
"lineaires";2;0;2
"effectifs-eleves";1;1;2
"projet-de-raccordement";2;0;2
"gros-oeuvre";2;0;2
"cani-accueillance";2;0;2
"le-cannet";2;0;2
"mougins";2;0;2
"theoule";2;0;2
"polenta";2;0;2
"haute-valeur-environnementale";1;1;2
"hve";1;1;2
"limites-geographiques";2;0;2
"distribus";2;0;2
"saint-urcisse";2;0;2
"valeur-immobiliere";0;2;2
"fabrique-prospective";1;1;2
"ministere-de-linterieur";1;1;2
"mesures-phares";2;0;2
"limites-territtoriales";2;0;2
"gares-sncf";1;1;2
"calan";2;0;2
"habillage-du-plan-lineaire";2;0;2
"liaison-maritime";1;1;2
"queven";2;0;2
"bd-topo-bdto";2;0;2
"euskara";2;0;2
"elu-e";2;0;2
"rebours";2;0;2
"bal-base-adresse-locale";2;0;2
"repertoire-des-logements-locatifs-des-bailleurs-sociaux";1;1;2
"vice-president";2;0;2
"vice-presidente";2;0;2
"sdap";2;0;2
"deliberations-conseil-municipal-chelles";2;0;2
"equipements-publics-chelles";2;0;2
"prenoms-nouveau-nes-chelles";2;0;2
"subventions-attribuees-chelles";2;0;2
"mveloplus";2;0;2
"chateauneuf-villevieille";2;0;2
"drap";2;0;2
"amma-catch";2;0;2
"cosmic-radiation";2;0;2
"cosmology";2;0;2
"eco-hydrology";2;0;2
"ecosystem-structure-ecosystem-composition-by-functional-type";2;0;2
"energy-distribution";2;0;2
"fmhex";2;0;2
"focal-mechanism";2;0;2
"gaia";2;0;2
"galaxy";2;0;2
"galma-ray-bursts";2;0;2
"gamma-ray-astronomy";2;0;2
"global-navigation-satellite-system-gnss";2;0;2
"global-positioning-system-gps";2;0;2
"gnss";2;0;2
"gravi";2;0;2
"hydro-morphodynamism";2;0;2
"karst3d";2;0;2
"ltc";2;0;2
"magnetism";2;0;2
"multi-messenger-astronomy";2;0;2
"omiv";2;0;2
"phenology";2;0;2
"plato";2;0;2
"pollux";2;0;2
"relativistic-jets";2;0;2
"rlbp";2;0;2
"sno-amma-catch";2;0;2
"sno-dynalit";2;0;2
"sno-gaia";2;0;2
"sno-gso-data-centre";2;0;2
"sno-omiv";2;0;2
"sno-plato";2;0;2
"sno-pollux";2;0;2
"sno-resif-gravimetrie";2;0;2
"sno-resif-renag";2;0;2
"sno-resif-rlbp";2;0;2
"sno-somlit";2;0;2
"sno-svom";2;0;2
"sno-tbl";2;0;2
"soere-tempo";2;0;2
"soil-deformation";2;0;2
"solid-earth-dynamics";2;0;2
"spectropolarimetry";2;0;2
"stellar-atmosphere";2;0;2
"stellar-spectrum";2;0;2
"svom";2;0;2
"tbl";2;0;2
"telescopes";2;0;2
"tgir-icos";2;0;2
"hwange";2;0;2
"management-and-conservation";2;0;2
"socio-ecosystem";2;0;2
"za-hwange";2;0;2
"ombrage";2;0;2
"admissions";2;0;2
"monts-du-val-doise";2;0;2
"administration-centrale-du-ministere-de-la-culture";2;0;2
"ventes-a-decouvert";2;0;2
"zfem";1;1;2
"lignes-scolaires";2;0;2
"depenses-brutes";2;0;2
"direction-regionale-dr";2;0;2
"assurtech";2;0;2
"assemble";2;0;2
"gr-sentier-de-grande-randonnee";2;0;2
"mico";2;0;2
"sadjav";2;0;2
"direction-de-la-securite-de-proximite-de-lagglomeration-parisienne";2;0;2
"prescription-lin";2;0;2
"artisols";2;0;2
"bornes-de-recharge-pour-vehicules-electriques";2;0;2
"allocataires-indemnises";2;0;2
"protection-de-l-039-environnement";2;0;2
"direction-des-services-judiciaires";2;0;2
"de-lemploi-et-de-linsertion";2;0;2
"ouvrages-hydrauliques";2;0;2
"pontneuf";2;0;2
"boites";2;0;2
"dif";2;0;2
"administration-territoriale-de-letat";2;0;2
"zicad";1;1;2
"reseau-des-rectorats-et-dsden";2;0;2
"heures-indemnisees";2;0;2
"siecf";2;0;2
"haute-autorite-de-sante";2;0;2
"signadresse";2;0;2
"potentialites-agricoles";2;0;2
"etablissement-du-service-national-et-de-la-jeunesse";2;0;2
"caisse-regionale-urssaf";2;0;2
"sportive";2;0;2
"observatoires-loyers";2;0;2
"ccsp";2;0;2
"easycharge";2;0;2
"premier-empire";2;0;2
"hospitalier";2;0;2
"air-interieur";2;0;2
"theater";2;0;2
"dt-pole-emploi";2;0;2
"1-40m";2;0;2
"juridictions-civiles";2;0;2
"2024";2;0;2
"ocr-maintenance-electronique";2;0;2
"desert-medical";1;1;2
"mazamet";2;0;2
"pacte";2;0;2
"candidats-elections";2;0;2
"crise-ukrainienne";1;1;2
"changement-prenom";2;0;2
"election-2022-france-parrainages";2;0;2
"crds";2;0;2
"ministere-de-lagriculture-et-de-lalimentation";2;0;2
"ilots-de-chaleur";1;1;2
"avantage-principal";2;0;2
"enquete-emploi";2;0;2
"siri-lite";2;0;2
"nppv";2;0;2
"pont-de-larn";2;0;2
"pizzeria";2;0;2
"antipolis";2;0;2
"equipements-velo";2;0;2
"positions-courtes-nettes";2;0;2
"equipements-publiques";2;0;2
"mesures-educatives";2;0;2
"cheque-energie";2;0;2
"citoyenete";2;0;2
"limite-cadastrale";2;0;2
"polypension";2;0;2
"sport-et-jeunesse";2;0;2
"table-de-liens";2;0;2
"maprocuration-gouv-fr";2;0;2
"dcpa";2;0;2
"pole-dorientation-des-controles-poc";2;0;2
"batiments-communautaires";2;0;2
"ouverture-des-droits";2;0;2
"direction-departementale-de-la-securite-publique";2;0;2
"ecart-de-pension";2;0;2
"direction-interregionale-des-services-penitentiaires";2;0;2
"has";2;0;2
"aides-en-nature";2;0;2
"agence-de-services-et-de-paiement-asp";2;0;2
"depenses-de-protection-sociale";2;0;2
"commandement-de-la-gendarmerie-outre-mer";2;0;2
"hi";2;0;2
"reseau-breizhgo";2;0;2
"dir-region-finances-publiques";2;0;2
"9e";2;0;2
"indice-des-prix-a-la-consomation";2;0;2
"insee-ministere-de-lagriculture-et-de-lalimentation";2;0;2
"litterature-jeunesse";2;0;2
"jeux-olympiques-et-paralympiques";2;0;2
"collectivites-territoriales-communes";2;0;2
"blague";1;1;2
"canopee";2;0;2
"division-de-securite-publique";2;0;2
"prematurite";2;0;2
"ort";2;0;2
"points-lumineux";2;0;2
"ballades";2;0;2
"services-de-documentation-des-universites-et-ecoles-de-lenseignement-superieur";2;0;2
"ville-de-saint-lo";2;0;2
"short-selling";2;0;2
"non-enseignant";2;0;2
"temps-d-antenne";2;0;2
"loi-d-039-orientation-des-mobilites";2;0;2
"polypensions";2;0;2
"mte-mctrct";2;0;2
"manifeste";2;0;2
"fsv";2;0;2
"plan-de-parc";2;0;2
"montdurausse";2;0;2
"activite-commerciale";2;0;2
"dsnj";2;0;2
"mode-daccueil";2;0;2
"evad";2;0;2
"maginot";2;0;2
"synthese-hebdomadaire";2;0;2
"mobilte";2;0;2
"rt";2;0;2
"panneaux-historique";2;0;2
"prevention-sida-vih";2;0;2
"ouvrier";2;0;2
"decisions-du-maire";2;0;2
"plan-velo";2;0;2
"regime-complementaire";2;0;2
"ascenceurs";2;0;2
"1954";2;0;2
"droit-civil";2;0;2
"direction-zonale-de-la-securite-publique";2;0;2
"fongibilite";2;0;2
"couvertures";2;0;2
"direction-de-ladministration-penitentiaire";2;0;2
"resultats-elections";2;0;2
"finistere-2030";2;0;2
"tableau-effectifs";2;0;2
"ecogaz";1;1;2
"allocataires-pris-en-charge";2;0;2
"direction-de-linformation-legale-et-administration-publique-dila";2;0;2
"antarctica";2;0;2
"2022-bibliotheque";2;0;2
"labege";2;0;2
"bande-deveil-a-la-vigilance";2;0;2
"direction-interregionale-di";2;0;2
"experience-usager";2;0;2
"pamocc";2;0;2
"delegation-interregionale";2;0;2
"producteurs-locaux";2;0;2
"ddtm";2;0;2
"dr-pole-emploi";2;0;2
"jenny";1;1;2
"imaj";2;0;2
"majoration-pour-enfants";2;0;2
"affaires-civiles";2;0;2
"region-de-gendarmerie";2;0;2
"planification-et-education-familiale";2;0;2
"preretraite";2;0;2
"meeting";2;0;2
"franceconnect";2;0;2
"plan-national-pour-la-science-ouverte";2;0;2
"agence-nationale-pour-lamelioration-des-conditions-de-travail-anact";2;0;2
"software";2;0;2
"services-numeriques-du-ministere-de-linterieur";2;0;2
"direction-centrale-de-la-securite-publique";2;0;2
"mi-ate-regional";2;0;2
"taux-chomage";2;0;2
"drilling";2;0;2
"autres-directions-et-services-actifs-de-la-dgpn";2;0;2
"scdl-archives";2;0;2
"geosite";2;0;2
"harcelement";1;1;2
"ccmsa";2;0;2
"locaux-vacants";2;0;2
"tauriac";2;0;2
"numeriqueresponsable";2;0;2
"prescription-surf";2;0;2
"juridique-et-organigramme";2;0;2
"dir-dept-finances-publiques";2;0;2
"datexii";2;0;2
"deplacement-officiel";2;0;2
"jeux-paralympiques";2;0;2
"equipements-de-loisirs";2;0;2
"guil";2;0;2
"union-internationale-de-lenvironnement";2;0;2
"seismic-monitoring";2;0;2
"donnees-ouvertes-equipements-equipements-publics-interet-interet-public-administration-mairie-regiment-prefecture-poste-centre-incendie-point-information-observatoire-commissariat-archives-service-enfance-creche-assistante-maternelle-animation-petite-enfance-accueil-loisir-maison-jeunes-sante-clinique-centre-hospitalier-polyclinique-centre-de-cure-gerontologie-cabinet-medical-pole-sante-chu-centre-de-sante-cmpea-examen-de-sante-environnement-toilettes-publiques-marche-dechetterie-jeux-cimetieres-parc-square-jardin-espaces-verts-culture-equipements-culturels-mediatheque-salle-des-fetes-bibliotheque-musee-foyer-cinema-ecole-de-musique-theatre-patrimoine-eglise-chapelle-abbaye-chateau-monument-temple-grotte-vestiges-sport-equipements-sportifs-gymnase-terrain-de-football-stade-escalade-danse-plateau-scolaire-city-stade-complexe-sportif-golf-equitation-tennis-arts-martiaux-piscine-social-epicerie-sociale-ehpad-caf-esat-solidarite-insertion-foyer-transport-parking-covoiturage-gare-ter-gare-routiere-parc-relais-aeroport-vitalis-velo-scolaire-ecole-maternelle-ecole-elementaire-college-lycee-universite-tourisme-pique-nique-residences-camping-office-de-tourisme-centre-daccueil";2;0;2
"sill";1;1;2
"controle-detat";2;0;2
"velo-loisir-provence";2;0;2
"graulhet";2;0;2
"direction-des-affaires-foncieres";2;0;2
"direction-nationale-du-recrutement-et-de-la-formation-professionnelle-dnrfp";2;0;2
"reseau-hors-reseau";2;0;2
"brevets-francais";2;0;2
"universites-et-ecoles";2;0;2
"fossile";2;0;2
"depistage-sida-vih";2;0;2
"bassin-de-mobilite";2;0;2
"sous-direction-des-services-specialises";2;0;2
"ipc";2;0;2
"observation-du-foncier";2;0;2
"direction-interregionale-de-la-protection-judiciaire-de-la-jeunesse";2;0;2
"sante-sexuelle";2;0;2
"direction-nationale-urssaf";2;0;2
"lamoura";2;0;2
"ccpc";2;0;2
"trackdechets";2;0;2
"consultations-medicales";2;0;2
"mesures-de-placement";2;0;2
"alpilles";2;0;2
"circonscription-de-securite-publique";2;0;2
"fabrique-a-paris";2;0;2
"mi-ate-departemental";2;0;2
"victimes-de-guerre";2;0;2
"professionnels-du-social";2;0;2
"direction-de-la-protection-judiciaire-de-la-jeunesse";2;0;2
"tri-de-dechets";2;0;2
"conseils-departementaux-de-lacces-au-droit";2;0;2
"quintiles";2;0;2
"temps-dantenne";2;0;2
"pension-mensuelle";2;0;2
"trafic-moyen-journalier";2;0;2
"sedif";2;0;2
"sante-de-la-population";2;0;2
"carriere-longue";2;0;2
"consultation-pmi";2;0;2
"porte";2;0;2
"prescription-pct";2;0;2
"clubs-sportifs";2;0;2
"retraite-progressive";2;0;2
"points-dindice-bruts";2;0;2
"sous-direction-regionale-de-la-police-des-transports";2;0;2
"services-numeriques-de-la-police-nationale";2;0;2
"2022-crte-butte-pinson";2;0;2
"talos-dome";2;0;2
"relations-diplomatiques";2;0;2
"micro-entreprise";1;1;2
"direction-des-affaires-criminelles-et-des-graces";2;0;2
"changement-de-nom";2;0;2
"foire-au-jambon";2;0;2
"education-sexuelle";2;0;2
"direction-territoriale-de-securite-de-proximite";2;0;2
"tourisme-durable";2;0;2
"etablissement-pour-adultes-handicapes";2;0;2
"agglomeration-sophia-antipolis";2;0;2
"kartenn";2;0;2
"jardin-remarquable";2;0;2
"amdac";1;1;2
"osgeo";2;0;2
"pnso";2;0;2
"consommation-et-clients";2;0;2
"hydrographie-zonages-perimetres-et-programmes-daction";2;0;2
"rgpf";2;0;2
"invasive";2;0;2
"direction-des-sports";2;0;2
"sdis-04";2;0;2
"boissons-alcoolisees";2;0;2
"veligo-location";2;0;2
"procedures-particulieres";2;0;2
"debroussaillage";2;0;2
"compte-administratif-2021";2;0;2
"circonscription-de-securite-de-proximite";2;0;2
"depenses-nettes";2;0;2
"onacvg";2;0;2
"masp2";2;0;2
"aire-financiere";2;0;2
"les-crous";2;0;2
"capital-social";2;0;2
"amelioration-de-lhabitat";2;0;2
"etablissement-pour-personnes-agees";2;0;2
"beneficiaires-du-rsa";2;0;2
"mandataire";1;1;2
"grdf";0;2;2
"humanites-numeriques";0;2;2
"zan";0;2;2
"canon-litteraire";0;2;2
"controle-technique-visite";0;2;2
"maison-france-services";0;2;2
"epv";0;2;2
"pharmacies-de-garde";0;2;2
"systeme-dinformation-sur-leau";0;2;2
"prix-essence";0;2;2
"analyse-de-donnees";0;2;2
"histoire-litteraire";0;2;2
"favoris";0;2;2
"kbis";1;1;2
"aires-covoiturage";0;2;2
"elysee2022";0;2;2
"kepler-gl";0;2;2
"entreprise-du-patrimoine-vivant";0;2;2
"controle-technique-auto";0;2;2
"instantsystem";0;2;2
"tarif-controle-technique";0;2;2
"resultats-election-presidentielle-2022";0;2;2
"resultat-premier-tour-presidentielle";0;2;2
"resultat-1er-tour-presidentielle-2022";0;2;2
"pollution-sonore";0;2;2
"ips";0;2;2
"prix-controle-technique";0;2;2
"opac";0;2;2
"france-competences";0;2;2
"2016-2018";2;0;2
"ozecar";1;1;2
"coefficient-de-vegetalisation";2;0;2
"installation-de-suivi-environnemental";2;0;2
"impact-des-transports-sur-lenvironnement";2;0;2
"donnees-tarifaires";2;0;2
"partcules-pm10";2;0;2
"21e-siecle";2;0;2
"sdit";2;0;2
"parc-canin";2;0;2
"prix-de-leau";2;0;2
"amenagement-du-territoire-national-regional";2;0;2
"pib-recherche-developpement";2;0;2
"comite-social-territorial";2;0;2
"education-tertiare";2;0;2
"cd-nievre";2;0;2
"parc-naturel-environnement-tourisme";2;0;2
"securite-routiere-accidents-personne-agee";2;0;2
"sante-covid-19";2;0;2
"occupation-des-sols-forets-feuillus-resineux-coupe";2;0;2
"transports-pistes-cyclables";2;0;2
"amenagement-du-territoire-intercommunal";2;0;2
"enseig-sup-recherche-depenses-en-recherche-et-developpement";2;0;2
"population-commune";2;0;2
"securite-routiere-accidents-deux-roues-motorise";2;0;2
"air-qualite-index";2;0;2
"nature-environnement-protection";2;0;2
"transports-covoiturage";2;0;2
"enseig-sup-recherche-diplomes-de-lenseignement-superieur";2;0;2
"enseig-sup-recherche-isfates-dfhi";2;0;2
"securite-routiere-accidents-transport-commercial";2;0;2
"occupation-des-sols-foret";2;0;2
"tourisme-culture";2;0;2
"agriculture-peste-porcine-africaine";2;0;2
"securite-routiere-accidents-enfants";2;0;2
"securite-routiere-accidents-jeunes-conducteurs";2;0;2
"lieux-centraux-planification";2;0;2
"covoiturage-transport";2;0;2
"habitat-de-la-faune-sauvage";2;0;2
"projets-pcrs";1;1;2
"politiques-prioritaires";1;1;2
"polygone";2;0;2
"calcite";2;0;2
"isotopie";2;0;2
"labarthe-sur-leze";2;0;2
"m-ticket";0;2;2
"banque-a-distance";0;2;2
"banque-en-ligne";0;2;2
"centres-dexploitation";2;0;2
"cfu";2;0;2
"traitements-de-leau";2;0;2
"compteurs-aep";2;0;2
"defense-incendie";2;0;2
"terminal-de-branchement";2;0;2
"reseau-gravitaire";2;0;2
"purges";2;0;2
"vannes-de-branchement";2;0;2
"baches";2;0;2
"stations-de-surpression";2;0;2
"troncons-abandonnes";2;0;2
"paralympique";2;0;2
"secteurs-de-veille";2;0;2
"bassins-versants-rade-brest-qualite-eau";2;0;2
"relations-administres";2;0;2
"reglementation-de-la-circulation-et-du-stationnement-symbole-ponctuels";2;0;2
"remparts";2;0;2
"erosions";2;0;2
"dalles-de-la-photographie-aerienne-2019-10cm";2;0;2
"traits";2;0;2
"reglementation-permanente-de-la-circulation-et-du-stationnement-lignes";2;0;2
"espaces-economiques";2;0;2
"associative";2;0;2
"travaux-programmes-sur-lespace-public";2;0;2
"accretions";2;0;2
"indice-journalier";2;0;2
"post-doctorat";2;0;2
"diffusion-de-la-recherche";2;0;2
"sciences-du-patrimoine";2;0;2
"arnia";2;0;2
"tascom";2;0;2
"zone-pavillonnaire";2;0;2
"ifer";2;0;2
"infocatalogueservice";2;0;2
"csw-2-0-2";2;0;2
"zpp";2;0;2
"nom-des-voies";2;0;2
"services-publics-locaux";2;0;2
"basse-nomandie";2;0;2
"reglementation-et-gestion-protection-patrimoniale-et-inventaire-diren";2;0;2
"basse";2;0;2
"reglementation-et-gestion-protection-patrimoniale-et-inventaire-autre";2;0;2
"cd13";2;0;2
"statistiques-rh";2;0;2
"effectifs-rh";2;0;2
"voronoi";1;1;2
"112";1;0;1
"18";1;0;1
"1998";1;0;1
"2000-258-ce";1;0;1
"2000-75-ce";1;0;1
"2001-89-ce";1;0;1
"2002-60-ce";1;0;1
"2005-94-ce";1;0;1
"3eme";1;0;1
"60-jours";1;0;1
"90-426-cee";1;0;1
"92-119-cee";1;0;1
"92-35-cee";1;0;1
"92-65-cee";1;0;1
"92-66-cee";1;0;1
"a2";1;0;1
"a3";1;0;1
"a4";1;0;1
"a5";1;0;1
"a6";1;0;1
"a7";1;0;1
"abandonne";1;0;1
"abatages";1;0;1
"abattages";1;0;1
"abattus";1;0;1
"abce-appendiculaire";1;0;1
"abonnees";1;0;1
"abordes";1;0;1
"abouti";1;0;1
"abri-voyageurs";1;0;1
"abricotiers";1;0;1
"absence";1;0;1
"absenteisme-eleves-second-degre";1;0;1
"absolues";1;0;1
"abusif";1;0;1
"ac3";1;0;1
"ac4";1;0;1
"acces-au-soins";1;0;1
"acces-wi-fi";1;0;1
"accessibilite-potentielle-localisÃ©e";1;0;1
"accession";1;0;1
"accidentelle";1;0;1
"accompagnes";1;0;1
"accueil-des-entreprises";1;0;1
"accueil-enfance-handicapee";1;0;1
"accueil-jeunesse-handicapee";1;0;1
"accueil-temporaire";1;0;1
"achat-internet";1;0;1
"achete";1;0;1
"acte-classant";1;0;1
"acte-masseur-kinesitherapeute";1;0;1
"acte-p";1;0;1
"acte-radiologie";1;0;1
"actifs-financiers";1;0;1
"action-saociale";1;0;1
"actions-touristiques";1;0;1
"activation";1;0;1
"actives";1;0;1
"activit";1;0;1
"activite de soins";1;0;1
"activite-medicale";1;0;1
"activite-professionnelle";1;0;1
"activte";1;0;1
"actualises";1;0;1
"actuel";1;0;1
"adapte";1;0;1
"addition";1;0;1
"additionnelles";1;0;1
"adequate";1;0;1
"adequates";1;0;1
"adjoint-officine";1;0;1
"administration Ã©lectronique";1;0;1
"adolescentes";1;0;1
"adolescents";1;0;1
"aele";1;0;1
"aeriens";1;0;1
"aeroportuaire";1;0;1
"aeroportuaires";1;0;1
"affectifs";1;0;1
"afferents";1;0;1
"affichagelibre";1;0;1
"agee";1;0;1
"agent-de-developpement";1;0;1
"aggregats";1;0;1
"aggregee";1;0;1
"agr-e-gats";1;0;1
"agregat";1;0;1
"agrege";1;0;1
"agregee";1;0;1
"agrement-zoo-sanitaire";1;0;1
"agro-environnemental";1;0;1
"agrumes";1;0;1
"aide-a-l-emploi";1;0;1
"aide-a-la-restructuration";1;0;1
"aide-a-la-toilette";1;0;1
"aide-aux-personnes-agees";1;0;1
"aide-scolaire";1;0;1
"aide-sociale-personnes-agees";1;0;1
"aide-sociale-personnes-handicapes";1;0;1
"aides aux entreprises";1;0;1
"aides aux seniors";1;0;1
"aides-a-domicile";1;0;1
"aides-du-cnc";1;0;1
"aides-educatives";1;0;1
"aides-soignants";1;0;1
"aiea";1;0;1
"aigues";1;0;1
"aine";1;0;1
"aire-de-livraison";1;0;1
"airedejeu";1;0;1
"ajustements";1;0;1
"alain-juppe";1;0;1
"alcoometrique";1;0;1
"alentours";1;0;1
"alevinage";1;0;1
"alimentation animale";1;0;1
"aliments composÃ©s";1;0;1
"allaitement";1;0;1
"allemagne";1;0;1
"allemand";1;0;1
"allocataires-du-minimum-vieillesse";1;0;1
"allocation personnes Ã¢gÃ©es";1;0;1
"allocation-adulte-handicape";1;0;1
"allocation-compensatrice";1;0;1
"allocation-de-compensation";1;0;1
"allocation-de-compensation-du-handicap";1;0;1
"allocation-familiale";1;0;1
"allocation-minimum-vieillesse";1;0;1
"allocation-solidarite-specifique";1;0;1
"allocations-aides";1;0;1
"allouees";1;0;1
"alloues";1;0;1
"alphabetisation";1;0;1
"alphabetises";1;0;1
"amenagement-de-l-espace";1;0;1
"amenagement-du-littoral";1;0;1
"amenagement-regional";1;0;1
"amenagementurbain";1;0;1
"americain";1;0;1
"amÃ©lioration de la qualitÃ©";1;0;1
"amÃ©nagements de peine";1;0;1
"analyser";1;0;1
"ancienne";1;0;1
"ancre";1;0;1
"animale";1;0;1
"animateur";1;0;1
"animation-socio-culturelle";1;0;1
"animaux-de-boucherie";1;0;1
"annualisees";1;0;1
"annueles";1;0;1
"annulation";1;0;1
"annule";1;0;1
"annules";1;0;1
"anterieures";1;0;1
"antiretrovirale";1;0;1
"aout";1;0;1
"appareil-circulatoire";1;0;1
"appareil-radiotherapie";1;0;1
"apparente";1;0;1
"appartenance";1;0;1
"appendicectomie";1;0;1
"appendicite";1;0;1
"appliquer";1;0;1
"apportant";1;0;1
"apports";1;0;1
"apports-des-diffuseurs";1;0;1
"apprenant";1;0;1
"apprentissage-professionnelle-sanitaire-social";1;0;1
"approbation-pprn";1;0;1
"approche";1;0;1
"approvisionnement-en-eau";1;0;1
"apu";1;0;1
"aquacole";1;0;1
"aquifere";1;0;1
"ar3";1;0;1
"ar6";1;0;1
"arabe";1;0;1
"arc";1;0;1
"arceau-epingle";1;0;1
"arjel";1;0;1
"armees";1;0;1
"arrachee";1;0;1
"arrete-ministeriel-du-28-02-2000";1;0;1
"arreter";1;0;1
"arrierees";1;0;1
"arrieres";1;0;1
"art moderne et contemporain";1;0;1
"article";1;0;1
"article l2122-22";1;0;1
"artificiels";1;0;1
"artisana";1;0;1
"artiste";1;0;1
"arts-appliques-et-culture-artistique";1;0;1
"arts-culture";1;0;1
"artsvivants";1;0;1
"aspects";1;0;1
"aspects positifs";1;0;1
"assimilees";1;0;1
"assises";1;0;1
"assistance-technique-departementale";1;0;1
"assistees";1;0;1
"associe";1;0;1
"associee";1;0;1
"associees";1;0;1
"assurance-dependance";1;0;1
"assure-social";1;0;1
"atelier-d-emballage";1;0;1
"atelier-de-traitement";1;0;1
"atlas-fiscal";1;0;1
"atnu";1;0;1
"atomiseur";1;0;1
"atomiseur reconstructible";1;0;1
"atteignent";1;0;1
"attendu";1;0;1
"attribuable";1;0;1
"atypiques";1;0;1
"audioguide";1;0;1
"audiovisuels";1;0;1
"auto Ã©cole";1;0;1
"auto-apprentissage";1;0;1
"auto-declare";1;0;1
"auto-evalue";1;0;1
"automatique";1;0;1
"automatiquement";1;0;1
"automatiques";1;0;1
"automotrices";1;0;1
"autorises";1;0;1
"autres";1;0;1
"autunois";1;0;1
"avaient";1;0;1
"avancees";1;0;1
"avances";1;0;1
"avant";1;0;1
"aventure";1;0;1
"avis-de-marche-public";1;0;1
"avoirs";1;0;1
"ayant cause";1;0;1
"ayant droit";1;0;1
"aÃ©rienne";1;0;1
"baclofÃ¨ne";1;0;1
"bacteriologie";1;0;1
"bacteriose";1;0;1
"bahut";1;0;1
"baies";1;0;1
"balance des paiements";1;0;1
"bancaire";1;0;1
"bassin-habitat";1;0;1
"bassinversant";1;0;1
"bathyelli";1;0;1
"batis";1;0;1
"bce";1;0;1
"bdcarthage";1;0;1
"benchmarking";1;0;1
"beneficiaire-rsa";1;0;1
"beneficiant";1;0;1
"beneficient";1;0;1
"berd";1;0;1
"besoins";1;0;1
"betterave";1;0;1
"beurre";1;0;1
"bi";1;0;1
"bibliographie nationale";1;0;1
"bibliographique";1;0;1
"bibliotheq";1;0;1
"bibliotheque-virtuelle";1;0;1
"biblotheque-departementale";1;0;1
"biblotheque-municipale";1;0;1
"bilan annuel";1;0;1
"bilan-rapport";1;0;1
"biocarburants";1;0;1
"biochimique";1;0;1
"biotechnologie";1;0;1
"blanche";1;0;1
"blesse-grave";1;0;1
"blogs-internet";1;0;1
"boisee";1;0;1
"boisees";1;0;1
"bonus";1;0;1
"borne-wi-fi";1;0;1
"bornes gÃ©odÃ©siques";1;0;1
"botulisme";1;0;1
"bouddhiste";1;0;1
"bouts";1;0;1
"bovine";1;0;1
"boyaux";1;0;1
"branche-d-activite";1;0;1
"bresse";1;0;1
"brevet-delivre";1;0;1
"brevet-europeen";1;0;1
"brevet-franÃ§ais";1;0;1
"brevet-publie";1;0;1
"brevetsaccordes";1;0;1
"brionnais";1;0;1
"brochures";1;0;1
"brucellose";1;0;1
"brutes";1;0;1
"bruxelles";1;0;1
"bu";1;0;1
"budget-2015";1;0;1
"budget-decision-modificative-dm3";1;0;1
"busway";1;0;1
"but-lucratif";1;0;1
"bÃ¢ti";1;0;1
"bÃ¢timent - Ã©quipements";1;0;1
"bÃ©nÃ©ficiaire au titre de la pac";1;0;1
"ca-2010";1;0;1
"ca-2011";1;0;1
"ca-2012";1;0;1
"cac 40";1;0;1
"cacao";1;0;1
"cadeaux";1;0;1
"caisse-nationale-des-industries-electriques-et-gazieres";1;0;1
"calcules";1;0;1
"camera-scintillation";1;0;1
"camions";1;0;1
"canalisation-aep";1;0;1
"canalisation-gaz";1;0;1
"canalisation-souterraine";1;0;1
"canaux-hertziens";1;0;1
"candidature";1;0;1
"capacit";1;0;1
"capacite-de-financement";1;0;1
"capitales";1;0;1
"capitalises";1;0;1
"capitole";1;0;1
"captures";1;0;1
"caraibes";1;0;1
"carbonique";1;0;1
"cardiopathie";1;0;1
"carottes";1;0;1
"carres";1;0;1
"carriÃ¨re";1;0;1
"carte g";1;0;1
"cassettes-et-dvd";1;0;1
"cassini";1;0;1
"catastrophes";1;0;1
"cater";1;0;1
"catholique";1;0;1
"cause";1;0;1
"cblsub";1;0;1
"cddc";1;0;1
"ceenu";1;0;1
"celles";1;0;1
"centenaire";1;0;1
"centre-d-action-medico-sociale-precoce";1;0;1
"centre-d-aide-par-le-travail";1;0;1
"centre-d-hebergement";1;0;1
"centre-de-formation";1;0;1
"centre-de-planification";1;0;1
"centre-de-rassemblement";1;0;1
"centre-de-recherche";1;0;1
"centre-de-stockage";1;0;1
"centre-est";1;0;1
"centre-hospitalier-regional";1;0;1
"centre-maternel";1;0;1
"centre-medico-psycho-pedagogique";1;0;1
"centre-reeducation";1;0;1
"centre-sportif";1;0;1
"centres-sociaux";1;0;1
"centres_investigateur";1;0;1
"cerealiers";1;0;1
"certaines";1;0;1
"certificat-d-utilite";1;0;1
"certificat-de-sante";1;0;1
"certifie";1;0;1
"certifiee";1;0;1
"cessation-de-paiement";1;0;1
"cgct";1;0;1
"cgeiet";1;0;1
"chair";1;0;1
"chalonnais";1;0;1
"chambres";1;0;1
"championnat";1;0;1
"champs";1;0;1
"chandelier";1;0;1
"changement-d-adresse-en-ligne";1;0;1
"chapitre";1;0;1
"chargee";1;0;1
"chargees";1;0;1
"charolais";1;0;1
"chauffage-colleges";1;0;1
"chef";1;0;1
"chefs";1;0;1
"cheque-habitat-durable";1;0;1
"cherchant";1;0;1
"chercheurspar";1;0;1
"chiffre";1;0;1
"chiffres-d-affaires";1;0;1
"chifres-cles";1;0;1
"cho-mage";1;0;1
"chocolat";1;0;1
"chomeurs";1;0;1
"cible";1;0;1
"circuit-de-plein-air";1;0;1
"circuits touristiques";1;0;1
"circulation-aerienne";1;0;1
"citees";1;0;1
"citoyennet";1;0;1
"citronniers";1;0;1
"class";1;0;1
"classe-therapeutique";1;0;1
"classification-de-locarno";1;0;1
"classification-de-nice";1;0;1
"clientele";1;0;1
"cls";1;0;1
"cm2";1;0;1
"cmd";1;0;1
"cmu-complementaire";1;0;1
"cns-2013";1;0;1
"co-inventeurs";1;0;1
"code lpp";1;0;1
"code ucd";1;0;1
"code-forestier";1;0;1
"codification";1;0;1
"cofog";1;0;1
"coke et agglomÃ©rÃ©s";1;0;1
"collecte de lait";1;0;1
"collectiviteslocales";1;0;1
"colon";1;0;1
"combustibles minÃ©raux solides";1;0;1
"commerce Ã©lectronique";1;0;1
"commerce-equitable";1;0;1
"commercialisÃ©e";1;0;1
"commerciaux";1;0;1
"commission-thematique";1;0;1
"communications electroniques";1;0;1
"communiquer";1;0;1
"compagnies";1;0;1
"comparatifs";1;0;1
"comparativement";1;0;1
"compares";1;0;1
"compensation-du-handicap";1;0;1
"competence-cle";1;0;1
"competitifs";1;0;1
"complementaires";1;0;1
"complet";1;0;1
"comportant";1;0;1
"comportement";1;0;1
"comptables";1;0;1
"compte de rÃ©sultat";1;0;1
"compterendu";1;0;1
"compÃ©tences en tic";1;0;1
"concept";1;0;1
"concerne";1;0;1
"concessionnels";1;0;1
"conchylicoles";1;0;1
"concordance";1;0;1
"conducteur";1;0;1
"congeles";1;0;1
"conifere";1;0;1
"conjoint";1;0;1
"connaissant";1;0;1
"connectee";1;0;1
"connexes";1;0;1
"connexions";1;0;1
"connue";1;0;1
"conomiques";1;0;1
"consacre";1;0;1
"consacrent";1;0;1
"conseil communautaires";1;0;1
"conseil de quartier";1;0;1
"conseillers info energies";1;0;1
"conseilmunicipal";1;0;1
"conseils gÃ©nÃ©raux";1;0;1
"conseils-generaux";1;0;1
"consequences";1;0;1
"conservation-des-eaux";1;0;1
"conserves";1;0;1
"considrant";1;0;1
"consigne-automatique";1;0;1
"consolidations";1;0;1
"consommation finale";1;0;1
"consommation-collaborative";1;0;1
"consommation-d-eau";1;0;1
"consommation-de-soins-et-de-biens-medicaux";1;0;1
"constituant";1;0;1
"constructivism";1;0;1
"constructivisme";1;0;1
"consultation-a-domicile";1;0;1
"contenu";1;0;1
"contenus";1;0;1
"continue";1;0;1
"contractuelle";1;0;1
"contrat-d-association";1;0;1
"contrat-de-riviere";1;0;1
"contrat-simple";1;0;1
"contrat-urbain";1;0;1
"contrats-collectifs";1;0;1
"controlantes";1;0;1
"controle-des-migrations";1;0;1
"controle-fiscal";1;0;1
"controler";1;0;1
"conventionnel";1;0;1
"convertie";1;0;1
"cooperation-aves-les-infirmiers";1;0;1
"cooperation-locale";1;0;1
"copies";1;0;1
"coportement-social";1;0;1
"coree";1;0;1
"corporelle";1;0;1
"correspondant";1;0;1
"corrige";1;0;1
"cotees";1;0;1
"cotisations-effectives";1;0;1
"cou-t";1;0;1
"cou-ts";1;0;1
"couchees";1;0;1
"coupe du monde";1;0;1
"coursd-eau";1;0;1
"court-sÃ©jour";1;0;1
"couverte";1;0;1
"couverture-complementaire";1;0;1
"couverture-maladie";1;0;1
"couvoirs";1;0;1
"covnm";1;0;1
"cpa";1;0;1
"creation-d-entreprise";1;0;1
"cree";1;0;1
"creneau-horaire";1;0;1
"criminels";1;0;1
"croisiere";1;0;1
"cru";1;0;1
"crustacÃ©s";1;0;1
"csbm";1;0;1
"cuisine-communautaire";1;0;1
"cuisson";1;0;1
"cultivees";1;0;1
"curatifs";1;0;1
"cure-thermale";1;0;1
"cures-thermales";1;0;1
"cvs";1;0;1
"cybercafe";1;0;1
"cÃ¢bles";1;0;1
"d-affichage";1;0;1
"d-ages";1;0;1
"d-annees";1;0;1
"d-eau";1;0;1
"d-education";1;0;1
"d-un";1;0;1
"d-urbanisation";1;0;1
"da-de";1;0;1
"dactivite";1;0;1
"dage";1;0;1
"dangereuses";1;0;1
"date-de-sortie";1;0;1
"daurades";1;0;1
"davantage";1;0;1
"dcile";1;0;1
"dcs";1;0;1
"debats-parlementaires";1;0;1
"dec";1;0;1
"deces-accidentel";1;0;1
"decharge";1;0;1
"dechets-agriculture-et-sylviculture";1;0;1
"dechets-captage-traitement-et-distribution";1;0;1
"dechets-construction";1;0;1
"dechets-industrie-manufacturiere";1;0;1
"dechets-industries-extractives";1;0;1
"dechets-peche-et-aquaculture";1;0;1
"dechets-production-et-distribution";1;0;1
"dechets-services";1;0;1
"decimation";1;0;1
"declaration-maladie";1;0;1
"declarationd-intentiond-aliener";1;0;1
"declare";1;0;1
"declarent";1;0;1
"declares";1;0;1
"decoulant";1;0;1
"decrochage";1;0;1
"dedouaner";1;0;1
"deduction";1;0;1
"deetail";1;0;1
"defavorisee";1;0;1
"defense-mobilite";1;0;1
"definitive";1;0;1
"definitives";1;0;1
"deflateur";1;0;1
"deflation";1;0;1
"degel";1;0;1
"degre";1;0;1
"degres";1;0;1
"degrevement";1;0;1
"delocalisation";1;0;1
"delocalisee";1;0;1
"demande-de-brevet";1;0;1
"demarrage";1;0;1
"demarre";1;0;1
"demarrer";1;0;1
"demissions";1;0;1
"demploi";1;0;1
"denergies";1;0;1
"denfants";1;0;1
"denominations geographiques";1;0;1
"denrÃ©es alimentaires";1;0;1
"dependant";1;0;1
"dependantes";1;0;1
"dependants";1;0;1
"depense-consommation";1;0;1
"depense-hosp";1;0;1
"depense-hospitaliere";1;0;1
"depense-pharma";1;0;1
"depense-pharmaceutique";1;0;1
"depense-prevention";1;0;1
"depense-soins-ambulatoires";1;0;1
"depenses-maladie";1;0;1
"depenses-sociales";1;0;1
"depistage-maladie-infectieuse";1;0;1
"depistage-tumeur";1;0;1
"deplacees";1;0;1
"deposant";1;0;1
"deposee";1;0;1
"depot-de-brevet";1;0;1
"depot-legal-internet";1;0;1
"depot-munition";1;0;1
"derivees";1;0;1
"dermatologue";1;0;1
"deroule";1;0;1
"desheritees";1;0;1
"desirant";1;0;1
"desiree";1;0;1
"desordre";1;0;1
"dessin-anime";1;0;1
"dessin-et-modele-franÃ§ais";1;0;1
"dessin-et-modele-international";1;0;1
"dessins-et-modeles";1;0;1
"dessins-et-modeles-deposes";1;0;1
"destinataire";1;0;1
"destination-oise";1;0;1
"destines";1;0;1
"detailee";1;0;1
"detaillants";1;0;1
"detection";1;0;1
"detresse";1;0;1
"dette-immobiliere";1;0;1
"developpement-de-la-presse";1;0;1
"developpement-protection-montagne";1;0;1
"developpement-soutenable";1;0;1
"developpement-urbain";1;0;1
"developpes";1;0;1
"devise";1;0;1
"devises";1;0;1
"dget";1;0;1
"diagnostic-principal";1;0;1
"diarrhee";1;0;1
"difference";1;0;1
"differences";1;0;1
"difficiles";1;0;1
"diffuseur";1;0;1
"diffÃ©rentiel";1;0;1
"dioxyde";1;0;1
"diplomees";1;0;1
"direct-energie";1;0;1
"directement";1;0;1
"directive";1;0;1
"directrices";1;0;1
"dirigeantes";1;0;1
"diriger";1;0;1
"discipline-equipement";1;0;1
"discordance";1;0;1
"discotheque";1;0;1
"disparitÃ©s";1;0;1
"dispensant";1;0;1
"dispositif-d-instruction";1;0;1
"dispositif-d-irrigation";1;0;1
"dispositif-de-financement";1;0;1
"dispositif-irrigation";1;0;1
"dispositifs mÃ©dicaux implantables";1;0;1
"disposition";1;0;1
"dissection";1;0;1
"distances";1;0;1
"distinction";1;0;1
"distributeur de films";1;0;1
"distributions";1;0;1
"divulgation";1;0;1
"dlp";1;0;1
"dm";1;0;1
"dm1";1;0;1
"dm2";1;0;1
"dmi";1;0;1
"doctorats";1;0;1
"don-sang";1;0;1
"donn-e-es";1;0;1
"donneur";1;0;1
"donnÃ©es classiques";1;0;1
"dossiers pÃ©dagogiques";1;0;1
"douane-gouv-fr";1;0;1
"douane-tv";1;0;1
"douanier";1;0;1
"douce";1;0;1
"douleurs";1;0;1
"dovh";1;0;1
"dpenses";1;0;1
"dressent";1;0;1
"dtmo";1;0;1
"dtp";1;0;1
"dts";1;0;1
"dublin core";1;0;1
"dublin-core";1;0;1
"ducation";1;0;1
"due";1;0;1
"durabilite";1;0;1
"durables";1;0;1
"durees";1;0;1
"dus";1;0;1
"dx";1;0;1
"dÃ©cision";1;0;1
"dÃ©crÃªt 2006-887";1;0;1
"dÃ©ficit";1;0;1
"dÃ©liberations";1;0;1
"dÃ©passement";1;0;1
"dÃ©pendance";1;0;1
"dÃ©pense publique";1;0;1
"dÃ©pÃ´t lÃ©gal";1;0;1
"dÃ©veloppement agricole";1;0;1
"dÃ©veloppement ddurable";1;0;1
"e-banking";1;0;1
"e-liquides";1;0;1
"e.leclerc";1;0;1
"eau-nuisible";1;0;1
"eaux usÃ©es";1;0;1
"eaux-interieure";1;0;1
"ecartement";1;0;1
"echangent";1;0;1
"echantillon";1;0;1
"echec-scolaire";1;0;1
"echelle";1;0;1
"echographies";1;0;1
"eci";1;0;1
"ecolabel";1;0;1
"ecole-culturelle";1;0;1
"economie numÃ©rique";1;0;1
"economie-d-energie";1;0;1
"economie-isarienne";1;0;1
"economies";1;0;1
"economiquede";1;0;1
"econonomique";1;0;1
"ecoresponsabilite";1;0;1
"ecotaxes";1;0;1
"ecoulee";1;0;1
"ecouter";1;0;1
"edifice-indistriel";1;0;1
"education-dans";1;0;1
"educatives";1;0;1
"edulcorants";1;0;1
"effacer";1;0;1
"effectifs-par-commune";1;0;1
"effectifscolaire";1;0;1
"effectuant";1;0;1
"effectuent";1;0;1
"effectues";1;0;1
"effets";1;0;1
"efficience";1;0;1
"egalitÃ©";1;0;1
"egr rÃ©novations";1;0;1
"el11";1;0;1
"el2";1;0;1
"el3";1;0;1
"el4";1;0;1
"el5";1;0;1
"el7";1;0;1
"electrification-rurale";1;0;1
"electrifiees";1;0;1
"electroniquement";1;0;1
"electroniques";1;0;1
"elements-architecturaux";1;0;1
"elevages";1;0;1
"elevant";1;0;1
"eleves-enseignement-prive";1;0;1
"elimination";1;0;1
"eliminations";1;0;1
"elles-memes";1;0;1
"ellipsoide";1;0;1
"emas";1;0;1
"embarquement";1;0;1
"embouteillage";1;0;1
"emetteur";1;0;1
"emises";1;0;1
"emission-reception-obstacle";1;0;1
"empechant";1;0;1
"empeche";1;0;1
"empechent";1;0;1
"emplacements rÃ©servÃ©s";1;0;1
"emploi agricole";1;0;1
"emploie";1;0;1
"employant";1;0;1
"employe";1;0;1
"employee";1;0;1
"emprise-de-gestion";1;0;1
"empruntant";1;0;1
"emprunteurs";1;0;1
"en";1;0;1
"enc";1;0;1
"encaissements-distributeurs";1;0;1
"enceintes";1;0;1
"encours-de-prets";1;0;1
"energie-dans";1;0;1
"enfants-heberges";1;0;1
"engrais";1;0;1
"enlevees";1;0;1
"enlevements";1;0;1
"enquetes";1;0;1
"enquÃªtes de branche";1;0;1
"enregistre";1;0;1
"enregistrement";1;0;1
"enregistrer";1;0;1
"enregristrees";1;0;1
"enseignantes";1;0;1
"enseignement-catholique";1;0;1
"ensemble";1;0;1
"ensemble-commune";1;0;1
"ensemble-instrumental";1;0;1
"ensoleillement";1;0;1
"entierement";1;0;1
"entitees";1;0;1
"entitÃ© juridique";1;0;1
"entr-ees";1;0;1
"entrainant";1;0;1
"entrantes";1;0;1
"entrees-sorties";1;0;1
"entres";1;0;1
"environnementale";1;0;1
"envoi";1;0;1
"epargne-retraite";1;0;1
"epargnes";1;0;1
"epinac";1;0;1
"epuisement";1;0;1
"equidÃ©s";1;0;1
"equipement-aeroportuaire";1;0;1
"equipement-foyer-audiovisuel";1;0;1
"equipement-foyer-internet";1;0;1
"equipement-foyer-telephonie";1;0;1
"equipement-foyer-televiseurs";1;0;1
"equipement-portuaire";1;0;1
"equipement-urbain";1;0;1
"equipes";1;0;1
"equivalents";1;0;1
"erasmus";1;0;1
"erheblichen";1;0;1
"ern";1;0;1
"erreurs";1;0;1
"esane";1;0;1
"espace-sportif-de-proximite";1;0;1
"espaces boisÃ©s classÃ©s";1;0;1
"esperance";1;0;1
"esperance-vie";1;0;1
"esps";1;0;1
"essais cliniques";1;0;1
"essaye";1;0;1
"essentielles";1;0;1
"essentiels";1;0;1
"essieux";1;0;1
"est";1;0;1
"estime";1;0;1
"esturgeons";1;0;1
"etablissement-d-accueil";1;0;1
"etablissement-d-enseignement-prive";1;0;1
"etablissement-d-enseignement-public";1;0;1
"etablissement-deficient-sensoriel";1;0;1
"etablissement-enfant-polyhandicape";1;0;1
"etablissement-enfants-ados-polyhandicapes";1;0;1
"etablissements de santÃ©";1;0;1
"etablissements-d-accueil";1;0;1
"etablissements-froid";1;0;1
"etablissements-hospitalier";1;0;1
"etaient";1;0;1
"etalons";1;0;1
"etat-de-mort-cerebrale";1;0;1
"etat-sante";1;0;1
"etat-surfacique";1;0;1
"etats";1;0;1
"etats-unis";1;0;1
"etfp";1;0;1
"etg";1;0;1
"etrm";1;0;1
"etudes-et";1;0;1
"etudiant-en-medecine";1;0;1
"etudie";1;0;1
"eua";1;0;1
"euro-j";1;0;1
"eurofarm";1;0;1
"europeens";1;0;1
"evaluation-politique-sante";1;0;1
"evaporation";1;0;1
"evapotranspiration";1;0;1
"evenementsportif";1;0;1
"evp";1;0;1
"ex";1;0;1
"exact";1;0;1
"examen-sante";1;0;1
"excedent";1;0;1
"excepte";1;0;1
"excluant";1;0;1
"excluding";1;0;1
"exclusiondes";1;0;1
"excÃ¨s de sel";1;0;1
"exercant";1;0;1
"exerce";1;0;1
"exercer";1;0;1
"existante";1;0;1
"existants";1;0;1
"existence";1;0;1
"expansion";1;0;1
"expedition";1;0;1
"experimentales";1;0;1
"exploitations agricoles";1;0;1
"exploitations forestiÃ¨res";1;0;1
"exporte";1;0;1
"ext-erieur";1;0;1
"exte-rieur";1;0;1
"exterieurs";1;0;1
"externalise";1;0;1
"externes";1;0;1
"extra";1;0;1
"extra-euro";1;0;1
"extra-eurozone";1;0;1
"extra-zone";1;0;1
"extracommunautaire";1;0;1
"extranet";1;0;1
"extreme-orient";1;0;1
"exÃ©cution";1;0;1
"fabrication-de-fromage";1;0;1
"facilite";1;0;1
"facteur-risque";1;0;1
"facteurs";1;0;1
"facteurs-de-risque";1;0;1
"factures";1;0;1
"faible";1;0;1
"faim";1;0;1
"faire-valoir";1;0;1
"faje";1;0;1
"familiales";1;0;1
"fauteuils cinÃ©ma";1;0;1
"fbcf";1;0;1
"fdi";1;0;1
"fecondation";1;0;1
"federes";1;0;1
"fem";1;0;1
"feminine";1;0;1
"femmes-jeunes";1;0;1
"fenetres";1;0;1
"fentres";1;0;1
"fermentes";1;0;1
"fermes-aquacoles";1;0;1
"ferr";1;0;1
"ferrÃ©e";1;0;1
"feuillages";1;0;1
"fichier-service";1;0;1
"fida";1;0;1
"fievreux";1;0;1
"fil";1;0;1
"fil-d-eau";1;0;1
"filiale";1;0;1
"filiales";1;0;1
"film-premiere-exclusivite";1;0;1
"films-de-cinema";1;0;1
"films-franÃ§ais";1;0;1
"films-produits";1;0;1
"financer";1;0;1
"fines";1;0;1
"fioul lourd";1;0;1
"fisc";1;0;1
"fiscale";1;0;1
"fiscales";1;0;1
"fleurs de soleil";1;0;1
"flexible";1;0;1
"flottante";1;0;1
"fluctuation-des-prix";1;0;1
"fngir";1;0;1
"fnuap";1;0;1
"foetales";1;0;1
"foie";1;0;1
"fonction-gouvernementale";1;0;1
"fondee";1;0;1
"fonds-regionaux-d_art-contemporain";1;0;1
"fongicides";1;0;1
"fonte";1;0;1
"force";1;0;1
"foresterie";1;0;1
"forestiere";1;0;1
"forestieres";1;0;1
"forestiers";1;0;1
"formateurs";1;0;1
"formelles";1;0;1
"fortement";1;0;1
"forÃªt privÃ©e";1;0;1
"fourgons";1;0;1
"fournies";1;0;1
"fournir";1;0;1
"fourragere";1;0;1
"fourrageres";1;0;1
"foyer-hebergement";1;0;1
"foyer-logement";1;0;1
"frac";1;0;1
"fragilite";1;0;1
"frais-de-fonctionnement";1;0;1
"franc";1;0;1
"france inter";1;0;1
"francos";1;0;1
"french tech";1;0;1
"frequentation-cinema";1;0;1
"fromveur";1;0;1
"fruitiers";1;0;1
"fuite";1;0;1
"fuites";1;0;1
"fumeur";1;0;1
"fumier";1;0;1
"fÃªte du cinÃ©ma";1;0;1
"g-h-i";1;0;1
"gains";1;0;1
"garantis";1;0;1
"garants";1;0;1
"gardes";1;0;1
"gardes-d-enfants";1;0;1
"gastronomique";1;0;1
"gaz naturel";1;0;1
"gazeux";1;0;1
"gdf";1;0;1
"gdp";1;0;1
"gene-a-usager";1;0;1
"genie-civil";1;0;1
"geographiques";1;0;1
"geothermique";1;0;1
"gestion-de-l-eau";1;0;1
"gestion-du-domaine-public-routier";1;0;1
"gettempsparcours";1;0;1
"gites de france";1;0;1
"gites-de-sejour";1;0;1
"gj";1;0;1
"glisssiere";1;0;1
"globale";1;0;1
"globales";1;0;1
"gourmand";1;0;1
"gourmandes";1;0;1
"gouvernementaux";1;0;1
"grace";1;0;1
"graisses";1;0;1
"graisses-animales";1;0;1
"grand groupe";1;0;1
"grandcoeur";1;0;1
"grandes cultures";1;0;1
"grands";1;0;1
"grands-equipements";1;0;1
"graphagri";1;0;1
"grasses";1;0;1
"grc";1;0;1
"grenelle-environnement";1;0;1
"gri";1;0;1
"grosse";1;0;1
"grossissement";1;0;1
"groupe-elus";1;0;1
"gt";1;0;1
"gwh";1;0;1
"gwh pcs";1;0;1
"gÃ©ocatalogue";1;0;1
"gÃ©ologie";1;0;1
"gÃ©omÃ¨tre-expert";1;0;1
"gÃ®tes de france";1;0;1
"habilites";1;0;1
"habillement";1;0;1
"habitation-mobile";1;0;1
"habitudes alimentaires";1;0;1
"habituelles";1;0;1
"halage";1;0;1
"harmonis";1;0;1
"harmonis-e";1;0;1
"haut fourneau";1;0;1
"haute";1;0;1
"hauts";1;0;1
"hc";1;0;1
"hebdomadaires";1;0;1
"heberge-par-des-proches";1;0;1
"hepatite-b";1;0;1
"herbages";1;0;1
"herbicides";1;0;1
"herbivores";1;0;1
"heure";1;0;1
"hfc";1;0;1
"hivernal";1;0;1
"homicide";1;0;1
"homicides";1;0;1
"hongrie";1;0;1
"honoraire";1;0;1
"hormis";1;0;1
"hors-contrat";1;0;1
"hospitalises";1;0;1
"huiles";1;0;1
"humaine";1;0;1
"hybrides";1;0;1
"hydrique";1;0;1
"hydrocarbure-liquide";1;0;1
"hydroliennes";1;0;1
"hypothecaire";1;0;1
"hypotheque";1;0;1
"hypotheses";1;0;1
"i1";1;0;1
"i3";1;0;1
"i4";1;0;1
"i6";1;0;1
"iadl";1;0;1
"ide";1;0;1
"identification";1;0;1
"identifier";1;0;1
"idh-2";1;0;1
"ifc";1;0;1
"igf";1;0;1
"illegale";1;0;1
"imagerie aÃ©rienne";1;0;1
"imagerie-resonance-numerique";1;0;1
"immatriculees";1;0;1
"immerge";1;0;1
"imp";1;0;1
"impact";1;0;1
"impacts";1;0;1
"implantologie dentaire";1;0;1
"impliques";1;0;1
"importance";1;0;1
"importants";1;0;1
"imprevues";1;0;1
"imprimes";1;0;1
"imputable";1;0;1
"inactivite";1;0;1
"inadaptation";1;0;1
"incapacite";1;0;1
"incapacite-permanente";1;0;1
"incitations";1;0;1
"incl";1;0;1
"incluant";1;0;1
"inclues";1;0;1
"incluses";1;0;1
"indemnite-journaliere";1;0;1
"independante";1;0;1
"indicateurs-cles";1;0;1
"indicator";1;0;1
"indicequaliteair";1;0;1
"individuelle";1;0;1
"industrialises";1;0;1
"industrie laitiÃ¨re";1;0;1
"industrie pharmaceutique";1;0;1
"industry";1;0;1
"inferieur";1;0;1
"inferieure";1;0;1
"infirmieres";1;0;1
"information-society";1;0;1
"informatiques";1;0;1
"informel";1;0;1
"informels";1;0;1
"ingredient";1;0;1
"iniatiale";1;0;1
"innonde";1;0;1
"innovants";1;0;1
"inorganiques";1;0;1
"insatisfaction";1;0;1
"inscrites";1;0;1
"insecticide";1;0;1
"insecticides";1;0;1
"insolvabilite";1;0;1
"installations nuclÃ©aires";1;0;1
"installations-enregistrees";1;0;1
"installe";1;0;1
"instantanee";1;0;1
"institut-deficients-sensoriels";1;0;1
"institut-education-motrice";1;0;1
"institut-medico-pedagogique";1;0;1
"institut-medicoeducatif";1;0;1
"institut-therapeutique-educatif-pedagogique";1;0;1
"institutionnels";1;0;1
"instituts";1;0;1
"insuffisance";1;0;1
"int1";1;0;1
"int2";1;0;1
"integrant";1;0;1
"integrante";1;0;1
"intellectuelle";1;0;1
"intention";1;0;1
"intentionnels";1;0;1
"inter-rÃ©gion de recherche clinique";1;0;1
"inter-rÃ©gion_de_recherche_clinique";1;0;1
"interaction";1;0;1
"interactivite";1;0;1
"interbancaires";1;0;1
"interdiction-acces";1;0;1
"intermodal";1;0;1
"interne";1;0;1
"internes";1;0;1
"internet-sans-frontieres";1;0;1
"interruptions";1;0;1
"intranet";1;0;1
"intrants";1;0;1
"intrieures";1;0;1
"introduction";1;0;1
"inventaire-immobilier-etat";1;0;1
"inventeurs";1;0;1
"investissements d avenir";1;0;1
"investisseur";1;0;1
"invilidite";1;0;1
"involontaire";1;0;1
"iode";1;0;1
"ircom";1;0;1
"irriguee";1;0;1
"irrigues";1;0;1
"irsn";1;0;1
"islande";1;0;1
"iso";1;0;1
"italie";1;0;1
"ivg";1;0;1
"ivt";1;0;1
"jachere";1;0;1
"jacheres";1;0;1
"jacobins";1;0;1
"jamais";1;0;1
"japon";1;0;1
"japonais";1;0;1
"jardin-enfants";1;0;1
"jardins-de-solutre";1;0;1
"jardins-familiaux";1;0;1
"jardins-partages";1;0;1
"jaune";1;0;1
"jean-leonetti";1;0;1
"jeune entreprise innovante";1;0;1
"jeune-adulte";1;0;1
"jeunesse-handicapee";1;0;1
"jeux-videos";1;0;1
"jodi";1;0;1
"joindre";1;0;1
"jour-arret";1;0;1
"journal";1;0;1
"journees-patrimoine";1;0;1
"juif";1;0;1
"jules-verne";1;0;1
"juments";1;0;1
"juridiques";1;0;1
"jus";1;0;1
"juveniles";1;0;1
"kg";1;0;1
"kilometre";1;0;1
"kinect";1;0;1
"kinesitherapeute";1;0;1
"km";1;0;1
"l-energie";1;0;1
"l-entreprise";1;0;1
"labelling";1;0;1
"laboratoires-agrees";1;0;1
"laboratoires-de-reference";1;0;1
"lait-traite";1;0;1
"lanterne";1;0;1
"laposte";1;0;1
"latine";1;0;1
"laver";1;0;1
"le-v-lo-en-france";1;0;1
"leducation";1;0;1
"legers";1;0;1
"legionellose";1;0;1
"legislatrices";1;0;1
"legume";1;0;1
"len";1;0;1
"lentille-de-contact";1;0;1
"leonetti";1;0;1
"lesquelles";1;0;1
"lesquels";1;0;1
"lettre-d-information";1;0;1
"lettres";1;0;1
"leve bathymetrique Ã  l ellipsoide";1;0;1
"libellÃ©s";1;0;1
"licenciement";1;0;1
"lieux publics";1;0;1
"light";1;0;1
"ligne-aerienne";1;0;1
"ligne-d-autobus";1;0;1
"ligne-electrique";1;0;1
"lignite";1;0;1
"limitant";1;0;1
"limitations";1;0;1
"limitee";1;0;1
"limiter";1;0;1
"limites administrative";1;0;1
"linnovation";1;0;1
"liquide";1;0;1
"liquides";1;0;1
"listeriose";1;0;1
"listing-batiments";1;0;1
"lits";1;0;1
"livre ancien";1;0;1
"lmeilleure";1;0;1
"locataires-secteur-social";1;0;1
"locomotives";1;0;1
"logement-prete";1;0;1
"logistiques";1;0;1
"loi de finances";1;0;1
"loi duflot";1;0;1
"loi-09-01-1985";1;0;1
"loi-sru";1;0;1
"loin";1;0;1
"longue";1;0;1
"longues";1;0;1
"lorient agglomÃ©ration";1;0;1
"lourd";1;0;1
"lourds";1;0;1
"lucratif";1;0;1
"lucrative";1;0;1
"lue";1;0;1
"luembourg";1;0;1
"lunette";1;0;1
"lx";1;0;1
"lÃ©gumes";1;0;1
"m51";1;0;1
"machine";1;0;1
"maconnais";1;0;1
"macroeconomique";1;0;1
"madrid";1;0;1
"maintenir";1;0;1
"maintien Ã  domicile";1;0;1
"maison-accueil-specialise";1;0;1
"maison-accueil-specialisee";1;0;1
"maison-d-acceuil-specialisee";1;0;1
"maitrise-depense";1;0;1
"maladie-alzheimer";1;0;1
"maladie-declaration-obligatoire";1;0;1
"maladie-longue-duree";1;0;1
"maladies sexuellement transmissibles";1;0;1
"malus";1;0;1
"mammiferes";1;0;1
"mammographie";1;0;1
"management";1;0;1
"manufactures";1;0;1
"manufacturiers";1;0;1
"maraÃ®chers";1;0;1
"marchard";1;0;1
"marche-aux-livres";1;0;1
"marche-forain";1;0;1
"marche-pied";1;0;1
"marge";1;0;1
"marginaux";1;0;1
"marguerite";1;0;1
"mariant";1;0;1
"marines";1;0;1
"mark";1;0;1
"marque-deposee";1;0;1
"marque-franÃ§aise";1;0;1
"marque-publiee";1;0;1
"masseurs-kinesitherapeutes";1;0;1
"matchs";1;0;1
"materiaux";1;0;1
"materiaux-et-locaux-traditionnels";1;0;1
"materiels lourds";1;0;1
"mathematiques";1;0;1
"matÃ©riel agricole";1;0;1
"mauvaise-sante";1;0;1
"mbs";1;0;1
"medecin-traitant";1;0;1
"medecine-travail";1;0;1
"mediane";1;0;1
"medicale";1;0;1
"medicalisees";1;0;1
"medicament-antibiotique";1;0;1
"medicament-antiinfectieux";1;0;1
"medicaux";1;0;1
"meilleurs lendemains";1;0;1
"membre";1;0;1
"membres";1;0;1
"menaces";1;0;1
"meningite";1;0;1
"mensuels";1;0;1
"meres";1;0;1
"meric";1;0;1
"messagerie";1;0;1
"messages";1;0;1
"metaux";1;0;1
"methane";1;0;1
"methaniques";1;0;1
"metiers-de-la-reeducation";1;0;1
"metres";1;0;1
"metropolitaines";1;0;1
"mettant";1;0;1
"metz metropole";1;0;1
"michelin";1;0;1
"migration-illegale";1;0;1
"migrationpendulaire";1;0;1
"migratoire";1;0;1
"milieu-recepteur";1;0;1
"milieux-semi-naturels";1;0;1
"minerais";1;0;1
"mines-et-carrieres";1;0;1
"mineurs";1;0;1
"ministre-d-etat";1;0;1
"mise";1;0;1
"mises";1;0;1
"mnage";1;0;1
"mo";1;0;1
"mode de traitement";1;0;1
"moderne";1;0;1
"modifie";1;0;1
"moisonneuses-batteuses";1;0;1
"molluscicide";1;0;1
"mollusques";1;0;1
"molÃ©cules onÃ©reuses";1;0;1
"moment";1;0;1
"mon-etaires";1;0;1
"mondial";1;0;1
"mondiales";1;0;1
"mondiaux";1;0;1
"morbidite-hospitaliere";1;0;1
"morphologie-marine";1;0;1
"mortalitÃ©";1;0;1
"motivation";1;0;1
"motivations";1;0;1
"motorisation";1;0;1
"motrice";1;0;1
"moustiquaires";1;0;1
"mout";1;0;1
"mouts";1;0;1
"mouvement europÃ©en";1;0;1
"mouvements";1;0;1
"moyen-de-production";1;0;1
"moyen-orient";1;0;1
"moyen-pole";1;0;1
"moyenne-haute";1;0;1
"moyens";1;0;1
"moyens-de-paiement";1;0;1
"multilateral";1;0;1
"multilateraux";1;0;1
"multiples";1;0;1
"municipaux";1;0;1
"munition";1;0;1
"musee-de-solutre";1;0;1
"musical";1;0;1
"musulman";1;0;1
"mwh";1;0;1
"mx";1;0;1
"mÃ©cÃ©nat";1;0;1
"mÃ©tallurgie";1;0;1
"mÃ©thodologie";1;0;1
"nacerev";1;0;1
"nanotechnologie";1;0;1
"natures de fond";1;0;1
"navires";1;0;1
"negociants";1;0;1
"negociants-agrees";1;0;1
"neonatale";1;0;1
"nerveux";1;0;1
"nes";1;0;1
"nette";1;0;1
"neufs";1;0;1
"newsletter";1;0;1
"niveaux extremes";1;0;1
"nombre-de-deces";1;0;1
"nombre-de-maladies";1;0;1
"nombre-de-mariages";1;0;1
"nombre-de-naissances";1;0;1
"nombres";1;0;1
"nominaux";1;0;1
"non exhaustif";1;0;1
"non-alimentaire";1;0;1
"non-autonomes";1;0;1
"non-cohabitant";1;0;1
"non-corrigees";1;0;1
"non-durables";1;0;1
"non-evaluation";1;0;1
"non-financieres";1;0;1
"non-financiers";1;0;1
"non-formelle";1;0;1
"non-fumeurs";1;0;1
"non-mineraux";1;0;1
"non-preleves";1;0;1
"non-satisfaits";1;0;1
"non-superieur";1;0;1
"nord-est";1;0;1
"nord-ouest";1;0;1
"notariat";1;0;1
"nouvelles-technologie";1;0;1
"noyaux";1;0;1
"nrj";1;0;1
"nst";1;0;1
"nucleaires";1;0;1
"nuits";1;0;1
"numeroderue";1;0;1
"numÃ©ros";1;0;1
"nutritif";1;0;1
"obesite-eleves-de-cm2";1;0;1
"objectifs du millenaire";1;0;1
"objet-classÃ©";1;0;1
"obtenir";1;0;1
"obtenus";1;0;1
"occasions";1;0;1
"oceanie";1;0;1
"oeufs-liquides";1;0;1
"offert";1;0;1
"offertes";1;0;1
"officiellement";1;0;1
"officielles";1;0;1
"officiers";1;0;1
"offre-d-accueil";1;0;1
"offre-touristique";1;0;1
"offres culturelles";1;0;1
"offrir";1;0;1
"oignons";1;0;1
"omble";1;0;1
"ombrine";1;0;1
"omissions";1;0;1
"omp";1;0;1
"onces";1;0;1
"ongules-domestiques";1;0;1
"onusida";1;0;1
"operations-de-maintien-de-la-paix";1;0;1
"ophtalmologue";1;0;1
"opportun";1;0;1
"opposition";1;0;1
"or";1;0;1
"orangers";1;0;1
"oranges";1;0;1
"organe";1;0;1
"organiques";1;0;1
"organisation-des-soins";1;0;1
"organisation-des-transports";1;0;1
"organisation-du-tourisme";1;0;1
"organisationnelles";1;0;1
"organisationnels";1;0;1
"orientes";1;0;1
"origine-scolaire";1;0;1
"ornementales";1;0;1
"orthodoxe";1;0;1
"orthophonistes";1;0;1
"orthoptistes";1;0;1
"os-vertebral";1;0;1
"otmane el rhazi";1;0;1
"ouest";1;0;1
"outils";1;0;1
"ouvrage-d-art";1;0;1
"ouvrage-militaire";1;0;1
"ouvraged-art";1;0;1
"ouvrages-aeriens";1;0;1
"oxyde";1;0;1
"oxydes";1;0;1
"palais_royal";1;0;1
"paludisme";1;0;1
"pam";1;0;1
"panneau-libre-expression";1;0;1
"panneaux-a-message-variable";1;0;1
"par sexe";1;0;1
"par Ã¢ge";1;0;1
"par-collectivite";1;0;1
"par-region";1;0;1
"parc-d-activites-economiques";1;0;1
"paris hippiques";1;0;1
"paris sportifs";1;0;1
"parlementaires";1;0;1
"parlements";1;0;1
"part";1;0;1
"partage de valeurs";1;0;1
"partage des valeurs";1;0;1
"partager";1;0;1
"passager";1;0;1
"passagespietons";1;0;1
"passation";1;0;1
"passe";1;0;1
"pates";1;0;1
"pathologies-psychiatriques";1;0;1
"patinoires";1;0;1
"patins";1;0;1
"patrimoine-mobilier-et-immobilier";1;0;1
"patrimoine-numerise";1;0;1
"paturage";1;0;1
"paturages";1;0;1
"paturee";1;0;1
"pauvret";1;0;1
"pavees";1;0;1
"pavillon";1;0;1
"paye";1;0;1
"payee";1;0;1
"payes";1;0;1
"pays de loire";1;0;1
"pbv";1;0;1
"pcb";1;0;1
"pct";1;0;1
"pechers";1;0;1
"pedicures-podologues";1;0;1
"penetration";1;0;1
"pension-de-famille";1;0;1
"perception";1;0;1
"percues";1;0;1
"percus";1;0;1
"perdus";1;0;1
"performance environnementale";1;0;1
"performances";1;0;1
"performances environnementales";1;0;1
"performances Ã©conomiques";1;0;1
"perimetre-protection";1;0;1
"perimetre-transport-urbain";1;0;1
"perimetred-etude";1;0;1
"peritonite";1;0;1
"permanente";1;0;1
"permettant";1;0;1
"permis b";1;0;1
"persistance";1;0;1
"persistante";1;0;1
"personne-agee-dependante";1;0;1
"personnel-soignant";1;0;1
"personnes-malades";1;0;1
"petite Ã©chelle";1;0;1
"petits";1;0;1
"petrolieres";1;0;1
"petroliers";1;0;1
"pettite-enfance";1;0;1
"pfc";1;0;1
"pfil";1;0;1
"pharmacodependance";1;0;1
"phase";1;0;1
"phases";1;0;1
"physiochimie";1;0;1
"physiques";1;0;1
"piege";1;0;1
"piezometrie";1;0;1
"pin maritime";1;0;1
"pipsol";1;0;1
"pistecyclables";1;0;1
"pkm";1;0;1
"places-kilometres";1;0;1
"plaine-de-jeux";1;0;1
"plan-deplacement-urbain";1;0;1
"plan-routier-pluriannuel";1;0;1
"plan_de_mobilisation";1;0;1
"planification-scolaire";1;0;1
"plantations Ã  rÃ©aliser";1;0;1
"plantee";1;0;1
"plein air";1;0;1
"pm1";1;0;1
"pm2";1;0;1
"pm3";1;0;1
"pmes";1;0;1
"pmv";1;0;1
"pneumonie";1;0;1
"pnud";1;0;1
"poe";1;0;1
"poids economique";1;0;1
"poincons or";1;0;1
"point de contact";1;0;1
"point-presse";1;0;1
"pointadresse";1;0;1
"points-de-presse";1;0;1
"poinÃ§ons argent";1;0;1
"politique agricole commune";1;0;1
"politique-habitat";1;0;1
"politiquepublique";1;0;1
"politiques-departementales-evolutions-sociologiques";1;0;1
"pommes de terre";1;0;1
"pommiers";1;0;1
"ponderale";1;0;1
"population agricole";1;0;1
"porcelets";1;0;1
"porcine";1;0;1
"porcs";1;0;1
"port-departemental";1;0;1
"portant";1;0;1
"porteurs-de-lunettes";1;0;1
"porteurs-de-prothese-auditive";1;0;1
"porteurs-de-prothese-dentaire";1;0;1
"possibilite";1;0;1
"post-secondaire";1;0;1
"postaux";1;0;1
"potabilisation";1;0;1
"potassium";1;0;1
"potentiel fiscal";1;0;1
"poulet";1;0;1
"poumon";1;0;1
"pouponniere";1;0;1
"pourriture";1;0;1
"pourvues";1;0;1
"pousseurs";1;0;1
"poux";1;0;1
"pp";1;0;1
"prame";1;0;1
"praticien-diplome";1;0;1
"pratiquant";1;0;1
"pratiquer";1;0;1
"pratiques-professionnelles";1;0;1
"prealablement";1;0;1
"precedentes";1;0;1
"precedents";1;0;1
"prelevee";1;0;1
"preleves";1;0;1
"preliminaire";1;0;1
"premiere-exclusivite";1;0;1
"prenatal";1;0;1
"prenataux";1;0;1
"preoccupation";1;0;1
"preoccupations";1;0;1
"preparation-de-viandes";1;0;1
"preparations";1;0;1
"preparer";1;0;1
"prepares";1;0;1
"preprimaire";1;0;1
"presentant";1;0;1
"presentent";1;0;1
"presidentielle-1er";1;0;1
"prestation-handicape";1;0;1
"prestations-de-sante";1;0;1
"prestations-protections-sociale";1;0;1
"prestations-services-sociaux";1;0;1
"prevention-collective";1;0;1
"prevention-primaire";1;0;1
"prevention-secondaire";1;0;1
"previson";1;0;1
"prevues";1;0;1
"primo-nuptialite";1;0;1
"principale";1;0;1
"pris";1;0;1
"prises";1;0;1
"privees";1;0;1
"prives";1;0;1
"prix en euros hors tva";1;0;1
"prix en euros ttc";1;0;1
"probable";1;0;1
"probleme";1;0;1
"problemes";1;0;1
"problemes-de-vue";1;0;1
"procede";1;0;1
"procedre-civile";1;0;1
"procedure-classique";1;0;1
"procedure-simplifiee";1;0;1
"proces verbal electronique";1;0;1
"procesverbal";1;0;1
"prochaine";1;0;1
"prochaines";1;0;1
"proche-orient";1;0;1
"procins";1;0;1
"procÃ¨s-verbaux";1;0;1
"prodcom";1;0;1
"productifs";1;0;1
"production-televisuelle";1;0;1
"productions";1;0;1
"productivite";1;0;1
"productivitÃ©";1;0;1
"produisant";1;0;1
"produit-d-epargne-financier";1;0;1
"produit-de-la-peche";1;0;1
"produit-interieur-brut";1;0;1
"produitalimentaire";1;0;1
"produites";1;0;1
"produits de santÃ©";1;0;1
"produits des iaa";1;0;1
"produits pÃ©troliers raffinÃ©s";1;0;1
"produits-composites";1;0;1
"produits-de-la-peche";1;0;1
"produits-transformes";1;0;1
"produits_de_santÃ©";1;0;1
"profession-medicale";1;0;1
"profession-paramedicale";1;0;1
"professionel";1;0;1
"professions rÃ©glementÃ©es";1;0;1
"programme-local-habitat";1;0;1
"programmes-audiovisuels";1;0;1
"progres";1;0;1
"projete";1;0;1
"promoteur industriel";1;0;1
"promouvoir";1;0;1
"proportionellement";1;0;1
"propre";1;0;1
"proprietaires";1;0;1
"propriete-immobiliere";1;0;1
"protection-centre-radioelectrique";1;0;1
"protection-complementaire";1;0;1
"protectives";1;0;1
"proteines";1;0;1
"protestant";1;0;1
"prothÃ¨se dentaire";1;0;1
"provision";1;0;1
"prÃ©lÃ¨vement";1;0;1
"prÃ©servatif";1;0;1
"prÃ©sident";1;0;1
"psychiatriques";1;0;1
"psychique";1;0;1
"psychotropes";1;0;1
"pt1";1;0;1
"pt2";1;0;1
"pt3";1;0;1
"ptap";1;0;1
"publicitaires";1;0;1
"publier";1;0;1
"publies";1;0;1
"px";1;0;1
"pÃ©diatres";1;0;1
"pÃ©gase";1;0;1
"pÃ©piniÃ¨res";1;0;1
"pÃ©trole brut";1;0;1
"qualifie";1;0;1
"qualifies";1;0;1
"qualite de l air";1;0;1
"quantiles";1;0;1
"quantitÃ©";1;0;1
"quasi-argent";1;0;1
"quasi-liquides";1;0;1
"quatre";1;0;1
"quatrieme";1;0;1
"question-parlementaire";1;0;1
"quinquennales";1;0;1
"quinquennaux";1;0;1
"quitter";1;0;1
"quote";1;0;1
"quotidienne";1;0;1
"quotidiennes";1;0;1
"quotidiens-locaux";1;0;1
"quotidiens-nationaux";1;0;1
"qx";1;0;1
"rabotage de bois";1;0;1
"rachat";1;0;1
"racines";1;0;1
"racordee";1;0;1
"radiosondages";1;0;1
"raincourt";1;0;1
"raisons-financieres";1;0;1
"rame";1;0;1
"rancontres";1;0;1
"rangÃ©e";1;0;1
"rapatriement";1;0;1
"rapport-d-activites";1;0;1
"rapport-de-fouilles";1;0;1
"rapportes";1;0;1
"rapports-chapeaux";1;0;1
"rapports-d-activites";1;0;1
"raster marine";1;0;1
"ration";1;0;1
"rationalise";1;0;1
"raymond";1;0;1
"rayons";1;0;1
"rbd";1;0;1
"realises";1;0;1
"recapitulatif";1;0;1
"recente";1;0;1
"recepteur";1;0;1
"reception-radioelectrique";1;0;1
"receptions";1;0;1
"recettes-cinema";1;0;1
"recevoir";1;0;1
"rechange";1;0;1
"recherches";1;0;1
"recoltees";1;0;1
"reconciliation";1;0;1
"reconditionnement";1;0;1
"reconstructible";1;0;1
"record-sportif";1;0;1
"recourant";1;0;1
"recours";1;0;1
"recreation";1;0;1
"recrute";1;0;1
"recruter";1;0;1
"recues";1;0;1
"redevance-fiscale";1;0;1
"redevances";1;0;1
"reduire";1;0;1
"reduit";1;0;1
"redynamisation-d-une-zone-geographiaue";1;0;1
"reechelonnee";1;0;1
"reference verticale";1;0;1
"referentiel-de-coordonnees";1;0;1
"refinancement";1;0;1
"refrigeres";1;0;1
"refugiees";1;0;1
"refusee";1;0;1
"refusees";1;0;1
"regarder";1;0;1
"region-agricole";1;0;1
"regionaux";1;0;1
"regis";1;0;1
"registre-des-zones-protegees";1;0;1
"reglement-de-la-voirie";1;0;1
"regles";1;0;1
"regroupement-d-ecoles";1;0;1
"regroupement-pedagogique-intercommunal";1;0;1
"reguliere";1;0;1
"reinstallees";1;0;1
"reinternalisation";1;0;1
"relation client";1;0;1
"relations";1;0;1
"relative";1;0;1
"reliees";1;0;1
"relies";1;0;1
"relieur";1;0;1
"reliure";1;0;1
"reliures";1;0;1
"relocalisation";1;0;1
"remboursables";1;0;1
"remboursees";1;0;1
"remontee";1;0;1
"remontee-mecanique";1;0;1
"remorque";1;0;1
"remorqueurs";1;0;1
"remplace";1;0;1
"remuneration-sur-objectif";1;0;1
"remunere";1;0;1
"renforcement";1;0;1
"renoncement-soins";1;0;1
"rentabilite-net";1;0;1
"renvoi";1;0;1
"repartitition";1;0;1
"repertoire national des elus";1;0;1
"replantee";1;0;1
"reponse";1;0;1
"representant-permanent";1;0;1
"reprÃ©sentation";1;0;1
"repÃ¨res de nivellement";1;0;1
"requetes";1;0;1
"reseau-reussite-scolaire";1;0;1
"reseau-telecommunication";1;0;1
"reserve-operationnelle";1;0;1
"reservistes";1;0;1
"residente";1;0;1
"residuel";1;0;1
"residuelle";1;0;1
"respiratoires";1;0;1
"responsabilisation";1;0;1
"responsabilitÃ© sociÃ©tale";1;0;1
"reste";1;0;1
"restees";1;0;1
"restreint";1;0;1
"retard-scolaire";1;0;1
"retardes";1;0;1
"retirees";1;0;1
"retournant";1;0;1
"retribuees";1;0;1
"retrouver";1;0;1
"reunions";1;0;1
"reveillon";1;0;1
"revente";1;0;1
"revenu-liberal";1;0;1
"revenu-solidarite";1;0;1
"revenu-solidarite-active";1;0;1
"revenus-des-chirurgiens-dentistes";1;0;1
"revenus-modestes";1;0;1
"reverbere";1;0;1
"rgions";1;0;1
"rhea";1;0;1
"rica";1;0;1
"riz";1;0;1
"ro-ro";1;0;1
"roller";1;0;1
"roncq";1;0;1
"roulement";1;0;1
"roulotte";1;0;1
"routes dÃ©partementales";1;0;1
"routes-departementales-pdmd-travaux-deviations-grands-projets-routiers";1;0;1
"rrs";1;0;1
"rsa-activite";1;0;1
"rsa-socle-majore";1;0;1
"rseau";1;0;1
"rtl";1;0;1
"ruptures-d-union";1;0;1
"rÃ©duite";1;0;1
"rÃ©formes";1;0;1
"rÃ©fÃ©rundum";1;0;1
"rÃ©gions forestiÃ¨res";1;0;1
"rÃ©industrialisation";1;0;1
"rÃ©perer";1;0;1
"rÃ©publique";1;0;1
"rÃ©seau internet";1;0;1
"rÃ©servation";1;0;1
"s-p";1;0;1
"s57";1;0;1
"saillies";1;0;1
"sain";1;0;1
"salaires-et-charges";1;0;1
"salariÃ©s";1;0;1
"salete";1;0;1
"salle-d-exposition";1;0;1
"salles de cinÃ©ma";1;0;1
"salmoniculture";1;0;1
"salmonidÃ©";1;0;1
"salons";1;0;1
"samedi";1;0;1
"sance";1;0;1
"sans-logement";1;0;1
"sante-des-eleves";1;0;1
"sante-maternelle";1;0;1
"sante-scolaire";1;0;1
"saone et loire";1;0;1
"satep";1;0;1
"satisfaits";1;0;1
"sauf";1;0;1
"sauvegarde";1;0;1
"sauvegardÃ©";1;0;1
"sbs";1;0;1
"scenario";1;0;1
"schema-coherence-territoriale";1;0;1
"schema-ensemble";1;0;1
"schema_d-ensemble";1;0;1
"schÃ©matique";1;0;1
"scm";1;0;1
"scÃ¨ne nationale";1;0;1
"sdcd";1;0;1
"sec";1;0;1
"secheresses";1;0;1
"second-degrÃ©";1;0;1
"secondaires";1;0;1
"secs";1;0;1
"secteur-de-recrutement-des-colleges";1;0;1
"secteur-primaire";1;0;1
"secteur-privee";1;0;1
"secteur-publique";1;0;1
"secteur-social";1;0;1
"section-d-education-specialisee";1;0;1
"securisees";1;0;1
"securises";1;0;1
"securitaires";1;0;1
"securite-dans";1;0;1
"sejour-irregulier";1;0;1
"sejours";1;0;1
"selectionne";1;0;1
"semaines";1;0;1
"semestrielles";1;0;1
"semiologie";1;0;1
"senateur";1;0;1
"sensdecirculation";1;0;1
"sentiment";1;0;1
"seraient";1;0;1
"serres";1;0;1
"serristes";1;0;1
"serveur";1;0;1
"serveurs";1;0;1
"service-a-la-personne";1;0;1
"service-de-police";1;0;1
"service-soins-domicile";1;0;1
"services-d-utilite-publique";1;0;1
"services-offerts";1;0;1
"servtiude";1;0;1
"sex";1;0;1
"sexualitÃ©";1;0;1
"sgae";1;0;1
"shannon";1;0;1
"siderurgique";1;0;1
"sieges";1;0;1
"simple";1;0;1
"sis";1;0;1
"site propre";1;0;1
"sitedeproximite";1;0;1
"sitehebergement";1;0;1
"sites-et-paysages";1;0;1
"sitesclasses";1;0;1
"sitesinscrits";1;0;1
"situation-economique";1;0;1
"situation-financiere";1;0;1
"situee";1;0;1
"situes";1;0;1
"smabt";1;0;1
"sociales-dans";1;0;1
"sociÃ©tÃ© civile";1;0;1
"soins-auxiliaires-medicaux";1;0;1
"soins-d-hygiene";1;0;1
"soins-de-readaptation";1;0;1
"soins-dentiste";1;0;1
"soins-domicile";1;0;1
"soins-medecin";1;0;1
"soir";1;0;1
"soldes";1;0;1
"solide";1;0;1
"solidite";1;0;1
"solutre";1;0;1
"sonde";1;0;1
"sons";1;0;1
"sortant";1;0;1
"sortants";1;0;1
"soucage";1;0;1
"souffre";1;0;1
"souhait";1;0;1
"souhaitant";1;0;1
"soumettre";1;0;1
"soumis";1;0;1
"sous serre";1;0;1
"sous-alimentation";1;0;1
"sous-carreaux marsden";1;0;1
"sous-marins";1;0;1
"sous-populations";1;0;1
"sous-traitance";1;0;1
"souscrites";1;0;1
"sox";1;0;1
"spe";1;0;1
"specialement";1;0;1
"specialise";1;0;1
"specialisee";1;0;1
"specialisees";1;0;1
"specialises";1;0;1
"specialistes";1;0;1
"specialite";1;0;1
"speciaux";1;0;1
"specifiee";1;0;1
"specifique";1;0;1
"spectable-vivant";1;0;1
"spoliation";1;0;1
"srp";1;0;1
"sse";1;0;1
"stabilite";1;0;1
"stationmetrologique";1;0;1
"stations-d-epuration";1;0;1
"statistique agricole";1;0;1
"statistique-opendata";1;0;1
"status";1;0;1
"sterling";1;0;1
"stimulant";1;0;1
"strategiques";1;0;1
"structure-d-accueil";1;0;1
"structure-sociale";1;0;1
"structure-sociale-enfant-inadapte";1;0;1
"sub";1;0;1
"subis";1;0;1
"subsaharienne";1;0;1
"subventions-culturelles";1;0;1
"sucre";1;0;1
"sucres";1;0;1
"sucriere";1;0;1
"sud-est";1;0;1
"suivies";1;0;1
"suivre";1;0;1
"sujet";1;0;1
"sulphur";1;0;1
"supercharger";1;0;1
"superchargeur";1;0;1
"supereur";1;0;1
"superficie forestiÃ¨re";1;0;1
"supermarches";1;0;1
"supplementation";1;0;1
"suprerficie";1;0;1
"surface de compensation";1;0;1
"surfaces irriguÃ©es";1;0;1
"surfaces-en-eaux";1;0;1
"surpeuplement";1;0;1
"surplus";1;0;1
"surpoids-eleves-cm2";1;0;1
"surveillance-du-reseau";1;0;1
"survenus";1;0;1
"survivants";1;0;1
"susceptibles";1;0;1
"svc";1;0;1
"sylvicole";1;0;1
"symptome";1;0;1
"syndicat-de-rivieres";1;0;1
"systeme-d-immatriculation-des-vehicules";1;0;1
"systme";1;0;1
"sÃ©lectionner";1;0;1
"sÃ©nateur";1;0;1
"sÃ©ries de donnÃ©es gÃ©ographiques";1;0;1
"t1";1;0;1
"t2a";1;0;1
"t5";1;0;1
"t7";1;0;1
"taille-colleges";1;0;1
"taille-lycees";1;0;1
"tardives";1;0;1
"targets";1;0;1
"tarif bleu";1;0;1
"tarif bleu option base";1;0;1
"tarif bleu option hc";1;0;1
"tarif bleu option tempo";1;0;1
"tarif jaune";1;0;1
"tarif vert";1;0;1
"tarif vert a5 option base";1;0;1
"tarif vert a5 option ejp";1;0;1
"tarif-de-groupe";1;0;1
"tarif-individuel";1;0;1
"taux-equipement";1;0;1
"taux-fecondite";1;0;1
"taux-natalite";1;0;1
"taxe-sur-la-valeur-ajoutee";1;0;1
"taxe-sur-les-salaires";1;0;1
"techniques";1;0;1
"technologies-de-l-information-et-de-la-communication-pour-l-enseignement";1;0;1
"technologiques";1;0;1
"telechargement-internet";1;0;1
"telecharger";1;0;1
"televiseur";1;0;1
"television-duree";1;0;1
"television-emissions";1;0;1
"television-series";1;0;1
"teme";1;0;1
"temporelles";1;0;1
"tendre";1;0;1
"tep";1;0;1
"terasse";1;0;1
"terme";1;0;1
"termes";1;0;1
"terminaux";1;0;1
"termine";1;0;1
"terres agricoles";1;0;1
"terres arables";1;0;1
"terrestres";1;0;1
"territoires-agricoles";1;0;1
"tests-serologiques";1;0;1
"tetanos";1;0;1
"tete";1;0;1
"texte-visites";1;0;1
"theme";1;0;1
"therapie";1;0;1
"tierce-personne";1;0;1
"tiers";1;0;1
"tilapia";1;0;1
"tipi";1;0;1
"titulaire-officine";1;0;1
"tm";1;0;1
"tns-sofres";1;0;1
"tomates";1;0;1
"tonne";1;0;1
"tonnes Ã©quivalent pÃ©trole";1;0;1
"torchere";1;0;1
"touches";1;0;1
"tourdefrance";1;0;1
"tourismes";1;0;1
"tournus";1;0;1
"toutou";1;0;1
"toxicite";1;0;1
"toxicomanie";1;0;1
"toxiques";1;0;1
"traction";1;0;1
"traites";1;0;1
"tranquillitepublique";1;0;1
"trans-oise";1;0;1
"trans-regional";1;0;1
"transfrontalier";1;0;1
"transit-de-voyageurs";1;0;1
"transpiration";1;0;1
"transport-animaux";1;0;1
"transport-gaz";1;0;1
"transport-national";1;0;1
"transport-semi-collectif";1;0;1
"transportes";1;0;1
"transports-aerien-et-spatial";1;0;1
"transports-dans";1;0;1
"transports-malades";1;0;1
"transposition";1;0;1
"traumatisme";1;0;1
"travail-dans";1;0;1
"travaille";1;0;1
"travailler";1;0;1
"travailles";1;0;1
"travailleur-handicape";1;0;1
"travaux forestiers";1;0;1
"tresor";1;0;1
"triadiques";1;0;1
"triennales";1;0;1
"trimesteilles";1;0;1
"trimestre";1;0;1
"trisac";1;0;1
"trois";1;0;1
"trolleybus";1;0;1
"troncon-routier";1;0;1
"tronÃ§on";1;0;1
"trophÃ©es";1;0;1
"tropical";1;0;1
"trouble-mental";1;0;1
"troubles-residuels";1;0;1
"troubles-visuels";1;0;1
"truite";1;0;1
"tubercules";1;0;1
"tuberculose";1;0;1
"tue";1;0;1
"tunnel";1;0;1
"turbots";1;0;1
"turquie";1;0;1
"tv";1;0;1
"tx";1;0;1
"type maree";1;0;1
"type-2";1;0;1
"type-de-voierie";1;0;1
"types";1;0;1
"typiques";1;0;1
"tÃ¢che urbaine";1;0;1
"tÃ©lÃ©graphiques";1;0;1
"ulis";1;0;1
"un socle commun";1;0;1
"unhcr";1;0;1
"unicef";1;0;1
"uniformite";1;0;1
"unique";1;0;1
"uniquement";1;0;1
"unitaires";1;0;1
"unite-pedagogique-d-integration";1;0;1
"unitÃ© propre";1;0;1
"universitaires";1;0;1
"unpbf";1;0;1
"unrwa";1;0;1
"unss";1;0;1
"upi";1;0;1
"urgence-secourisme";1;0;1
"usage-de-bureau";1;0;1
"usage-et-service-numeriques";1;0;1
"usages-ordinateur";1;0;1
"utilisateur";1;0;1
"utilisateurs";1;0;1
"utilisation-tice-etablissements-scolaires";1;0;1
"utilisent";1;0;1
"utiliser";1;0;1
"utiliss";1;0;1
"vab";1;0;1
"vaccins-antirabiques";1;0;1
"val de marne";1;0;1
"vapeur";1;0;1
"variable";1;0;1
"variables";1;0;1
"vecues";1;0;1
"vegetales";1;0;1
"vegetarien";1;0;1
"vendeurs";1;0;1
"verbalisation electronique";1;0;1
"verrerie";1;0;1
"versee";1;0;1
"versees";1;0;1
"versements-bruts";1;0;1
"vhs";1;0;1
"viaduc";1;0;1
"viandes-hachees";1;0;1
"vide";1;0;1
"video-physique";1;0;1
"vides";1;0;1
"vie culturelle";1;0;1
"vie quotidienne";1;0;1
"vie sociale";1;0;1
"vie Ã©conomique";1;0;1
"vie Ã©conomique - innovation";1;0;1
"vie-familiale";1;0;1
"vieille";1;0;1
"vif";1;0;1
"village-de-vacances";1;0;1
"villesanslimite";1;0;1
"visite-medicale-domicile";1;0;1
"vitalite";1;0;1
"vitamine";1;0;1
"vivants";1;0;1
"vivriere";1;0;1
"voie nationale";1;0;1
"voies-routieres";1;0;1
"voisins";1;0;1
"volatils";1;0;1
"vraisemblablement";1;0;1
"wagons";1;0;1
"weee";1;0;1
"wrf";1;0;1
"yen";1;0;1
"yourte";1;0;1
"zat";1;0;1
"zero";1;0;1
"zone-artisanale";1;0;1
"zone-d-activite";1;0;1
"zone-d-amenagement-du-territoire";1;0;1
"zone-d-emploi";1;0;1
"zonepietonne";1;0;1
"zonepietonniere";1;0;1
"Ã©closerie";1;0;1
"Ã©conomie sociale";1;0;1
"Ã©coute";1;0;1
"Ã©crouÃ©s";1;0;1
"Ã©dition";1;0;1
"Ã©lect";1;0;1
"Ã©lÃ©vation";1;0;1
"Ã©puration";1;0;1
"Ã©quilibre ressources emplois";1;0;1
"Ã©tablissements-de-santÃ©";1;0;1
"Ã©tablissements_de_santÃ©";1;0;1
"Ã©talage";1;0;1
"Ã©tang";1;0;1
"achat publi";0;1;1
"composition des aliments";0;1;1
"coordonnÃ©es des ambassades";0;1;1
"crÃ©ances";0;1;1
"dÃ©saffectÃ©";0;1;1
"exploitÃ©";0;1;1
"horaire bureau de poste";0;1;1
"monacia";0;1;1
"obÃ©sitÃ©";0;1;1
"prices";0;1;1
"pÃ¨re lachaise";0;1;1
"recharge voiture electrique espagne";0;1;1
"rhÃ´ne alpes";0;1;1
"risque sanitaire";0;1;1
"rÃ©gions administratives";0;1;1
"territoires de vie";0;1;1
"2000-258-CE";1;0;1
"2000-75-CE";1;0;1
"2001-89-CE";1;0;1
"2002-60-CE";1;0;1
"2005-94-CE";1;0;1
"90-426-CEE";1;0;1
"92-119-CEE";1;0;1
"92-35-CEE";1;0;1
"92-65-CEE";1;0;1
"92-66-CEE";1;0;1
"Abatoirs";1;0;1
"Agrxment-zoo-sanitaire";1;0;1
"Aliments-pour-animaux";1;0;1
"Animaux-de-boucherie";1;0;1
"Arrete-ministeriel-du-28-02-2000";1;0;1
"Atelier-de-traitement";1;0;1
"Atelier-demballage";1;0;1
"Boyaux";1;0;1
"Centre-de-rassemblement";1;0;1
"Centre-de-stockage";1;0;1
"Collagene";1;0;1
"Conchylicoles";1;0;1
"Conditionnement";1;0;1
"Coquillage";1;0;1
"Cuisine-communautaire";1;0;1
"DAR";1;0;1
"Echange";1;0;1
"Echanges";1;0;1
"Entreposage";1;0;1
"Equidxs";1;0;1
"Etablissements-dxrogatoires";1;0;1
"Etablissements-froid";1;0;1
"Fabrication";1;0;1
"Fabrication-de-fromage";1;0;1
"Ferme";1;0;1
"Fermes-aquacoles";1;0;1
"Graisses-animales";1;0;1
"Grenouilles";1;0;1
"Installations-enregistrxes";1;0;1
"Laboratoires-agrxxs";1;0;1
"Laboratoires-de-rA-c-fA-c-rence";1;0;1
"Lait-traitA-c";1;0;1
"Lapins";1;0;1
"Materiaux-et-locaux-traditionnels";1;0;1
"Mecanique";1;0;1
"Nxgociants-agrxxs";1;0;1
"Oeufs-liquides";1;0;1
"Ongulxs-domestiques";1;0;1
"Os-vertA-c-bral";1;0;1
"Ovoproduits";1;0;1
"PBV";1;0;1
"PC";1;0;1
"Procins";1;0;1
"Produit-de-la-pxche";1;0;1
"Produits-composites";1;0;1
"Produits-de-la-pAche";1;0;1
"Produits-laitiers";1;0;1
"Produits-transformA-c-s";1;0;1
"Prxparation-de-viandes";1;0;1
"Pxche";1;0;1
"Reconditionnement";1;0;1
"Salmonelle";1;0;1
"SantA-c-et-Protection-des-Animaux";1;0;1
"Saucisse";1;0;1
"Tests-sxrologiques";1;0;1
"Transport-animaux";1;0;1
"Transporteurs";1;0;1
"Type-2";1;0;1
"Vaccins";1;0;1
"Vaccins-antirabiques";1;0;1
"Viande-fraiche";1;0;1
"Viandes";1;0;1
"Viandes-hachxes";1;0;1
"Volaille";1;0;1
"Volailles";1;0;1
"Volailles-et-lapins";1;0;1
"ZNT";1;0;1
"agrxment-zoo-sanitaire";1;0;1
"centres art dramatique";0;1;1
"scÃ¨nes nationales";0;1;1
"chorÃ©graphie";0;1;1
"crÃ©ation musicale";0;1;1
"evacuation-eau-usee";1;0;1
"prelevement-eau";1;0;1
"fouille archÃ©ologiques";0;1;1
"dÃ©tecteur de fumÃ©e";0;1;1
"risque incendie";0;1;1
"laicite";1;0;1
"sÃ©nÃ©gal";1;0;1
"camÃ©ra";1;0;1
"Ã©galitÃ©s";0;1;1
"statistique-annuelle";1;0;1
"statistique-annuelle-des-etablissements";1;0;1
"agents conversationnels";0;1;1
"analyse sÃ©mantique";0;1;1
"dÃ©mocratie participative";0;1;1
"e-citoyennetÃ©";0;1;1
"gestion des informations globales";0;1;1
"gestion des informations locales";0;1;1
"langage naturel";0;1;1
"parchemin";1;0;1
"sceau";1;0;1
"procÃ©dÃ© photographique";1;0;1
"b2i";1;0;1
"ouvrage-retenue";1;0;1
"retenue-d-eau";1;0;1
"garde vert";1;0;1
"cpie";1;0;1
"loi-de-finance";0;1;1
"rÃ©serve-naturelle";1;0;1
"objectif-qualite";1;0;1
"perimetre-hydrographique";1;0;1
"schema-d-amenagement-gestion-eau";1;0;1
"zlatansheim";1;0;1
"dÃ©tecteur incendie";0;1;1
"asp";1;0;1
"proprietaire-forestier";1;0;1
"clichÃ©s";1;0;1
"europe 1";1;0;1
"france info";1;0;1
"liste noire";1;0;1
"porn";1;0;1
"sud radio";1;0;1
"communes rurales";0;1;1
"rue89";0;1;1
"test open";1;0;1
"cÃ¢ble";1;0;1
"accÃ¨s internet";1;0;1
"service fixe";1;0;1
"trouves";1;0;1
"trouvÃ©s";1;0;1
"foyer fiscal";1;0;1
"Ã©pidÃ©miologie";1;0;1
"papier connectÃ©";0;1;1
"plasticien";1;0;1
"wienerschnitzelus";1;0;1
"geopolitique";1;0;1
"ballon";1;0;1
"ibrahimovic";1;0;1
"levure";1;0;1
"ligue1";1;0;1
"messi";1;0;1
"psg";1;0;1
"sheim";1;0;1
"tee shirt";1;0;1
"zlatan";1;0;1
"ceta";1;0;1
"ttip";1;0;1
"schnitzelus";1;0;1
"data-2-c";0;1;1
"assiduitÃ©";0;1;1
"credit auto pas cher";1;0;1
"credit voiture";1;0;1
"jongles";1;0;1
"aide au dÃ©veloppement";1;0;1
"vincipark";1;0;1
"covoiturage temps-rÃ©el";0;1;1
"nuitÃ©e";1;0;1
"credit automobile";1;0;1
"simulation pret auto";1;0;1
"dÃ©gustation";1;0;1
"fÃªtes";1;0;1
"hotellerie de plein air";1;0;1
"manisfestation";1;0;1
"manisfestations";1;0;1
"competences-territoriales";1;0;1
"decoupage-territorial";1;0;1
"zone-de-competence";1;0;1
"zones-competences";1;0;1
"grossesse-a-bas-risque";1;0;1
"groupe-social";1;0;1
"inegalite-de-sante";1;0;1
"interventions-obstetricales";1;0;1
"etablissement-d-hebergement";1;0;1
"hospitalisation-domicile";1;0;1
"interruptions-medicale-de-grossesse";1;0;1
"prematures";1;0;1
"prestations-d-aide-sociale";1;0;1
"comparateur credit voiture";1;0;1
"meilleur taux";1;0;1
"pret auto le moins cher";1;0;1
"simulateur credit auto";1;0;1
"geohash";0;1;1
"hbase";0;1;1
"hfactory";0;1;1
"amÃ©nagements";1;0;1
"renouvellements urbains";1;0;1
"crÃ©matorium";1;0;1
"banque en ligne";1;0;1
"banque moins cher";1;0;1
"banque pas cher";1;0;1
"compte bancaire pas cher";1;0;1
"compte banque en ligne";1;0;1
"ouvrir compte bancaire";1;0;1
"ouvrir comte en ligne";1;0;1
"ouvrir un compte";1;0;1
"ouvrir un compte en banque";1;0;1
"ouvrir un compte sur internet";1;0;1
"datamining";0;1;1
"prÃ©dictif";0;1;1
"reussite-scolaire";1;0;1
"rÃ©seau-education-prioritaire";1;0;1
"comparateur emprunt";1;0;1
"credit auto financement";1;0;1
"emprunt auto";1;0;1
"financement auto";1;0;1
"pret aut";1;0;1
"pret auto pas cher";1;0;1
"pret automobile";1;0;1
"simulateur pret";1;0;1
"trouve";1;0;1
"enseignement adaptÃ©";1;0;1
"gfe";1;0;1
"scuio";1;0;1
"objects-trouvÃ©s";0;1;1
"initiative france europe 2020";0;1;1
"loi esr";0;1;1
"programme 150";1;0;1
"programme 231";1;0;1
"chimiotherapie";1;0;1
"seances";1;0;1
"agence franÃ§aise de dÃ©veloppement";1;0;1
"benin";1;0;1
"burundi";1;0;1
"bÃ©nin";1;0;1
"centrafrique";1;0;1
"comores";1;0;1
"congo";1;0;1
"dispositif mÃ©dical";1;0;1
"djibouti";1;0;1
"ghana";1;0;1
"guinÃ©e";1;0;1
"madagascar";1;0;1
"mauritanie";1;0;1
"niger";1;0;1
"rÃ©publique centrafricaine";1;0;1
"rÃ©publique dÃ©mocratique du congo";1;0;1
"senegal";1;0;1
"sÃ©curitÃ© alimentaire";1;0;1
"tchad";1;0;1
"togo";1;0;1
"transparency";1;0;1
"union des comores";1;0;1
"mÃ©decine ambulatoire";1;0;1
"Ã¢ges";0;1;1
"bj-b2";1;0;1
"nne";1;0;1
"plan comptable";1;0;1
"zz";1;0;1
"aide Ã  la lecture";0;1;1
"aide Ã  la rÃ©daction";0;1;1
"rÃ©glementation";0;1;1
"traitement de texte augmentÃ©";0;1;1
"piÃ¨ce";0;1;1
"personnalisation";0;1;1
"veille juridique";0;1;1
"sommaire jorf";0;1;1
"court mÃ©trage";1;0;1
"cÃ©sarienne";0;1;1
"affichage dynamique";0;1;1
"efficacitÃ©";0;1;1
"accueil-de-loisir";1;0;1
"zone franche";1;0;1
"matiÃ¨res";1;0;1
"simulateur credit";1;0;1
"ondes Ã©lectromagnÃ©tiques";0;1;1
"crÃ©ativitÃ©";0;1;1
"divertissement";0;1;1
"maladies nosocomiales";0;1;1
"date-de-peremption";0;1;1
"free license";0;1;1
"jquery";0;1;1
"opÃ©rateurs";0;1;1
"tÃ©lÃ©phone";0;1;1
"caravane";1;0;1
"tente";1;0;1
"terrain-camping";1;0;1
"evÃ¨nements";1;0;1
"subdivision-administrative";1;0;1
"subdivision-territoriale";1;0;1
"terrain-gorge-d-eau";1;0;1
"terrain-inondÃ©";1;0;1
"cryoconservation";1;0;1
"ressources gÃ©nÃ©tiques";1;0;1
"data journalisme";0;1;1
"objets trouvÃ©s";0;1;1
"comissariat";1;0;1
"compÃ©tence";1;0;1
"grande instance";0;1;1
"tgi";0;1;1
"citizen press";0;1;1
"economie denergie";0;1;1
"newsgame";0;1;1
"groupement-d-interet-cynegenique";1;0;1
"lot-chasse";1;0;1
"terrain-d-accueil";1;0;1
"terrain-gens-voyage";1;0;1
"tourimse";0;1;1
"securite routiere";0;1;1
"centres pmi";1;0;1
"commune rurale";1;0;1
"dataconnexion";1;0;1
"datajournlisme";1;0;1
"linkeddata";0;1;1
"vendÃ©e";1;0;1
"data-connexions";0;1;1
"gÃ©o-visualiseur";0;1;1
"gÃ©omatique";0;1;1
"amÃ©nagement foncier";0;1;1
"remembrement";0;1;1
"accumulation";1;0;1
"ramÃ©e";1;0;1
"allergies";0;1;1
"intolÃ©rances";0;1;1
"sans arachide";0;1;1
"sans crustacÃ©s";0;1;1
"sans cÃ©leri";0;1;1
"sans fruits Ã  coque";0;1;1
"sans gluten";0;1;1
"sans lait";0;1;1
"sans lupin";0;1;1
"sans mollusques";0;1;1
"sans moutarde";0;1;1
"sans oeuf";0;1;1
"sans poisson";0;1;1
"sans soja";0;1;1
"sans sulfites";0;1;1
"sans sÃ©same";0;1;1
"mÃ©moire";0;1;1
"contrat-urbain-cohesion-sociale";1;0;1
"non-zus";1;0;1
"stations de recharge";1;0;1
"voitures electriques";1;0;1
"intÃ©rÃªts";1;0;1
"bananes";1;0;1
"kiwis";1;0;1
"raisins de table";1;0;1
"etablissement_hospitalier";1;0;1
"cultes";1;0;1
"redynamisation-urbaine";1;0;1
"syndicat-d-initiatives";1;0;1
"zone-urbaine-sensible";1;0;1
"allergies alimentaires";0;1;1
"agence-nationale-pour-la-renovation-urbaine";1;0;1
"rÃ©seau bornes de recharge rapide concessionnaires nissan";1;0;1
"rÃ©seau de bornes de recharge rapide auchan";1;0;1
"nivologie";0;1;1
"enneigement";0;1;1
"rÃ©seau bornes de recharge rapide auchan";1;0;1
"rÃ©seau bornes de recharge rapide concessions nissan";1;0;1
"municipales 20104";0;1;1
"zaet";1;0;1
"www.referencement1.fr";0;1;1
"crÃ©dit auto pas cher";1;0;1
"crÃ©dit le moins cher";1;0;1
"crÃ©dit moins cher";1;0;1
"crÃ©dit pas cher";1;0;1
"crÃ©dit travaux pas cher";1;0;1
"simulation crÃ©dit";1;0;1
"agence de communication";1;0;1
"agence de rÃ©fÃ©rencement";1;0;1
"agence web";1;0;1
"alltitude";1;0;1
"altitiude";1;0;1
"modÃ¨le";1;0;1
"modÃ¨les";1;0;1
"salinitÃ©";1;0;1
"samus";1;0;1
"donnÃ©es de santÃ©";0;1;1
"objets connectÃ©s";0;1;1
"opÃ©ras";0;1;1
"coaching au fÃ©minin";1;0;1
"leadership au fÃ©minin";1;0;1
"mixitÃ© professionnelle";1;0;1
"gardes de jour";1;0;1
"Ã©cole primaire";1;0;1
"consommation-mÃ©dicale";0;1;1
"espaces canins";1;0;1
"enclos Ã  sapin";1;0;1
"donnÃ©es carroyÃ©es Ã  200m";0;1;1
"rÃ©novation Ã©nergÃ©tique";1;0;1
"enseignement artistique";1;0;1
"fontaines-Ã -eau";1;0;1
"palais-des-sports";1;0;1
"rendez-vous";1;0;1
"dÃ©perdition";1;0;1
"espace-collaboratif";1;0;1
"fontaine-Ã -eau";1;0;1
"ohq";1;0;1
"ordures-mÃ©nagÃ¨res";1;0;1
"sacs";1;0;1
"ensemble-territoire";1;0;1
"maisons de retraite";1;0;1
"popretÃ©";1;0;1
"ligne 15";1;0;1
"ligne 16";1;0;1
"ligne 17";1;0;1
"ligne 18";1;0;1
"rtpg";1;0;1
"20e siÃ¨cle";1;0;1
"deux roues";1;0;1
"Ã©quipement culturel";1;0;1
"agence postale";1;0;1
"distributeur de billets";1;0;1
"issy.com";1;0;1
"mÃ©dia";1;0;1
"pompes funÃ¨bres";1;0;1
"sociÃ©tÃ© de production";1;0;1
"alarme";1;0;1
"animaleries";1;0;1
"blindage";1;0;1
"cordonniers";1;0;1
"fenÃªtres";1;0;1
"interphone";1;0;1
"laveries";1;0;1
"maÃ§onnerie";1;0;1
"menuisiers";1;0;1
"pressings";1;0;1
"ramonage";1;0;1
"stores";1;0;1
"toilettage";1;0;1
"Ã©lectriciens";1;0;1
"beautÃ©";1;0;1
"bjouteries";1;0;1
"chausseurs";1;0;1
"fleuristes";1;0;1
"instituts de beautÃ©";1;0;1
"jardineries";1;0;1
"maroquineries";1;0;1
"merceries";1;0;1
"opticiens";1;0;1
"relaxation";1;0;1
"remise en forme";1;0;1
"retoucheurs";1;0;1
"agences de voyages";1;0;1
"ameublement";1;0;1
"voyager";1;0;1
"Ã©lectromÃ©nager";1;0;1
"permanences juridiques";1;0;1
"permanences urbanismes";1;0;1
"equipements-scolaires";1;0;1
"equipements-sociaux-medicaux";1;0;1
"banque Ã©tudiante";1;0;1
"bons plans Ã©tudiant";1;0;1
"bordeaux iii";1;0;1
"bordeaux iv";1;0;1
"Ã©tudiant bordeaux";1;0;1
"Ã©tudiant chinois bordeaux";1;0;1
"assurance en france";1;0;1
"complÃ©mentaire santÃ©";1;0;1
"mutuelle en france";1;0;1
"prix mutuelle";1;0;1
"Ã©tude le comparateurassurance.com";1;0;1
"Ã©tude pixeo";1;0;1
"groupe pixeo";1;0;1
"le comparateur assurance";1;0;1
"lecomparateurassurance.com";1;0;1
"pixeo";1;0;1
"prix assurance";1;0;1
"tarifs assurance";1;0;1
"Ã©tude le comparateur assurance";1;0;1
"Ã©tude lecomparateurassurance.com";1;0;1
"redÃ©coupage";1;0;1
"Ã©tude";1;0;1
"rachat de credit";0;1;1
"sdis 91";1;0;1
"la rÃ©union";1;0;1
"conseils dÃ©partementaux";0;1;1
"tarot amour";1;0;1
"alfred molet";0;1;1
"budget et finances du dÃ©partement";1;0;1
"ratios financiers obligatoires";1;0;1
"colectivtÃ©s territoriales";1;0;1
"dÃ©penses cultrelles";1;0;1
"conseil general";1;0;1
"bahtymÃ©trie";1;0;1
"bry sur marne";1;0;1
"meurthe et moselle";1;0;1
"open data camp";0;1;1
"Ã©galitÃ© homme-femme";1;0;1
"agicole";0;1;1
"surface agricole";0;1;1
"dÃ©uptÃ©s";0;1;1
"accidents de la route";1;0;1
"bains-douches";1;0;1
"centre de loisir";1;0;1
"marchÃ© alimentaire";1;0;1
"sanitaire et social";1;0;1
"ministÃ¨re des finances";1;0;1
"candÃ©labre";1;0;1
"pique";1;0;1
"prÃªteurs";1;0;1
"jean lucmolet";0;1;1
"molet";0;1;1
"bd carto";0;1;1
"bassins gÃ©rontologiques";1;0;1
"comitÃ©  technique";1;0;1
"syndicats professionnels";1;0;1
"formations supÃ©rieures";0;1;1
"premier tour dÃ©partementales";0;1;1
"aide sociale hergement";1;0;1
"structures accueil";1;0;1
"tÃ©lÃ©assistance";1;0;1
"aide sociale Ã  l aide mÃ©nagÃ¨re";1;0;1
"transport specialisÃ©";1;0;1
"transport spÃ©cialisÃ©";1;0;1
"aide sociale Ã  l hergement";1;0;1
"borne-d-entree";1;0;1
"bornes-escamotables";1;0;1
"code-postale";1;0;1
"concentration-economique";1;0;1
"declaration-d-utilite-publique";1;0;1
"frequentation-pietonne";1;0;1
"numero-voies";1;0;1
"plan-de-prevention-des-risques-naturels";1;0;1
"public-wifi-poitiers";1;0;1
"schema-directeur-d-amenagement";1;0;1
"slan-de-sauvegarde-et-mise-en-valeur";1;0;1
"stationnement-sur-voirie-stationnement-payant-horodateurs";1;0;1
"stationnement-sur-voirie-tarification-zone-residents";1;0;1
"systeme-de-secours";1;0;1
"toilettes-publics";1;0;1
"verre-usage";1;0;1
"accÃ¨s et maintien dans le logement";1;0;1
"fonds solidaritÃ© logement";1;0;1
"bordure de trottoir";1;0;1
"chaussÃ©e dÃ©gradÃ©e";1;0;1
"feu tricolore";1;0;1
"fuite_eau";1;0;1
"lice en bois";1;0;1
"nid de poule";1;0;1
"plaque de rue";1;0;1
"stationnement abusif";1;0;1
"trottoir dÃ©gradÃ©";1;0;1
"cer";1;0;1
"contrats engagement rÃ©ciproque";1;0;1
"cordon-littoral";1;0;1
"risques-et-securite-risques-naturels";1;0;1
"zone-batie-continue";1;0;1
"actualite francaise";1;0;1
"journaux francais";1;0;1
"journaux maroc";1;0;1
"journaux marocains";1;0;1
"presse francaise";1;0;1
"presse marocaine";1;0;1
"rm-dgpdd-distrat-sig";1;0;1
"cartomancie gratuite";1;0;1
"cartomancie gratuite immediate";1;0;1
"cholesterol";0;1;1
"voyance par tchat gratuite";1;0;1
"cg-35";1;0;1
"mobilite-transport-stationnement";1;0;1
"accueil collectif de la petites enfance";1;0;1
"accueil individuel de la petite enfance";1;0;1
"accueil individuel du jeune enfant";1;0;1
"pf";1;0;1
"protection maternelle";1;0;1
"accueil familial";1;0;1
"projet Ã©ducatif dÃ©partemental";1;0;1
"dotation globale de fonctionnement";1;0;1
"rÃ©sultat exercice";1;0;1
"rÃ©sultat global";1;0;1
"data.gouv.fr";1;0;1
"data.issy.com";1;0;1
"prÃ©lÃ¨vements";1;0;1
"deuxiÃ¨me tour dÃ©partementales";0;1;1
"traitement-de-surface";1;0;1
"dÃ©pannage";0;1;1
"subventions aux structures";1;0;1
"gÃ©odÃ©sique";1;0;1
"handicapÃ©es";1;0;1
"fap";0;1;1
"unserland";1;0;1
"protÃ©gÃ©s";1;0;1
"pÃ©piniÃ¨re";1;0;1
"rÃ©seaux";1;0;1
"police territoriale";1;0;1
"policiers municipaux";1;0;1
"policiers territoriaux";1;0;1
"sdpm";1;0;1
"milieu-biologique-habitats-remarquables-maerl";1;0;1
"milieu-chimique-contaminants";1;0;1
"treompan";1;0;1
"frÃ©quences";1;0;1
"easysdi";0;1;1
"tarot amour gratuit";1;0;1
"sacd";1;0;1
"sgd";1;0;1
"risques-lies-a-l-eau-naturels-sanitaires-et-technologiques";1;0;1
"troncon-hydrographique-thematique";1;0;1
"archyd";1;0;1
"d-4-reseaux-trophiques";1;0;1
"d-8-contaminants-chimiques";1;0;1
"eutrophisation-milieux-lagunaires-mediterraneens-macrophytes-herbiers-macroalgues-nutriments-azote-phosphore-phytoplanct";1;0;1
"observation-indirecte";1;0;1
"observation-par-transect";1;0;1
"phycotoxines-toxines-coquillages-mollusques-bivalves-dsp-psp-asp";1;0;1
"phytoplancton-micro-algues-blooms-efflorescences-biomasse-chlorophylle-abondance-physico-chimie";1;0;1
"rephy";1;0;1
"rhln";1;0;1
"rocch";1;0;1
"rsl";1;0;1
"srn";1;0;1
"zones-conchylicole";1;0;1
"opendamir";0;1;1
"droit-d-auteur";0;1;1
"abyssal";1;0;1
"atlantique-nord";1;0;1
"bathyal";1;0;1
"circalittoral";1;0;1
"etage";1;0;1
"infralittoral";1;0;1
"materiaux-marins";1;0;1
"reglementation-et-gestion-reglementation-des-usages-parcelle-ou-concession";1;0;1
"sites-granulats-marins";1;0;1
"zone-biologique";1;0;1
"gestion-de-la-peche";1;0;1
"peche-cotiere";1;0;1
"reserve-de-peche";1;0;1
"bureau information jeunesse";1;0;1
"secteurs scolaires";1;0;1
"bureau-information-jeunesse";1;0;1
"plan de zonage";1;0;1
"lemouv";1;0;1
"funradio";1;0;1
"election municipale";1;0;1
"election municipale 2014";1;0;1
"eaux-souterraines-nappes-d-eau";1;0;1
"couponing";1;0;1
"ecouponing";1;0;1
"Ã©lection dÃ©partementale";1;0;1
"Ã©lection dÃ©partementale 2015";1;0;1
"Ã©lection municipale 2014";1;0;1
"Ã©lections prÃ©sidentielles 2012";1;0;1
"skyrock";1;0;1
"Ã©lection lÃ©gislative 2012";1;0;1
"Ã©lection cantonale 2011";1;0;1
"aucun";1;0;1
"Ã©lection rÃ©gionale 2010";1;0;1
"Ã©lection europÃ©enne 2009";1;0;1
"Ã©lection municipale 2008";1;0;1
"Ã©lection cantonale 2008";1;0;1
"Ã©lections prÃ©sidentielles 2007";1;0;1
"base adresse nationale";1;0;1
"Ã©lection lÃ©gislative 2007";1;0;1
"reseau social";1;0;1
"Ã©lection rÃ©gionale 2004";1;0;1
"Ã©lection europÃ©enne 2004";1;0;1
"Ã©lection cantonale 2004";1;0;1
"Ã©lections prÃ©sidentielles 2002";1;0;1
"Ã©lecitons cantonales 2002";1;0;1
"Ã©lection cantonale 2002";1;0;1
"Ã©lection lÃ©gislative 2002";1;0;1
"recomposition-territoire";0;1;1
"Ã©lection municipale 2001";1;0;1
"Ã©lections municipales 2001";1;0;1
"quinquennat";1;0;1
"Ã©lections cantonales 2001";1;0;1
"Ã©lection europÃ©enne 1999";1;0;1
"Ã©lection rÃ©gionale 1998";1;0;1
"Ã©lections rÃ©gionales 1998";1;0;1
"Ã©lection cantonale 1998";1;0;1
"Ã©lections cantonales 1998";1;0;1
"Ã©lection lÃ©gislative 1997";1;0;1
"Ã©lections lÃ©gislatives 1997";1;0;1
"Ã©lection municipale 1995";1;0;1
"Ã©lection prÃ©sidentielle 1995";1;0;1
"Ã©lections municipales 1995";1;0;1
"Ã©lections prÃ©sidentielles 1995";1;0;1
"Ã©lection europÃ©enne 1994";1;0;1
"Ã©lections europÃ©ennes 1994";1;0;1
"densitÃ©";0;1;1
"age-legal-droit-a-la-retraite";1;0;1
"Ã©lection cantonale 1994";1;0;1
"Ã©lections cantonales 1994";1;0;1
"dent-creuse";1;0;1
"friche-urbaine";1;0;1
"abri-d-urgence";1;0;1
"aires-de-repos";1;0;1
"assainissement-routier";1;0;1
"bassin-d-orage";1;0;1
"bassin-de-decantation";1;0;1
"bassins-de-retention";1;0;1
"bateau-de-peche";1;0;1
"bretelle";1;0;1
"circulation-maritime";1;0;1
"couche-de-roulement";1;0;1
"ddt-53";1;0;1
"donges";1;0;1
"droit-d-acces";1;0;1
"echangeur";1;0;1
"ecran-acoustique";1;0;1
"equipements-de-mesure";1;0;1
"etude-des-risques-naturels";1;0;1
"gestion-de-cours-d-eau";1;0;1
"haute-mer";1;0;1
"itpc";1;0;1
"jugon-les-lacs";1;0;1
"liaison";1;0;1
"lignieres-orgeres";1;0;1
"litto-3-d";1;0;1
"littoral-maritime";1;0;1
"loi-sur-la-peche";1;0;1
"lutte-contre-le-bruit-routier";1;0;1
"mesanger";1;0;1
"mesure-pour-le-controle-de-la-circulation";1;0;1
"montoir-de-bretagne";1;0;1
"murs-antibruits";1;0;1
"occupation-du-sol-sol-sous-sol-mode-d-occupation-du-sol";1;0;1
"ouvrages-d-art";1;0;1
"paimpol";1;0;1
"parametre-meteorologique";1;0;1
"paysager";1;0;1
"peche-professionnelle";1;0;1
"pollution-sonore-de-l-environnement";1;0;1
"postes-appel-urgence";1;0;1
"prevention-des-catastrophes";1;0;1
"reglementation-des-transports";1;0;1
"riaille";1;0;1
"risque-n-zonages-risque-naturel";1;0;1
"risques-et-securite-autres";1;0;1
"rn";1;0;1
"services-et-equipements-publics-culture-et-sport";1;0;1
"site-historique";1;0;1
"sos";1;0;1
"station-comptage";1;0;1
"stations-de-surveillance";1;0;1
"stations-meteo";1;0;1
"structure-de-chaussee";1;0;1
"temps-meteo";1;0;1
"terre-plein-central";1;0;1
"trace-des-routes";1;0;1
"trafic-a-grande-vitesse";1;0;1
"trafic-commercial";1;0;1
"transport-de-matieres-dangereuses";1;0;1
"versants";1;0;1
"zone-de-peche";1;0;1
"zone-de-service";1;0;1
"1992";1;0;1
"rÃ©fÃ©rendum 1992";1;0;1
"voltage";1;0;1
"donnees-privees";1;0;1
"self data";1;0;1
"02-region-bourgogne";1;0;1
"03-franche-comte";1;0;1
"03-region-franche-comte";1;0;1
"commissions administratives";1;0;1
"geo-fla";1;0;1
"artisan paris";0;1;1
"gÃ©ospatial";0;1;1
"zone-protection-speciale";1;0;1
"zps";1;0;1
"rÃ©fÃ©rencement naturel";1;0;1
"rugby Ã  xiii";0;1;1
"sos plombier palaiseau";0;1;1
"ecig";1;0;1
"sydesl";1;0;1
"resultat bac 2015";0;1;1
"groupements Ã  fiscalitÃ© propre";1;0;1
"cph";1;0;1
"mÃ¨re-enfant";1;0;1
"personnes en difficultÃ© sociale";1;0;1
"l214-17";1;0;1
"dÃ©bits de tabac";1;0;1
"dÃ©douanement";1;0;1
"dÃ©signation-commerciale";1;0;1
"services-douaniers";1;0;1
"etpt";1;0;1
"cidre";1;0;1
"contrefaÃ§on";1;0;1
"fraude";1;0;1
"saisies";1;0;1
"saisines";1;0;1
"e-rÃ©ptuation";1;0;1
"e-rÃ©putation";1;0;1
"etude pme";1;0;1
"ficoba";1;0;1
"renseignement";1;0;1
"rÃ©putation en ligne";1;0;1
"Ã©tablissement public local";1;0;1
"Ã©tude pme";1;0;1
"reputation";1;0;1
"amelioration habitat";1;0;1
"modernisation chauffage";1;0;1
"aides-aux-jeunes";1;0;1
"ambition";1;0;1
"contribuez";1;0;1
"innovation organisationnelle";1;0;1
"pension-de-droit-direct";1;0;1
"rsa-2014";1;0;1
"stereotypes-femme-homme";1;0;1
"ambition numÃ©rique";1;0;1
"depart-a-la-retraite";1;0;1
"fin-de-carriere";1;0;1
"modes-de-vie";1;0;1
"perco";1;0;1
"prestations-de-logement";1;0;1
"prestations-familiales";1;0;1
"relation-social";1;0;1
"retraite-supplementaire";1;0;1
"diplomatie Ã©conomique";1;0;1
"fekl";1;0;1
"windows phone";0;1;1
"operation-programmee-amelioration-de-l-habitat";1;0;1
"sortir Ã  lyon";1;0;1
"producteur ginseng";1;0;1
"ginseng coree";0;1;1
"ginseng rouge";0;1;1
"categorie sociale";0;1;1
"datapackage";1;0;1
"sevrage";1;0;1
"accompagnement-scolaire";1;0;1
"carapatte";1;0;1
"amenagement-urbanisme-zonages-amenagement";1;0;1
"dependance-des-personnes-agees";1;0;1
"montant-minimum-pour-vivre";1;0;1
"perceptions";1;0;1
"subjectif";1;0;1
"seine ouest digital";0;1;1
"so digital";0;1;1
"basse-normandie";1;0;1
"donnees-generiques";1;0;1
"equipement-sportif-et-culturel";1;0;1
"erp-autres";1;0;1
"reserves-naturelles-regionales";1;0;1
"secretariat-general-pour-les-affaires-regionales";1;0;1
"zonage-amenagement";1;0;1
"zonage-nature";1;0;1
"agility";1;0;1
"c.s.a.u.";1;0;1
"ecole du chiot";1;0;1
"field trial";1;0;1
"obÃ©issance";1;0;1
"pistage franÃ§ais";1;0;1
"r.c.i.";1;0;1
"recherche utilitaire";1;0;1
"resultat bac";0;1;1
"resultat bep";0;1;1
"resultat brevet";0;1;1
"resultat bts";0;1;1
"resultat cap";0;1;1
"resultats examens";0;1;1
"enseignement prÃ©-Ã©lÃ©mentaire";1;0;1
"scolaritÃ© obligatoire";1;0;1
"socle commun";1;0;1
"qppv";1;0;1
"stage permis Ã  points";0;1;1
"boÃ®tes aux lettres";1;0;1
"zone-de-developpement-de-l-eolien";1;0;1
"wasquehal";1;0;1
"congÃ©s";1;0;1
"specifications-partagees";1;0;1
"sante-animale";1;0;1
"air-climat-meteorologie";1;0;1
"culture-sport-societe-service";1;0;1
"ddt-drome";1;0;1
"ddt-savoie";1;0;1
"equarrissage";1;0;1
"etablissement-public-a-caractere-industriel-et-commercial";1;0;1
"laiterie";1;0;1
"onf-rhone-alpes";1;0;1
"produit-laitier";1;0;1
"reseau-energie-diverse";1;0;1
"rhone-alpes-et-auvergne";1;0;1
"site-industriel-production-tar";1;0;1
"surveillance-biologique";1;0;1
"travaux-action";1;0;1
"zone-d-intervention-fonciere";1;0;1
"zones-protegees";1;0;1
"zse";1;0;1
"idbus";1;0;1
"portage";1;0;1
"atlantique-nord-north-atlantic";1;0;1
"concession-concession";1;0;1
"donnnees-ouvertes-open-source-data";1;0;1
"exploitation-exploitation";1;0;1
"extraction-extraction";1;0;1
"geologie-geology";1;0;1
"granulats-marins-marine-aggregate";1;0;1
"manche-english-channel";1;0;1
"materiaux-marins-marine-materials";1;0;1
"reglementation-regulation";1;0;1
"sites-granulats-marins-marine-aggregate-sites";1;0;1
"archeologies-patrimoines-histoires-fortifications-chateaux-maisons-fortes-forteresses-moyen-age-castellologie";1;0;1
"centre-castellologie";1;0;1
"communes-conseil-regional-epci-amenagement-du-territoire-intercommunalites";1;0;1
"conseil-regional-territoire-de-projets-amenagement-du-territoire-documents-d-urbanisme-plannification-epci";1;0;1
"conseil-regional-territoire-de-projets-amenagement-du-territoire-emploi-bassins-economie-formation";1;0;1
"pays-conseil-regional-territoire-de-projets-amenagement-du-territoire-contrat-de-pays-petr-opendata-donnees-ouvertes";1;0;1
"transports-infrastructure";1;0;1
"habitat-politique-de-la-ville-parc-logements";1;0;1
"mode faire valoir";1;0;1
"otex";1;0;1
"fÃªte";1;0;1
"fÃªte de la musique";1;0;1
"horlogerie";0;1;1
"montre";0;1;1
"pratiques cultures";1;0;1
"virginradio";1;0;1
"fete de la musique";0;1;1
"opencplusnet";1;0;1
"flux de donnÃ©es";0;1;1
"couleurs naturelles";1;0;1
"prise de vue aÃ©rienne";1;0;1
"selfie";1;0;1
"tin altimÃ©trique";1;0;1
"Ã©volution des territoires";1;0;1
"balo";1;0;1
"objet vectoriel altimÃ©trique";1;0;1
"partielles";1;0;1
"groupes politiques";1;0;1
"orales";1;0;1
"questions-Ã©crites";1;0;1
"rÃ©ponses";1;0;1
"rÃ©unions";1;0;1
"sans-dÃ©bat";1;0;1
"sÃ©ance-publique";1;0;1
"sÃ©ances-publiques";1;0;1
"assemblÃ©e-nationale";1;0;1
"cabinets";1;0;1
"organismes-professionnels";1;0;1
"reprÃ©sentants";1;0;1
"reprÃ©sentants-interets";1;0;1
"rÃ©partition";1;0;1
"rÃ©serve";1;0;1
"site-industriel-production-site-industriel";1;0;1
"transports-infrastructure-circulation-douce";1;0;1
"polarisation";1;0;1
"hebergements-social";1;0;1
"personnes-sans-logement";1;0;1
"perte-de-logement";1;0;1
"balise-aeronautique";1;0;1
"bois-et-forets";1;0;1
"canalisation-d-eau-et-d-assainissement";1;0;1
"canalisation-d-hydrocarbure";1;0;1
"canalisation-de-gaz";1;0;1
"montee-des-eaux";1;0;1
"obstacle-aeronautique";1;0;1
"perturbations-electromagnetiques";1;0;1
"prevention-risque-naturel";1;0;1
"produit-chimique";1;0;1
"stockage-de-gaz-ou-produit-chimique";1;0;1
"tourbiere";1;0;1
"zone-inondable-potentielle";1;0;1
"a-1";1;0;1
"a-5";1;0;1
"ac-3";1;0;1
"amers-phares-et-semaphores";1;0;1
"amers-phares-et-semaphores-generateurs";1;0;1
"bois-et-forets-soumis-au-regime-forestier";1;0;1
"conchylicole";1;0;1
"cours-d-eau-non-domaniaux";1;0;1
"el-3";1;0;1
"el-8";1;0;1
"halage-et-marchepied";1;0;1
"i-1-bis";1;0;1
"i-3";1;0;1
"laisse-de-crue";1;0;1
"nature-paysage-biodiversite-n-zonages-nature";1;0;1
"ouvrage-de-retenue-d-eau";1;0;1
"perimetre-du-pp-rm-de-montdidier";1;0;1
"pp-ri-de-la-vallee-de-la-somme-et-de-ses-affluents";1;0;1
"pp-rm";1;0;1
"pp-rm-arrondissement-montdidier";1;0;1
"pp-rm-de-montdidier";1;0;1
"pp-rm-montdidier";1;0;1
"pp-rt";1;0;1
"pp-rt-amiens-nord";1;0;1
"pp-rt-de-la-zone-industrielle-d-amiens-nord";1;0;1
"prevention-risques-installations-classees-et-ppr-technologiques";1;0;1
"procedure-d-urbanisme";1;0;1
"pvnm";1;0;1
"receptions-radioelectriques";1;0;1
"rejet-pluvial";1;0;1
"risque-d-inondation";1;0;1
"rus-etiers";1;0;1
"sites-inscrits-et-classes";1;0;1
"zonage-assainissement";1;0;1
"zonage-des-espaces-urbains";1;0;1
"hebergement-social";1;0;1
"tarification-a-l-activite";1;0;1
"troupeaux";1;0;1
"foulayronnes";1;0;1
"le-mas-d-agenais";1;0;1
"moncrabeau";1;0;1
"penne-d-agenais";1;0;1
"puch-d-agenais";1;0;1
"sainte-colombe-en-bruilhois";1;0;1
"thouars-sur-garonne";1;0;1
"tremons";1;0;1
"trentels";1;0;1
"experts";0;1;1
"bande-littorale";1;0;1
"coupure-d-urbanisation";1;0;1
"espaces-littoraux";1;0;1
"espaces-remarquables";1;0;1
"a-2";1;0;1
"approuve";1;0;1
"ardizas";1;0;1
"aubiet";1;0;1
"aurimont";1;0;1
"beaumarches";1;0;1
"belmont";1;0;1
"bercelonne-du-gers";1;0;1
"bezues-bajon";1;0;1
"blanquefort";1;0;1
"caillavet";1;0;1
"canalisations-souterraines";1;0;1
"castelnau-barbarens";1;0;1
"castera-verduzan";1;0;1
"castillon-saves";1;0;1
"classement-bruit";1;0;1
"comparateur mtuelle";1;0;1
"contrat-riviere";1;0;1
"dpu";1;0;1
"el-11";1;0;1
"giscaro";1;0;1
"habitat-politique-de-la-ville-habitat-indigne";1;0;1
"homps";1;0;1
"isle-de-noe";1;0;1
"juilles";1;0;1
"l-isle-jourdain";1;0;1
"mansempuy";1;0;1
"montestruc-sur-gers";1;0;1
"p-sic";1;0;1
"p-zps";1;0;1
"plaisance-du-gers";1;0;1
"precription";1;0;1
"prescrit";1;0;1
"reseau-energie-divers-telecommunication";1;0;1
"tours-aerorefrigerantes";1;0;1
"zones-d-activites";1;0;1
"zones-d-activites-economiques";1;0;1
"silos verre";0;1;1
"agriculture-sante-animale";1;0;1
"cartes-de-bruit-strategiques";1;0;1
"commune-concernee-par-le-pprn-ne-pas-oublier-l-emprise-et-la-table-associee-exemple-n-zone-alea-pprn-19970002-s-040";1;0;1
"cours-d-eau-conditionnalite";1;0;1
"cous-d-eau";1;0;1
"marchepied";1;0;1
"mesures-agro-environnementales";1;0;1
"n-politique";1;0;1
"protection-du-patrimoine-architectural-et-urbain";1;0;1
"reserves-naturelles";1;0;1
"isophone";1;0;1
"agglomeration-de-clermont-ferrand";1;0;1
"communautes-d-agglomerations";1;0;1
"gorges-et-sources-du-haut-allier";1;0;1
"li-dar";1;0;1
"livradois-forez";1;0;1
"massif-central";1;0;1
"volcans-d-auvergne";1;0;1
"occupation-sol-agriculture-environnement-urbanisme-donnees-ouvertes";1;0;1
"netlinking";1;0;1
"marches publics";1;0;1
"92170";1;0;1
"diplomation";1;0;1
"rÃ©ussite";1;0;1
"open food facts";0;1;1
"carte igloo";1;0;1
"mairies annexes";1;0;1
"maisons de quartiers";1;0;1
"nombre de carte igloo";1;0;1
"saison 2013 2014";1;0;1
"calendrier vaccinal";1;0;1
"capture";1;0;1
"vaccination obligatoire";1;0;1
"approvisionnement-en-eau-potable";1;0;1
"bassins-d-orage";1;0;1
"captage-d-eau";1;0;1
"captage-d-eau-potable";1;0;1
"centrale-de-chauffage-alimentee-par-des-dechets";1;0;1
"chateau-d-eau";1;0;1
"cs";1;0;1
"ordonnance-des-biotopes";1;0;1
"points-d-eau";1;0;1
"reseau-d-adduction-d-eau-potable";1;0;1
"reservoir-d-eau";1;0;1
"station-de-potabilisation-de-l-eau";1;0;1
"traitement-de-l-eau-potable";1;0;1
"zone-d-amenagement-differe";1;0;1
"centre hospitalier universitaire de poitiers";1;0;1
"clinique du fief de grimoire";1;0;1
"eaux-usees-issues-d-un-reseau-d-assainissement-unitaire";1;0;1
"formalitÃ©s administratives";1;0;1
"garÃ§on";1;0;1
"identitÃ©";1;0;1
"mairie de quartier";1;0;1
"mairies de quartier";1;0;1
"reseau-d-eaux-usees";1;0;1
"acte de dÃ©cÃ¨s";1;0;1
"avantages en natures";1;0;1
"bans";1;0;1
"cÃ©lÃ©bration";1;0;1
"dossier de mariage";1;0;1
"dÃ©cÃ¨s domiciliÃ©s";1;0;1
"dÃ©funt";1;0;1
"dÃ©funtes";1;0;1
"enfants sans vie";1;0;1
"pacte civil de solidaritÃ©";1;0;1
"Ã©pouse";1;0;1
"Ã©poux";1;0;1
"legal data";1;0;1
"open personal data";1;0;1
"dtv";1;0;1
"modulauto-location-voiture-parking";1;0;1
"montpellier-mediterranee-metropole-epci-montpellier-limites-administratives";1;0;1
"tc";1;0;1
"tramway-tram-arrets-transports-en-commun-tc-lignes";1;0;1
"cale-de-mise-a-l-eau";1;0;1
"cdif";1;0;1
"conduite-d-alimentation";1;0;1
"etang-d-alimentation";1;0;1
"gizc";1;0;1
"mobilite-transport-organisation-et-planification";1;0;1
"mobilite-transport-transport-aerien";1;0;1
"plans-locaux-urbanisme";1;0;1
"ponton-d-attente";1;0;1
"rigole-d-alimentation";1;0;1
"services-et-equipements-publics-administrations";1;0;1
"temperature-de-l-air";1;0;1
"collectivitÃ©s locales";0;1;1
"aires-d-accueil";1;0;1
"amenagements-de-rivieres";1;0;1
"competences-aep";1;0;1
"conditionnalite";1;0;1
"consommation-d-espace";1;0;1
"ddt-15";1;0;1
"directive-ce-relative-a-la-protection-de-l-eau";1;0;1
"eau-a-usage-agricole";1;0;1
"eau-substance";1;0;1
"eau-usee-domestique";1;0;1
"equipement-de-lutte-contre-la-pollution";1;0;1
"espece-migratrice";1;0;1
"gestion-de-la-quantite-d-eau";1;0;1
"lutte-contre-la-secheresse";1;0;1
"mats-eoliens";1;0;1
"parcs-eoliens";1;0;1
"petites-regions-agricoles";1;0;1
"plans-d-exposition-aux-bruits";1;0;1
"plans-de-prevention-des-risques-d-inondations";1;0;1
"plans-particuliers-d-intervention";1;0;1
"pollution-de-l-eau";1;0;1
"reduction-de-la-pollution";1;0;1
"rejet-d-eaux-usees";1;0;1
"schemas-de-coherence-territoriale";1;0;1
"stoe";1;0;1
"substance-chimique";1;0;1
"zone-de-captage-d-eau-potable";1;0;1
"zones-agricoles-defavorisees";1;0;1
"carte-a-nuit";1;0;1
"carte-de-bruit-strategique";1;0;1
"tchat de voyance";1;0;1
"type-b";1;0;1
"voyance en ligne";1;0;1
"voyance en ligne gratuite";1;0;1
"voyance internet";1;0;1
"voyance par chat";1;0;1
"economie-generale";1;0;1
"mediatheques-culture-bibliotheques-reseau-livres";1;0;1
"montpellier-mediterranee-metropole-cantons-epci-montpellier-limites-administratives";1;0;1
"appellation-d-origine-protegee";1;0;1
"bleu-d-auvergne";1;0;1
"fourme-d-ambert";1;0;1
"coupe-du-monde-2014";1;0;1
"places-handicapes";1;0;1
"voies-de-communication";1;0;1
"zone-d-activite-economique";1;0;1
"revenu-disponible-des-mÃ©nages";1;0;1
"aep-alimentation-en-eau-potable";1;0;1
"aep-alimentation-en-eaux-potables";1;0;1
"apb-aire-de-protection-de-biotope";1;0;1
"bac-bassin-d-alimentation-de-captage";1;0;1
"ccom-carte-communale";1;0;1
"plan-local-d-urbanisme-plu-pos";1;0;1
"sitcat-syndicat-intercommunal-des-transports-en-commun-de-l-aglomeration-tourangelle";1;0;1
"termite";1;0;1
"inÃ©galitÃ©s spatiales";1;0;1
"sÃ©grÃ©gation";1;0;1
"mission thd";1;0;1
"communications Ã©lectroniques";1;0;1
"rÃ©seaux fixes";1;0;1
"rÃ©seaux mobiles";1;0;1
"Ã©ligibilitÃ©";0;1;1
"location-foret";1;0;1
"perimetre-pays";1;0;1
"zone-agricole-defavorisee";1;0;1
"zone-inondee";1;0;1
"territoire-protege";1;0;1
"fosse-jure";1;0;1
"int";1;0;1
"zonage-emploi";1;0;1
"agence-d-urbanisme";1;0;1
"agence-nationale-de-l-habitat";1;0;1
"article-302-5-du-cch";1;0;1
"autorite-regionale";1;0;1
"bassins-versant";1;0;1
"bv";1;0;1
"cas-par-cas";1;0;1
"champ-d-epandage";1;0;1
"commune-littorale";1;0;1
"constructions-neuves";1;0;1
"contrats-urbains-de-cohesion-sociale";1;0;1
"delegataires-de-competence";1;0;1
"densite-de-l-habitat";1;0;1
"ecosysteme-de-zone-humide";1;0;1
"eloien";1;0;1
"etude-d-impact-sur-l-environnement";1;0;1
"exposition-aux-risques";1;0;1
"filocom";1;0;1
"frequence-de-crue";1;0;1
"gp-5";1;0;1
"grand-projet-5";1;0;1
"indice-composite";1;0;1
"industrie-chimique";1;0;1
"instrument-de-gestion-de-l-environnement";1;0;1
"intermodaux";1;0;1
"ippc";1;0;1
"lls";1;0;1
"locaux-activite";1;0;1
"locaux-d-activite";1;0;1
"logement-abordable";1;0;1
"logements-locatifs-sociaux";1;0;1
"logements-neufs";1;0;1
"nh-3";1;0;1
"offre-de-logement";1;0;1
"plai";1;0;1
"pls";1;0;1
"plus";1;0;1
"pret-locatif-a-usage-social";1;0;1
"pret-locatif-aide-d-integration";1;0;1
"pret-locatif-social";1;0;1
"pret-social-location-accession";1;0;1
"prevision-des-crues";1;0;1
"primere";1;0;1
"programme-immobilier";1;0;1
"programmes-d-interet-general";1;0;1
"protection-de-la-faune-sauvage";1;0;1
"psla";1;0;1
"quartiers-prioritaires-de-la-politique-de-la-ville";1;0;1
"reduction-des-risques";1;0;1
"reseau-hydrometrique";1;0;1
"reserve-de-chasse";1;0;1
"risques-majeurs";1;0;1
"schema-d-urbanisation";1;0;1
"silo";1;0;1
"silos";1;0;1
"sites-intermodaux";1;0;1
"station-de-reference-de-surveillance";1;0;1
"tour-aero-refrigeree";1;0;1
"trafic-ferroviaire";1;0;1
"zes";1;0;1
"zone-action-complementaire";1;0;1
"zone-action-renforcee";1;0;1
"zone-de-chasse-controlee";1;0;1
"aide Ã  la reconversion";1;0;1
"reconversion professionnnelle";1;0;1
"grandes-rÃ©gions";0;1;1
"batiment-agricole";1;0;1
"sie";1;0;1
"loi 1901";1;0;1
"chrysomele";1;0;1
"maÃ¯s";1;0;1
"operation-programmee-d-amelioration-de-l-habitat";1;0;1
"zone-de-lutte";1;0;1
"zone-naturelle-d-interet-ecologique-faunistique-et-floristique";1;0;1
"binaires";0;1;1
"broker";0;1;1
"options";0;1;1
"rÃ©gulation";0;1;1
"lignes terrestres";1;0;1
"gÃ¢vres";1;0;1
"liaisons maritimes";1;0;1
"locmiquÃ©lic";1;0;1
"traversÃ©es";1;0;1
"allotissement";0;1;1
"cotraitance";1;0;1
"champagne-ardenne";0;1;1
"flandre";0;1;1
"grande guerre";0;1;1
"hachette";0;1;1
"premiÃ¨re guerre mondiale";0;1;1
"routard";0;1;1
"appb";1;0;1
"arretes-prefectoraux-de-protection-de-biotope";1;0;1
"directive-habitat";1;0;1
"directive-oiseaux";1;0;1
"do";1;0;1
"hyrdrographie";1;0;1
"plagepomi";1;0;1
"pnp";1;0;1
"rnn";1;0;1
"schema-amenagement";1;0;1
"uhr";1;0;1
"zico";1;0;1
"zone-action-prioritaire";1;0;1
"zone-humide-d-importance-internationale-ramsar";1;0;1
"zone-humide-ramsar";1;0;1
"zones-de-protection";1;0;1
"zones-de-protection-speciale";1;0;1
"couverture mobile";0;1;1
"rÃ©seau mobile";0;1;1
"ile de france";0;1;1
"stations autolib";0;1;1
"chenil";1;0;1
"gardiennage";1;0;1
"caen la mer";1;0;1
"conformitÃ©";0;1;1
"convention collective";0;1;1
"rengo";0;1;1
"donnÃ©es Ã©conomiques dila";0;1;1
"hospidiag";1;0;1
"code-environnement";1;0;1
"agence-nationale-renovation-urbaine";1;0;1
"agglomeration-multicommunale";1;0;1
"espace-urbain";1;0;1
"groupement-interet-cynegenique";1;0;1
"ilots-pac";1;0;1
"lieutenant-de-louveterie";1;0;1
"terrain-accueil";1;0;1
"qualite-cours-d-eau";1;0;1
"schema-d-amenagement-et-de-gestion-des-eaux";1;0;1
"terrain-boise";1;0;1
"categorie-piscicole";1;0;1
"agriculture-homogene";1;0;1
"aire-de-protection";1;0;1
"canalisation-d-ecoulement";1;0;1
"centre-de-reception-radioelectrique";1;0;1
"eaux-nuisibles";1;0;1
"espace-naturel-protege";1;0;1
"loi-9-janvier-1985";1;0;1
"perimetre-de-protection";1;0;1
"perturbation-electromagnetique";1;0;1
"plan-prevention-des-risques";1;0;1
"protection-canalisation-hydrocarbure";1;0;1
"reception-radio-electrique";1;0;1
"servitude-a1";1;0;1
"servitude-a2";1;0;1
"servitude-a5";1;0;1
"servitude-a6";1;0;1
"servitude-ar3";1;0;1
"servitude-ar6";1;0;1
"servitude-i1";1;0;1
"servitude-pm1";1;0;1
"servitude-pm2";1;0;1
"servitude-pt1";1;0;1
"servitude-pt2";1;0;1
"servitude-pt3";1;0;1
"servitude-t4";1;0;1
"servitude-t5";1;0;1
"servitude-t7";1;0;1
"alignement-voie-publique";1;0;1
"canaux-irrigation";1;0;1
"interdiction-d-acces";1;0;1
"piste-de-ski";1;0;1
"servitude-a3";1;0;1
"servitude-a4";1;0;1
"servitude-a7";1;0;1
"servitude-ac1";1;0;1
"servitude-ac2";1;0;1
"servitude-ac3";1;0;1
"servitude-ac4";1;0;1
"servitude-as1";1;0;1
"servitude-el11";1;0;1
"servitude-el2";1;0;1
"servitude-el3";1;0;1
"servitude-el4";1;0;1
"servitude-el5";1;0;1
"servitude-el7";1;0;1
"servitude-i3";1;0;1
"servitude-i4";1;0;1
"servitude-i6";1;0;1
"servitude-int1";1;0;1
"servitude-int2";1;0;1
"servitude-pm3";1;0;1
"servitude-t1";1;0;1
"visibilite-voie-publique";1;0;1
"accident de la route";0;1;1
"zones-30";1;0;1
"auditorium";1;0;1
"plugin";0;1;1
"musÃ©es musÃ©e";0;1;1
"highcharts";0;1;1
"mensualisation";0;1;1
"raw";0;1;1
"Ã©lections sÃ©natoriales";1;0;1
"compÃ©tition";1;0;1
"facilitation";1;0;1
"humiditÃ© du sol";1;0;1
"intÃ©raction biotique";1;0;1
"suivi des arbres";1;0;1
"survie des arbres";1;0;1
"natalitÃ©";1;0;1
"cereale";1;0;1
"donnÃ©es mises Ã  disposition par filiÃ¨res en pas demie heure";1;0;1
"donnÃ©es mises Ã  disposition par filiÃ¨res en pas demi-horaire";1;0;1
"plantes invasives";1;0;1
"renouÃ©e";1;0;1
"inca";1;0;1
"systÃ¨me-Ã©lectrique";1;0;1
"transport-Ã©lectricitÃ©";1;0;1
"Ã©olien";1;0;1
"gene-sonore";1;0;1
"gestion-des-risques";1;0;1
"logement-indigne";1;0;1
"quartier-anciens";1;0;1
"spc";1;0;1
"zone-tampon";1;0;1
"argoeurvre";1;0;1
"behencourt";1;0;1
"buigny-saint-maclou";1;0;1
"chaulnes-et-bray-sur-somme";1;0;1
"dommartin";1;0;1
"eaucourt-sur-somme";1;0;1
"embreville";1;0;1
"fossemanant";1;0;1
"fouencamps";1;0;1
"francieres";1;0;1
"mailly-maillet";1;0;1
"miannay";1;0;1
"perimetre-du-pprm-de-montdidier";1;0;1
"plan-de-prevention-des-risques-ppri-des-cantons-de-chaulnes-et-bray-sur-somme";1;0;1
"plan-de-prevention-des-risques-pprn-de-montdidier";1;0;1
"pprm-arrondissement-montdidier";1;0;1
"prevention-de-la-pollution-de-l-eau";1;0;1
"psic";1;0;1
"pzps";1;0;1
"reglementation-et-gestion-reglementation-des-usages-parcelle-ou-concession-regulation-and-management-usage-regulations-p";1;0;1
"saint-sauflieu";1;0;1
"cipan";1;0;1
"secteur hospitalier";1;0;1
"transports urbains";1;0;1
"voyance gratuite amour immÃ©diate";1;0;1
"appstore";0;1;1
"appui vÃ©lo";0;1;1
"prevision de crue";1;0;1
"prevision de crue hydrologie vigilance crue troncon hydrographique thematique";1;0;1
"troncon hydrographique thematique";1;0;1
"atelier-demballage";1;0;1
"equidxs";1;0;1
"etablissements-agrxxs";1;0;1
"etablissements-agrxxs-ce";1;0;1
"etablissements-dxrogatoires";1;0;1
"installations-enregistrxes";1;0;1
"laboratoires-agrxxs";1;0;1
"laboratoires-de-ra-c-fa-c-rence";1;0;1
"lait-traita-c";1;0;1
"nxgociants-agrxxs";1;0;1
"ongulxs-domestiques";1;0;1
"os-verta-c-bral";1;0;1
"pache";1;0;1
"produit-de-la-pxche";1;0;1
"produits-de-la-pache";1;0;1
"produits-transforma-c-s";1;0;1
"prxparation-de-viandes";1;0;1
"pxche";1;0;1
"santx-et-protection-des-animaux";1;0;1
"viandes-hachxes";1;0;1
"ouvrages-lies-a-l-eau-obstacles-a-l-ecoulement-stations-depuration";1;0;1
"pprt-amiens-nord";1;0;1
"usages-et-pressions-prelevements-rejets-activites-ayant-un-impact-sur-l-eau";1;0;1
"pays-et-petr";1;0;1
"bohars";1;0;1
"gouesnou";1;0;1
"guilers";1;0;1
"guipavas";1;0;1
"kerhuon";1;0;1
"kÃ©olis";1;0;1
"le relecq-kerhuon";1;0;1
"plougastel";1;0;1
"plougastel-daoulas";1;0;1
"plouzanÃ©";1;0;1
"relecq";1;0;1
"temps rÃ©el";1;0;1
"web semantique";1;0;1
"directive-habitats";1;0;1
"znieff-1";1;0;1
"pillkit";0;1;1
"pilulier";0;1;1
"runware";0;1;1
"viz";0;1;1
"liste-1";1;0;1
"liste-2";1;0;1
"belavista";1;0;1
"credit entre particulier";1;0;1
"pret entre particulier";1;0;1
"crÃ©dit de particulier a particulier";1;0;1
"crÃ©dit entre particuliers";1;0;1
"pret entre particuliers";1;0;1
"hydrologie urbaine";1;0;1
"rachat de crÃ©dit";1;0;1
"rachat de pret";1;0;1
"bras mort";1;0;1
"lÃ´ne";1;0;1
"micropolluant organique";1;0;1
"rÃ©fÃ©rendum 2005";1;0;1
"prairie subalpine";1;0;1
"vÃ©ratre";1;0;1
"crue soudaine";1;0;1
"hydromÃ©trie";1;0;1
"embÃ¢cle";1;0;1
"faune aquatique";1;0;1
"gÃ©omorphologie";1;0;1
"gig gic";1;0;1
"handicapÃ©s";1;0;1
"solde commercial";1;0;1
"mÃ©tÃ©orologie";1;0;1
"participation sociale";1;0;1
"scenario rcp";1;0;1
"perspectives financiÃ¨res";1;0;1
"Ã©quitÃ©";1;0;1
"Coupures";1;0;1
"Demi-heure";1;0;1
"Eolien";1;0;1
"Fourniture";1;0;1
"Historique";1;0;1
"Injection";1;0;1
"Producteur";1;0;1
"Production photovoltaÃ¯que";1;0;1
"Puissance installÃ©e";1;0;1
"QualitÃ©";1;0;1
"Refoulement";1;0;1
"SchÃ©ma ";1;0;1
"ab";1;0;1
"arrive";1;0;1
"arrives";1;0;1
"bas-revenus";1;0;1
"configuration-familiale";1;0;1
"coproduction";1;0;1
"effort-logement";1;0;1
"enafnt";1;0;1
"fait";1;0;1
"prepare";1;0;1
"prestation-unique";1;0;1
"prestations-caf";1;0;1
"rÃ©seau de distribution";1;0;1
"socle";1;0;1
"taux-effort";1;0;1
"verse";1;0;1
"Ã©cologie";0;1;1
"schÃ©ma";1;0;1
"cour de cassation";0;1;1
"diplÃ´mÃ©s";1;0;1
"fomations sociales";1;0;1
"budget supplÃ©mentaire";1;0;1
"chambley";1;0;1
"defibrillateur-sante-urgence-montpellier";1;0;1
"ontologies";0;1;1
"ontology";0;1;1
"anil";1;0;1
"cimap";1;0;1
"a-7";1;0;1
"aire-d-alimentation-de-captage";1;0;1
"plan-submersions-rapides";1;0;1
"psr";1;0;1
"risques-inondation";1;0;1
"servitude-a-5";1;0;1
"servitude-int-1";1;0;1
"decoupage-cantonal";1;0;1
"communaute-de-commune";1;0;1
"etude-locale";1;0;1
"eurodistrict";1;0;1
"gare-ter";1;0;1
"lycee-technique";1;0;1
"reseau-ter";1;0;1
"zone-d-environnement-protege";1;0;1
"judex";1;0;1
"stic";1;0;1
"taj";1;0;1
"tissÃ©o";0;1;1
"circuits courts";0;1;1
"vie locale";0;1;1
"mandataires judiciaires";1;0;1
"registre du commerce";1;0;1
"rgs";1;0;1
"biometrique";0;1;1
"difficulte-de-recrutement";1;0;1
"intention-d-embauche";1;0;1
"projet-de-recrutement";1;0;1
"projet-saisonnier";1;0;1
"Ã©missions co2";1;0;1
"ddt-23";1;0;1
"nuisance-electromagnetique";1;0;1
"sdis-87";1;0;1
"site-d-emission";1;0;1
"apur";1;0;1
"societe_du_grand_paris";1;0;1
"chiffre d'affaires";1;0;1
"chiffres clÃ©s";1;0;1
"comptes annuels";1;0;1
"comptes sociaux";1;0;1
"formalitÃ©s";1;0;1
"liquidation judiciaire";1;0;1
"redressement judiciaire";1;0;1
"rÃ©sultat d'exercice";1;0;1
"cplt";1;0;1
"Ã©cole de commerce";0;1;1
"budget 2016";1;0;1
"wiki";0;1;1
"dÃ©fiscalisation";1;0;1
"auto-Ã©cole";1;0;1
"bassins versants";1;0;1
"aide dÃ©partementale";1;0;1
"classÃ©s";1;0;1
"dÃ©frichement";1;0;1
"devis rÃ©novation";0;1;1
"mannequinnat";0;1;1
"poles emploi";0;1;1
"prix construction";0;1;1
"acs";1;0;1
"omc";1;0;1
"tisa";1;0;1
"budget transports";1;0;1
"aÃ©ronautique";1;0;1
"non domanial";1;0;1
"rÃ©ception";1;0;1
"Ã©lectromagnetique";1;0;1
"Ã©mission";1;0;1
"voyance immediate";1;0;1
"voyance sans attente";1;0;1
"sÃ©curitÃ©-intÃ©rieure";1;0;1
"zsp";1;0;1
"service postal";1;0;1
"magasins de producteurs";0;1;1
"eau minÃ©rale";1;0;1
"eau potable";1;0;1
"marchÃ©s de producteurs";0;1;1
"calendrier 2016";0;1;1
"calendrier scolaire 2016";0;1;1
"vacances scolaires 2016";0;1;1
"mh";1;0;1
"accident vasculaire cÃ©rÃ©bral";1;0;1
"avc";1;0;1
"Ã©preuves";1;0;1
"eau-n-assainissement";1;0;1
"votreenergiepourlafrance";1;0;1
"lieux culturels";0;1;1
"fuel";1;0;1
"Ã©missions de co2";1;0;1
"gale";1;0;1
"rÃ©alisÃ©";1;0;1
"belvÃ©dÃ¨res";1;0;1
"imagerie satellitaire";1;0;1
"planification familiale";1;0;1
"audÃ©lor";0;1;1
"batobus";0;1;1
"lorient agglo";0;1;1
"dÃ©couverte";0;1;1
"dÃ©mocratisation";0;1;1
"anciens combattants";1;0;1
"actu";1;0;1
"pharmacies de garde";1;0;1
"relations international";1;0;1
"secteurs de vote";1;0;1
"sÃ©minaire";1;0;1
"modÃ¨le numÃ©rqiue de terrain";1;0;1
"datafrance";0;1;1
"Billetique";1;0;1
"DÃ©positaire";1;0;1
"Sanisettes";1;0;1
"Toilettes publiques";1;0;1
"Trafic";1;0;1
"Wc";1;0;1
"Abonnement";1;0;1
"Audits";1;0;1
"CO2";1;0;1
"Code UIC";1;0;1
"Comptes de rÃ©sultats";1;0;1
"Conditions de travail";1;0;1
"Couleur";1;0;1
"Courriers";1;0;1
"DÃ©veloppement durable";1;0;1
"Effectifs";1;0;1
"Emploi";1;0;1
"Etablissements ferroviaires";1;0;1
"EvÃ¨nement de sÃ©curitÃ© remarquable";1;0;1
"Finance";1;0;1
"Incidents";1;0;1
"Infrastructures";1;0;1
"Institutionnel";1;0;1
"IntercitÃ©s";1;0;1
"Loisirs";1;0;1
"Lorraine";1;0;1
"Objets trouvÃ©s";1;0;1
"Pays de la Loire";1;0;1
"Point d'arrÃªt";1;0;1
"RÃ©munÃ©rations";1;0;1
"Service";1;0;1
"Service en gare";1;0;1
"Signalisation";1;0;1
"Suicides";1;0;1
"Tarification";1;0;1
"Transparence";1;0;1
"Union europÃ©enne";1;0;1
"informations institutionnelles";1;0;1
"informations institutionnelles et financiÃ¨res";1;0;1
"absolom";0;1;1
"quiditmiam";0;1;1
"gens voyage";1;0;1
"zone humide";1;0;1
"epurees";1;0;1
"gdv";1;0;1
"arts martiaux";0;1;1
"judo";0;1;1
"karatÃ©";0;1;1
"protection sociale";1;0;1
"accÃ¨s au numÃ©rique";0;1;1
"dÃ©placements domicile-travail";0;1;1
"tÃ©lÃ©travail";0;1;1
"fiabilite";1;0;1
"milieu-physique-bathymetrie-hydromorphologie";1;0;1
"milieu-physique-geologie-sedimentologie-geomorphologie";1;0;1
"milieu-physique-geologie-sedimentologie-travaux";1;0;1
"risques chimiques";1;0;1
"risques professionnels";1;0;1
"indoor";0;1;1
"intÃ©rieur";0;1;1
"openlevelup";0;1;1
"routing";0;1;1
"moyens matÃ©riels";1;0;1
"hda";1;0;1
"opÃ©ra";1;0;1
"eurl";1;0;1
"communs numÃ©riques";0;1;1
"impact dÃ©mocratique";0;1;1
"open innovation";0;1;1
"agroscience";1;0;1
"dow";1;0;1
"drusenheim";1;0;1
"herrlisheim";1;0;1
"neubourg";1;0;1
"oberhoffen";1;0;1
"petrochamicals";1;0;1
"approuvÃ©s";1;0;1
"bugatti";1;0;1
"butagaz";1;0;1
"dorlisheim";1;0;1
"dowty";1;0;1
"haas";1;0;1
"lanxess";1;0;1
"lauterbourg";1;0;1
"messier";1;0;1
"molsheim";1;0;1
"rohm";1;0;1
"wagram";1;0;1
"wantzenau";1;0;1
"Ã©tablissements de soin";0;1;1
"sÃ©mantique";0;1;1
"franche-comtÃ©";1;0;1
"carte-des-formations";1;0;1
"eesr";0;1;1
"fab-lab";1;0;1
"laboratoire-de-fabrication";1;0;1
"constantes";1;0;1
"decimales";1;0;1
"nombre irrationnel";1;0;1
"compÃ©tences";0;1;1
"cÃ©libataires";1;0;1
"community";0;1;1
"connected";0;1;1
"events";0;1;1
"nearby";0;1;1
"nirby";0;1;1
"social network";0;1;1
"surroundings";0;1;1
"panneaux publicitaires";0;1;1
"panneaux publicitaires scellÃ©s au sol";0;1;1
"projet de dÃ©cret";0;1;1
"publicitÃ©";0;1;1
"publicitÃ© extÃ©rieure";0;1;1
"paysage-urbain";1;0;1
"zone-de-montagne";1;0;1
"zone-de-protection-du-paysage";1;0;1
"concours bce";0;1;1
"concours post-prÃ©pa";0;1;1
"formation-scolaire";1;0;1
"bts muc";0;1;1
"elacticsearch";0;1;1
"e-democratie";0;1;1
"agglomÃ©ration";1;0;1
"modÃ©lisation";1;0;1
"collectivitÃ©";0;1;1
"incity";0;1;1
"signaler";0;1;1
"carto 3d";0;1;1
"experience utilisateur";0;1;1
"smart car";0;1;1
"voiture connectÃ©e";0;1;1
"french-town";1;0;1
"cartographie 3d";0;1;1
"smart city";0;1;1
"rÃ©publique numÃ©rique";1;0;1
"services-gÃ©olocalisÃ©s";0;1;1
"services-personnalisÃ©s";0;1;1
"algue-fucale-laminariale-gigartinale-rebent";1;0;1
"bretagne-glenan";1;0;1
"anse-de-benodet";1;0;1
"anse-de-lesconil";1;0;1
"baie-de-l-arguenon";1;0;1
"baie-de-la-foret";1;0;1
"baie-de-la-fresnaye";1;0;1
"baie-de-lancieux";1;0;1
"baie-de-saint-briac";1;0;1
"baie-de-saint-brieuc";1;0;1
"beg-meil";1;0;1
"bretagne-groix";1;0;1
"cap-frehel";1;0;1
"cote-landaise";1;0;1
"eau-littoral-baignade-qualite-sante-ministere-controlewaters-coast-bathing-quality-health-ministry-control";1;0;1
"embouchure-du-jaudy";1;0;1
"estuaire-de-la-rance";1;0;1
"glenan";1;0;1
"habitat-peuplement-benthos-biocenose-carte-rebent";1;0;1
"habitat-peuplement-benthos-carte-rebent";1;0;1
"habitats-benthos-typologie-natura-2000-cartographie-rebent";1;0;1
"ile-d-er";1;0;1
"le-guilvinec";1;0;1
"les-abers-bretagne";1;0;1
"loctudy";1;0;1
"manche-orientale";1;0;1
"mer-du-nord-france";1;0;1
"plougrescant";1;0;1
"pointe-de-mousterlin";1;0;1
"pointe-de-penmarc-h";1;0;1
"pointe-du-meinga";1;0;1
"pouldohan";1;0;1
"reglementation-et-gestion-reglementation-des-usages-activites-recreatives-zones-de-baignade";1;0;1
"riviere-elorn-rade-de-brest-finistere-bretagne";1;0;1
"rotheneuf";1;0;1
"sante-et-securite-des-personnes-human-health-and-safety";1;0;1
"substrat";1;0;1
"tregunc";1;0;1
"trevignon";1;0;1
"zone-subtidale";1;0;1
"zostera-marina";1;0;1
"zostera-noltii";1;0;1
"bretagne-manche-guisseny-kerlouan-brignogan-kernic-kerficien-kerfiat-santec-ile-de-siec";1;0;1
"bretagne-manche-occidentale-roscoff";1;0;1
"courantologie";1;0;1
"domaine-benthique";1;0;1
"etel";1;0;1
"fouesnant";1;0;1
"france-bretagne-finistere-pays-de-morlaix-morlaix-baie-de-morlaix-france-brittany-finistere-morlaix-morlaix-bay";1;0;1
"habitat-intertidal-typologie-natura-2000-cartographie-cahier-d-habitats-estran-habitat-intertidal-typology-natura-2000-c";1;0;1
"habitathabitat";1;0;1
"habitats-et-biotopes-habitats-and-biotopes";1;0;1
"laita";1;0;1
"laminaire-himanthalia-fucus-zostere-pelvetia-lichina-ulve-rebent-sinp";1;0;1
"les-abers-aber-benoit-aber-wrac-h-presqu-ile-sainte-marguerite-bretagne";1;0;1
"milieu-biologique-habitats-remarquables-zones-humides-littorales-schorres";1;0;1
"milieu-physique-hydrodynamique-courants";1;0;1
"milieu-physique-hydrodynamique-houle";1;0;1
"mousterlin";1;0;1
"pertuis-charentais";1;0;1
"plogoff";1;0;1
"vegetation-algue-laminariale-rebent-sinp";1;0;1
"serrurier pas cher paris";0;1;1
"sos serrurier paris";0;1;1
"domain name";1;0;1
"nom de domaine";1;0;1
"noms de domaine";1;0;1
"appel Ã  projets";1;0;1
"projets artistique";1;0;1
"gis";0;1;1
"citizen science";0;1;1
"itcounts";0;1;1
"multivariate analysis";0;1;1
"charcutier";1;0;1
"banque mondiale";0;1;1
"bri";0;1;1
"macroÃ©conomie";0;1;1
"carte administrative";0;1;1
"dÃ©partementales2015";0;1;1
"lhaylesroses";0;1;1
"quadrature-du-net";0;1;1
"insturments de recherche";1;0;1
"contrÃ´le scientifique et technique";1;0;1
"cafÃ©tÃ©ria";1;0;1
"les horaires";1;0;1
"retaurant";1;0;1
"archive Ã©lectronique";1;0;1
"instruments de recherche";1;0;1
"action culturelle";1;0;1
"archivage";1;0;1
"centre de gestion";1;0;1
"Ã©limination";1;0;1
"artisan batiment";0;1;1
"travaux batiment";0;1;1
"Ã©tablissement public";1;0;1
"akka digital akka ds";1;0;1
"agefiph";0;1;1
"doeth";0;1;1
"entreprise adaptÃ©e";0;1;1
"popei";0;1;1
"alternants";1;0;1
"cdd";1;0;1
"etablissements public de coopÃ©ration intercommunale en essonne";1;0;1
"sdis91";1;0;1
"zone pinel";0;1;1
"maigres";1;0;1
"arrÃªtÃ©";1;0;1
"croix rouge";1;0;1
"evÃ¨nement de sÃ©curitÃ© remarquable";1;0;1
"recharge vehicule electrique france";1;0;1
"recharge voiture electrique france";1;0;1
"Ã©lection rÃ©gionale 2015";1;0;1
"hakerspace";1;0;1
"makerspace";1;0;1
"etic";1;0;1
"delimitations";1;0;1
"dp-chlim";1;0;1
"dp-usage";1;0;1
"reperes-de-nivellement";1;0;1
"to-canev";1;0;1
"bouchemaine";1;0;1
"bouchemaine-49035";1;0;1
"drac";1;0;1
"reseaux-de-distribution";1;0;1
"sdap-44";1;0;1
"utilisation-libre-sous-reserve-de-mentionner-la-source-a-minima-le-nom-du-producteur-et-la-date-de-sa-derniere-mise-a-jo";1;0;1
"datacenters";1;0;1
"rÃ©partition de postes";1;0;1
"rÃ©partition des postes";1;0;1
"agence du numerique";1;0;1
"couverture internet";1;0;1
"mission tres haut debit";1;0;1
"open data couverture numerique";1;0;1
"plan france tres haut debit";1;0;1
"pourcentage couverture";1;0;1
"tres haut debit";1;0;1
"71";0;1;1
"here";1;0;1
"many";1;0;1
"produits alimentaires";0;1;1
"wordpress";0;1;1
"constructeur maison";1;0;1
"agence immobilier";1;0;1
"agence immobiliere";1;0;1
"location immobiliere";1;0;1
"amendement creton";1;0;1
"couverture maladie universelle complÃ©mentaire";1;0;1
"sÃ©paration";1;0;1
"dsic";1;0;1
"minint";0;1;1
"union-libre";0;1;1
"codes fonctionnels";1;0;1
"nouvelles communes";0;1;1
" bassins scolaires";1;0;1
"2iÃ¨me";1;0;1
"3ieme circonscription";1;0;1
"Achats";1;0;1
"Acquisitions";1;0;1
"Agenda";1;0;1
"Aucamville";1;0;1
"Augustins";1;0;1
"Aussonne";1;0;1
"Beauzelle";1;0;1
"Blagnac";1;0;1
"BruguiÃ¨res";1;0;1
"Cantons";1;0;1
"Castelginest";1;0;1
"Collections";1;0;1
"Cornebarrieu";1;0;1
"DAE";1;0;1
"Emprunts";1;0;1
"EvÃ©nements";1;0;1
"Expositions";1;0;1
"Fenouillet";1;0;1
"Festivals";1;0;1
"Fonbeauzard";1;0;1
"Gagnac-sur-Garonne";1;0;1
"Garonne";1;0;1
"Grand Toulouse";1;0;1
"Gratentour";1;0;1
"HLM";1;0;1
"Horaires";1;0;1
"Launaguet";1;0;1
"Lecteurs";1;0;1
"Lespinasse";1;0;1
"Manifestations";1;0;1
"PAD";1;0;1
"PrÃªts";1;0;1
"Saint-Alban";1;0;1
"Saint-Jory";1;0;1
"Seilh";1;0;1
"Spectacles";1;0;1
"Toulouse MÃ©tropole";1;0;1
"Transports";1;0;1
"accident corporel";1;0;1
"aire de stationnement";1;0;1
"allergÃ¨ne";1;0;1
"autocollant";1;0;1
"bureau  de vote";1;0;1
"data.toulouse-metropole";1;0;1
"demarche participative";1;0;1
"deux roues motorisees";1;0;1
"deuxiÃ¨me";1;0;1
"durÃ©e";1;0;1
"eau interieure";1;0;1
"etablissements recevant du public";1;0;1
"europÃ©en";1;0;1
"kilomÃ©trique";1;0;1
"laep";1;0;1
"lieux de vote";1;0;1
"lÃ©gislative";1;0;1
"musÃ©um";1;0;1
"mÃ©diathÃ¨ques";1;0;1
"mÃ©nager";1;0;1
"mÃ©rimÃ©e";1;0;1
"mÃ©tro";1;0;1
"numÃ©ro";1;0;1
"plein vent";1;0;1
"points de contact";1;0;1
"portion de voie";1;0;1
"premier tour";1;0;1
"privÃ©e";1;0;1
"prÃ©sidentielle";1;0;1
"rattachement ";1;0;1
"repÃ¨re";1;0;1
"repÃ¨res";1;0;1
"rÃ©gioanles";1;0;1
"rÃ©sidence pricipale";1;0;1
"salariÃ©";1;0;1
"sante et sÃ©curite des personnes";1;0;1
"sens unique";1;0;1
"troisiÃ¨me";1;0;1
"voie rapide";1;0;1
"vÃ©gÃ©tal";1;0;1
"zone accumulation";1;0;1
"zone bleue";1;0;1
"Ã©lÃ©ctoraux";1;0;1
"Ã©lÃ©mentaires";1;0;1
"Ã©tudiant";1;0;1
"âOrthophotoplan";1;0;1
"changeur de monnaie";1;0;1
"commerÃ§ant";1;0;1
"heure limite de dÃ©pÃ´t";1;0;1
"gluten";0;1;1
"cuniculture";1;0;1
"adcf";0;1;1
"carte scolaire";1;0;1
"devis en ligne";0;1;1
"devis travaux";0;1;1
"localisation artisans";0;1;1
"anthropology";1;0;1
"corpus de parentÃ©";1;0;1
"donnÃ©es de la recherche";1;0;1
"kinship dataset";1;0;1
"scientific data";1;0;1
"statut ju";1;0;1
"reforme territoriale";0;1;1
"union europÃ©enne";0;1;1
"estimation immobiliÃ¨re";1;0;1
"pige immobiliÃ¨re";1;0;1
"prix immobilier";1;0;1
"bilan-activite";1;0;1
"cedille-pro";1;0;1
"diois";1;0;1
"enseignement moral et civique";1;0;1
"annonce legale";0;1;1
"codelists";1;0;1
"systÃ¨mes de rÃ©fÃ©rence";1;0;1
"formats pivots";1;0;1
"biodÃ©chets";1;0;1
"porte Ã  porte";1;0;1
"apport volontaire";1;0;1
"sas";1;0;1
"sasu";1;0;1
"sci";1;0;1
"contrat Ã  durÃ©e dÃ©terminÃ©e";1;0;1
"sarl";1;0;1
"dÃ©penses de santÃ©";1;0;1
"Ã©cole de conduite";0;1;1
"donnÃ©es ordinales";1;0;1
"gradient Ã©cologique";1;0;1
"indicateurs de biodiversitÃ©";1;0;1
"faisceau hertzien";0;1;1
"fh";0;1;1
"dgvd";1;0;1
"mission-plan-climat";1;0;1
"occupation-du-sol-sol-sous-sol-sol-et-sous-sol";1;0;1
"risques-et-securite-securite-civile-et-forces-de-l-ordre";1;0;1
"trdp";1;0;1
"photos-aÃ©riennes";1;0;1
"agroforesterie";1;0;1
"agroof";1;0;1
"apca";1;0;1
"bergerie nationale";1;0;1
"lasalle beauvais";1;0;1
"rmt";1;0;1
"base permanente des Ã©quipements";0;1;1
"carte en Ã©toile";0;1;1
"filiÃ¨re alimentaire locale";1;0;1
"fonds europÃ©ens";1;0;1
"programme leader";1;0;1
"itinÃ©raire";1;0;1
"dddd";1;0;1
"deefi";1;0;1
"electricitÃ© seine aval";1;0;1
"epamsa";1;0;1
"20-m-a-100-m";1;0;1
"facies-sedimentaires";1;0;1
"morphosedimentologie";1;0;1
"nature-fonds";1;0;1
"pierre papier";1;0;1
"fonds immobiliers";1;0;1
"acces-et-maintien-dans-le-logement";1;0;1
"accessibilite-potentielle-localisee";1;0;1
"accident-vasculaire-cerebral";1;0;1
"accueil-collectif-de-la-petites-enfance";1;0;1
"accueil-individuel-de-la-petite-enfance";1;0;1
"accueil-individuel-du-jeune-enfant";1;0;1
"activite-de-soins";1;0;1
"actualite-francaise";1;0;1
"agence-de-communication";1;0;1
"agence-de-referencement";1;0;1
"agence-immobilier";1;0;1
"agence-postale";1;0;1
"agence-web";1;0;1
"agences-de-voyages";1;0;1
"aide-sociale-a-l-aide-menagere";1;0;1
"aide-sociale-a-l-hergement";1;0;1
"aide-sociale-hergement";1;0;1
"aides-aux-seniors";1;0;1
"aliments-composes";1;0;1
"allocation-personnes-agees";1;0;1
"ambition-numerique";1;0;1
"amelioration-de-la-qualite";1;0;1
"amenagements-de-peine";1;0;1
"amendement-creton";1;0;1
"apprentissage-de-la-langue-francaise";1;0;1
"approuves";1;0;1
"archive-electronique";1;0;1
"art-moderne-et-contemporain";1;0;1
"article-l2122-22";1;0;1
"aspects-positifs";1;0;1
"atomiseur-reconstructible";1;0;1
"audits";1;0;1
"automedication";1;0;1
"avantages-en-natures";1;0;1
"ayant-cause";1;0;1
"ayant-droit";1;0;1
"baclofene";1;0;1
"bahtymetrie";1;0;1
"balance-des-paiements";1;0;1
"banque-etudiante";1;0;1
"bassins-gerontologiques";1;0;1
"beneficiaire-au-titre-de-la-pac";1;0;1
"bergerie-nationale";1;0;1
"bilan-electrique";1;0;1
"bons-plans-etudiant";1;0;1
"bordeaux-iii";1;0;1
"bordeaux-iv";1;0;1
"bras-mort";1;0;1
"brevet-francais";1;0;1
"bry-sur-marne";1;0;1
"budget-et-finances-du-departement";1;0;1
"cac-40";1;0;1
"caen-la-mer";1;0;1
"calendrier-vaccinal";1;0;1
"carte-g";1;0;1
"carte-igloo";1;0;1
"cartomancie-gratuite";1;0;1
"cartomancie-gratuite-immediate";1;0;1
"celibataires";1;0;1
"centre-de-loisir";1;0;1
"centre-hospitalier-universitaire-de-poitiers";1;0;1
"cliches";1;0;1
"clinique-du-fief-de-grimoire";1;0;1
"coaching-au-feminin";1;0;1
"code-ucd";1;0;1
"code-uic";1;0;1
"codes-fonctionnels";1;0;1
"coke-et-agglomeres";1;0;1
"colectivtes-territoriales";1;0;1
"combustibles-mineraux-solides";1;0;1
"commerce-electronique";1;0;1
"commercialisee";1;0;1
"commissions-administratives";1;0;1
"comparateur-credit-auto";1;0;1
"competences-en-tic";1;0;1
"conseil-communautaires";1;0;1
"consommation-finale";1;0;1
"contrats-engagement-reciproque";1;0;1
"contrefacon";1;0;1
"controle-scientifique-et-technique";1;0;1
"corpus-de-parente";1;0;1
"couverture-maladie-universelle-complementaire";1;0;1
"credit-auto-0";1;0;1
"credit-automobile";1;0;1
"credit-de-particulier-a-particulier";1;0;1
"credit-entre-particulier";1;0;1
"credit-entre-particuliers";1;0;1
"credit-le-moins-cher";1;0;1
"credit-moins-cher";1;0;1
"credit-pas-cher";1;0;1
"credit-travaux-pas-cher";1;0;1
"credit-voiture";1;0;1
"csau";1;0;1
"dataissycom";1;0;1
"datatoulouse-metropole";1;0;1
"debits-de-tabac";1;0;1
"decret-2006-887";1;0;1
"defuntes";1;0;1
"denrees-alimentaires";1;0;1
"depassement";1;0;1
"depenses-cultrelles";1;0;1
"depenses-culturelles";1;0;1
"deperdition";1;0;1
"designation-commerciale";1;0;1
"dessin-et-modele-francais";1;0;1
"developpement-agricole";1;0;1
"differentiel";1;0;1
"diplomatie-economique";1;0;1
"dispositifs-medicaux-implantables";1;0;1
"distributeur-de-billets";1;0;1
"distributeur-de-films";1;0;1
"distributeurs-de-billets";1;0;1
"domain-name";1;0;1
"donnees-classiques";1;0;1
"donnees-ordinales";1;0;1
"dossier-de-mariage";1;0;1
"dossiers-pedagogiques";1;0;1
"e-reptuation";1;0;1
"eau-minerale";1;0;1
"ecloserie";1;0;1
"ecole-du-chiot";1;0;1
"ecroues";1;0;1
"egr-renovations";1;0;1
"elecitons-cantonales-2002";1;0;1
"eleclerc";1;0;1
"elect";1;0;1
"election-cantonale-1994";1;0;1
"election-cantonale-1998";1;0;1
"election-cantonale-2001";1;0;1
"election-cantonale-2002";1;0;1
"election-cantonale-2004";1;0;1
"election-cantonale-2008";1;0;1
"election-cantonale-2011";1;0;1
"election-departementale";1;0;1
"election-departementale-2015";1;0;1
"election-europeenne-1994";1;0;1
"election-europeenne-1999";1;0;1
"election-europeenne-2004";1;0;1
"election-europeenne-2009";1;0;1
"election-legislative-1997";1;0;1
"election-legislative-2002";1;0;1
"election-legislative-2007";1;0;1
"election-legislative-2012";1;0;1
"election-municipale-1995";1;0;1
"election-municipale-2001";1;0;1
"election-municipale-2008";1;0;1
"election-municipale-2014";1;0;1
"election-presidentielle-1995";1;0;1
"election-presidentielle-2002";1;0;1
"election-regionale";1;0;1
"election-regionale-1998";1;0;1
"election-regionale-2004";1;0;1
"election-regionale-2010";1;0;1
"election-regionale-2015";1;0;1
"elections-cantonales-1994";1;0;1
"elections-cantonales-1998";1;0;1
"elections-cantonales-2001";1;0;1
"elections-cantonales-2004";1;0;1
"elections-cantonales-2008";1;0;1
"elections-cantonales-2011";1;0;1
"elections-europeennes-1994";1;0;1
"elections-europeennes-1999";1;0;1
"elections-europeennes-2004";1;0;1
"elections-legislative-2002";1;0;1
"elections-legislatives-1997";1;0;1
"elections-legislatives-2007";1;0;1
"elections-legislatives-2012";1;0;1
"elections-municipales-1995";1;0;1
"elections-municipales-2001";1;0;1
"elections-presidentielles-1995";1;0;1
"elections-presidentielles-2002";1;0;1
"elections-presidentielles-2007";1;0;1
"elections-presidentielles-2012";1;0;1
"elections-regionales-1998";1;0;1
"elections-regionales-2004";1;0;1
"elections-regionales-2010";1;0;1
"electriciens";1;0;1
"electromenager";1;0;1
"embacle";1;0;1
"emprunt-auto";1;0;1
"enclos-a-sapin";1;0;1
"enfants-sans-vie";1;0;1
"enquetes-de-branche";1;0;1
"enseignement-adapte";1;0;1
"enseignement-moral-et-civique";1;0;1
"enseignement-pre-elementaire";1;0;1
"entite-juridique";1;0;1
"epouse";1;0;1
"equilibre-ressources-emplois";1;0;1
"espaces-boises-classes";1;0;1
"espaces-canins";1;0;1
"etablissement-public-local";1;0;1
"etablissements-ferroviaires";1;0;1
"etude-le-comparateur-assurance";1;0;1
"etude-lecomparateurassurancecom";1;0;1
"etude-pme";1;0;1
"etudiant-bordeaux";1;0;1
"etudiant-chinois-bordeaux";1;0;1
"europe-1";1;0;1
"exces-de-sel";1;0;1
"exploitations-forestieres";1;0;1
"faune-aquatique";1;0;1
"fauteuils-cinema";1;0;1
"field-trial";1;0;1
"filiere-alimentaire-locale";1;0;1
"financement-auto";1;0;1
"fioul-lourd";1;0;1
"fiscalite-douaniere";1;0;1
"fleurs-de-soleil";1;0;1
"fomations-sociales";1;0;1
"fonds-immobiliers";1;0;1
"fonds-regionaux-d-art-contemporain";1;0;1
"fonds-solidarite-logement";1;0;1
"fontaine-a-eau";1;0;1
"foret-privee";1;0;1
"formats-pivots";1;0;1
"france-terme";1;0;1
"garde-vert";1;0;1
"gardes-de-jour";1;0;1
"gares-et-infrastructures";1;0;1
"gens-voyage";1;0;1
"gradient-ecologique";1;0;1
"grand-groupe";1;0;1
"groupe-pixeo";1;0;1
"guerre-14-18";1;0;1
"gwh-pcs";1;0;1
"hydrologie-urbaine";1;0;1
"imagerie-aerienne";1;0;1
"implantologie-dentaire";1;0;1
"indicateurs-de-biodiversite";1;0;1
"inegalites-spatiales";1;0;1
"innovation-organisationnelle";1;0;1
"instituts-de-beaute";1;0;1
"instruments-de-recherche";1;0;1
"insturments-de-recherche";1;0;1
"interaction-biotique";1;0;1
"issycom";1;0;1
"journaux-francais";1;0;1
"journaux-maroc";1;0;1
"journaux-marocains";1;0;1
"kinship-dataset";1;0;1
"lasalle-beauvais";1;0;1
"le-comparateur-assurance";1;0;1
"le-met";1;0;1
"le-relecq-kerhuon";1;0;1
"leadership-au-feminin";1;0;1
"lecomparateurassurancecom";1;0;1
"les-horaires";1;0;1
"leve-bathymetrique-a-l-ellipsoide";1;0;1
"libelles";1;0;1
"limites-administrative";1;0;1
"liste-noire";1;0;1
"loi-duflot";1;0;1
"lone";1;0;1
"maconnerie";1;0;1
"mairie-de-quartier";1;0;1
"maisons-de-quartiers";1;0;1
"mandataires-judiciaires";1;0;1
"maraichers";1;0;1
"materiels-lourds";1;0;1
"medecine-ambulatoire";1;0;1
"meilleurs-lendemains";1;0;1
"mere-enfant";1;0;1
"micropolluant-organique";1;0;1
"ministere-des-finances";1;0;1
"mission-thd";1;0;1
"mission-tres-haut-debit";1;0;1
"mixite-professionnelle";1;0;1
"mode-de-traitement";1;0;1
"mode-faire-valoir";1;0;1
"modele-numerqiue-de-terrain";1;0;1
"molecules-onereuses";1;0;1
"mouvement-europeen";1;0;1
"natures-de-fond";1;0;1
"niveaux-extremes";1;0;1
"nombre-de-carte-igloo";1;0;1
"nombre-irrationnel";1;0;1
"noms-de-domaine";1;0;1
"non-exhaustif";1;0;1
"obeissance";1;0;1
"objet-classe";1;0;1
"objet-vectoriel-altimetrique";1;0;1
"open-data-couverture-numerique";1;0;1
"open-personal-data";1;0;1
"otmane-el-rhazi";1;0;1
"palais-royal";1;0;1
"par-age";1;0;1
"partage-de-valeurs";1;0;1
"partage-des-valeurs";1;0;1
"participation-sociale";1;0;1
"pass-parasol";1;0;1
"pediatres";1;0;1
"pegase";1;0;1
"performance-environnementale";1;0;1
"performances-economiques";1;0;1
"permanences-juridiques";1;0;1
"permanences-urbanismes";1;0;1
"personnes-en-difficulte-sociale";1;0;1
"perspectives-financieres";1;0;1
"petite-echelle";1;0;1
"petrole-brut";1;0;1
"pierre-papier";1;0;1
"pistage-francais";1;0;1
"plan-de-mobilisation";1;0;1
"plantations-a-realiser";1;0;1
"plouzane";1;0;1
"poids-economique";1;0;1
"poincons-argent";1;0;1
"poincons-or";1;0;1
"point-de-contact";1;0;1
"police-territoriale";1;0;1
"policiers-municipaux";1;0;1
"policiers-territoriaux";1;0;1
"pommes-de-terre";1;0;1
"poprete";1;0;1
"potentiel-fiscal";1;0;1
"pourcentage-couverture";1;0;1
"prairie-subalpine";1;0;1
"pratiques-cultures";1;0;1
"presse-francaise";1;0;1
"presse-marocaine";1;0;1
"pret-automobile";1;0;1
"pret-entre-particulier";1;0;1
"pret-entre-particuliers";1;0;1
"prevision-de-crue-hydrologie-vigilance-crue-troncon-hydrographique-thematique";1;0;1
"prix-assurance";1;0;1
"procede-photographique";1;0;1
"proces-verbal-electronique";1;0;1
"proces-verbaux";1;0;1
"producteur-ginseng";1;0;1
"produits-des-iaa";1;0;1
"produits-petroliers-raffines";1;0;1
"professions-reglementees";1;0;1
"programme-150";1;0;1
"programme-231";1;0;1
"programme-leader";1;0;1
"projet-educatif-departemental";1;0;1
"projets-artistique";1;0;1
"protection-maternelle";1;0;1
"prothese-dentaire";1;0;1
"questions-ecrites";1;0;1
"rabotage-de-bois";1;0;1
"rachat-de-pret";1;0;1
"raisins-de-table";1;0;1
"ramee";1;0;1
"rangee";1;0;1
"raster-marine";1;0;1
"ratios-financiers-obligatoires";1;0;1
"rci";1;0;1
"recherche-utilitaire";1;0;1
"reconversion-professionnnelle";1;0;1
"reference-verticale";1;0;1
"referendum-1992";1;0;1
"referendum-2000";1;0;1
"referendum-2005";1;0;1
"reformes";1;0;1
"regions-forestieres";1;0;1
"registre-du-commerce";1;0;1
"reindustrialisation";1;0;1
"relation-client";1;0;1
"relations-international";1;0;1
"remise-en-forme";1;0;1
"renouee";1;0;1
"renouvellements-urbains";1;0;1
"repartition-de-postes";1;0;1
"repartition-des-postes";1;0;1
"reperer";1;0;1
"representants";1;0;1
"reputation-en-ligne";1;0;1
"reseau-bornes-de-recharge-rapide-concessionnaires-nissan";1;0;1
"reseau-bornes-de-recharge-rapide-concessions-nissan";1;0;1
"reseau-de-bornes-de-recharge-rapide-auchan";1;0;1
"reseau-de-distribution";1;0;1
"reseau-education-prioritaire";1;0;1
"reseaux-fixes";1;0;1
"ressources-genetiques";1;0;1
"resultat-exercice";1;0;1
"revenu-disponible-des-menages";1;0;1
"saison-2013-2014";1;0;1
"salinite";1;0;1
"salmonide";1;0;1
"sans-debat";1;0;1
"scene-nationale";1;0;1
"schema-d-ensemble";1;0;1
"scientific-data";1;0;1
"scolarite-obligatoire";1;0;1
"sdis-91";1;0;1
"seance-publique";1;0;1
"secteur-hospitalier";1;0;1
"segregation";1;0;1
"selectionner";1;0;1
"self-data";1;0;1
"series-de-donnees-geographiques";1;0;1
"service-fixe";1;0;1
"simulateur-credit";1;0;1
"simulateur-pret";1;0;1
"simulation-pret";1;0;1
"site-propre";1;0;1
"socle-commun";1;0;1
"sortir-a-lyon";1;0;1
"sous-carreaux-marsden";1;0;1
"sous-serre";1;0;1
"statistique-agricole";1;0;1
"sud-radio";1;0;1
"superficie-forestiere";1;0;1
"surface-de-compensation";1;0;1
"surfaces-irriguees";1;0;1
"survie-des-arbres";1;0;1
"syndicat-energies-vienne";1;0;1
"systeme-electrique";1;0;1
"systemes-de-reference";1;0;1
"tarif-bleu";1;0;1
"tarif-bleu-option-base";1;0;1
"tarif-bleu-option-hc";1;0;1
"tarif-bleu-option-tempo";1;0;1
"tarif-jaune";1;0;1
"tarif-vert";1;0;1
"tarif-vert-a5-option-base";1;0;1
"tarif-vert-a5-option-ejp";1;0;1
"tarifs-assurance";1;0;1
"tchat-de-voyance";1;0;1
"tchat-voyance-gratuit";1;0;1
"teleassistance";1;0;1
"telegraphiques";1;0;1
"terres-agricoles";1;0;1
"tin-altimetrique";1;0;1
"tonnes-equivalent-petrole";1;0;1
"transport-electricite";1;0;1
"transport-gratuit";1;0;1
"travaux-forestiers";1;0;1
"type-maree";1;0;1
"un-socle-commun";1;0;1
"unite-propre";1;0;1
"veratre";1;0;1
"verbalisation-electronique";1;0;1
"vie-economique";1;0;1
"vie-quotidienne";1;0;1
"voyance-amour-gratuite";1;0;1
"voyance-amoureuse";1;0;1
"voyance-en-ligne";1;0;1
"voyance-en-ligne-gratuite";1;0;1
"voyance-gratuite-amour-immediate";1;0;1
"voyance-gratuite-par-tchat";1;0;1
"voyance-immediate";1;0;1
"voyance-internet";1;0;1
"voyance-par-chat";1;0;1
"voyance-par-tchat-gratuite";1;0;1
"voyance-sans-attente";1;0;1
"zone-franche";1;0;1
"achat-publi";0;1;1
"agents-conversationnels";0;1;1
"aide-a-la-lecture";0;1;1
"aide-a-la-redaction";0;1;1
"allergies-alimentaires";0;1;1
"appareil-productif";0;1;1
"appui-velo";0;1;1
"artisan-paris";0;1;1
"assiduite";0;1;1
"audelor";0;1;1
"bts-muc";0;1;1
"calendrier-2016";0;1;1
"calendrier-scolaire-2016";0;1;1
"carte-en-etoile";0;1;1
"centres-art-dramatique";0;1;1
"choregraphie";0;1;1
"citizen-press";0;1;1
"citizen-science";0;1;1
"concours-bce";0;1;1
"concours-post-prepa";0;1;1
"coordonnees-des-ambassades";0;1;1
"creation-musicale";0;1;1
"data-journalisme";0;1;1
"democratisation";0;1;1
"departementales2015";0;1;1
"desaffecte";0;1;1
"detecteur-de-fumee";0;1;1
"deuptes";0;1;1
"deuxieme-tour-departementales";0;1;1
"devis-renovation";0;1;1
"donnees-carroyees-a-200m";0;1;1
"donnees-de-sante";0;1;1
"donnees-economiques-dila";0;1;1
"e-citoyennete";0;1;1
"egalites";0;1;1
"entreprise-adaptee";0;1;1
"entreprise-batiment";0;1;1
"equivalent-temps";0;1;1
"etablissements-de-soin";0;1;1
"exploite";0;1;1
"faisceau-hertzien";0;1;1
"flux-de-donnees";0;1;1
"formations-superieures";0;1;1
"free-license";0;1;1
"geo-visualiseur";0;1;1
"gestion-des-informations-globales";0;1;1
"gestion-des-informations-locales";0;1;1
"ginseng-coree";0;1;1
"ginseng-rouge";0;1;1
"grande-distribution";0;1;1
"grande-instance";0;1;1
"grandes-regions";0;1;1
"horaire-bureau-de-poste";0;1;1
"initiative-france-europe-2020";0;1;1
"intolerances";0;1;1
"jaces2016";0;1;1
"jean-lucmolet";0;1;1
"karate";0;1;1
"langage-naturel";0;1;1
"loi-esr";0;1;1
"macroeconomie";0;1;1
"magasins-de-producteurs";0;1;1
"maladies-nosocomiales";0;1;1
"marches-de-producteurs";0;1;1
"multivariate-analysis";0;1;1
"municipales-20104";0;1;1
"musees-musee";0;1;1
"objects-trouves";0;1;1
"open-data-camp";0;1;1
"open-food-facts";0;1;1
"open-innovation";0;1;1
"operas";0;1;1
"panneaux-publicitaires-scelles-au-sol";0;1;1
"papier-connecte";0;1;1
"points-d-interet";0;1;1
"predictif";0;1;1
"premier-tour-departementales";0;1;1
"projet-de-decret";0;1;1
"recharge-voiture-electrique-espagne";0;1;1
"resultat-bep";0;1;1
"resultat-bts";0;1;1
"resultat-cap";0;1;1
"rugby-a-xiii";0;1;1
"sans-arachide";0;1;1
"sans-celeri";0;1;1
"sans-crustaces";0;1;1
"sans-fruits-a-coque";0;1;1
"sans-gluten";0;1;1
"sans-lait";0;1;1
"sans-lupin";0;1;1
"sans-mollusques";0;1;1
"sans-moutarde";0;1;1
"sans-oeuf";0;1;1
"sans-poisson";0;1;1
"sans-sesame";0;1;1
"sans-soja";0;1;1
"sans-sulfites";0;1;1
"scenes-nationales";0;1;1
"seine-ouest-digital";0;1;1
"serrurier-pas-cher-paris";0;1;1
"services-geolocalises";0;1;1
"services-personnalises";0;1;1
"silos-verre";0;1;1
"social-network";0;1;1
"sommaire-jorf";0;1;1
"sos-serrurier-paris";0;1;1
"sphere-culturelle";0;1;1
"stage-permis-a-points";0;1;1
"stations-autolib";0;1;1
"traitement-de-texte-augmente";0;1;1
"vacances-scolaires-2016";0;1;1
"veille-juridique";0;1;1
"voiture-connectee";0;1;1
"wwwreferencement1fr";0;1;1
"bourseville";1;0;1
"cerf";1;0;1
"chevreuil";1;0;1
"ppr-falaises-picardes";1;0;1
"pprt-sur-le-departement-de-la-somme";1;0;1
"prevention-risques-technologiques";1;0;1
"services-d-utilitepublique-et-services-publics";1;0;1
"transports-exceptionnels";1;0;1
"usagedes-sols";1;0;1
"1-2-3";1;0;1
"aff";1;0;1
"aire-de-protection-de-biotope";1;0;1
"aires-d-alimentation-des-captages";1;0;1
"anp";1;0;1
"bassins-cotiers-de-dol-de-bretagne";1;0;1
"bonnes-conditions-agricoles-et-environnementales";1;0;1
"captages-prioritaire";1;0;1
"carthotheque";1;0;1
"cartographie-progressive";1;0;1
"centres-bourgs";1;0;1
"centres-d-examen-du-permis-de-conduire";1;0;1
"classements-sonores";1;0;1
"communes-favorables";1;0;1
"convention-de-ramsar";1;0;1
"couesnon";1;0;1
"directive-nitrates";1;0;1
"ecln";1;0;1
"er";1;0;1
"etablissements-publics-de-cooperation-intercommunal";1;0;1
"evaluation-de-l-impact-des-conditions-de-vie-sur-la-sante";1;0;1
"fragmentation";1;0;1
"gave-de-pau";1;0;1
"habitats-d-interet-communautaire";1;0;1
"indemnite-compensatoire-de-handicap-naturel";1;0;1
"interco";1;0;1
"inventaires-scientifiques";1;0;1
"l-214-17-1";1;0;1
"l-214-17-2";1;0;1
"matieres-dangeureuses";1;0;1
"mesure-preventive-en-matiere-de-sante";1;0;1
"pat";1;0;1
"patrimoine-mondial";1;0;1
"plan-climat-energie";1;0;1
"plan-d-amenagement";1;0;1
"plans-d-action-territorial";1;0;1
"ppri-briare";1;0;1
"pprn-falaises-picardes";1;0;1
"preventions";1;0;1
"programmes-locaux-de-l-habitat";1;0;1
"risques-mouvement-de-terrain-tassement-differentiels";1;0;1
"schemas-de-coherence-territorial";1;0;1
"securites-routieres";1;0;1
"semnon";1;0;1
"service-prevision-des-crues-gironde-adour-garonne";1;0;1
"servitudes-de-marchepied";1;0;1
"siouh";1;0;1
"sismicite";1;0;1
"spc-gad";1;0;1
"sylvo-ecoregions";1;0;1
"territoires-a-risque-important-d-inondation";1;0;1
"tmd";1;0;1
"transport-de-matiere-dangereuse";1;0;1
"transports-infrastructure-maritime";1;0;1
"vilaine-amont";1;0;1
"zone-bati";1;0;1
"zone-d-action-prioritaire";1;0;1
"zones-d-actions-prioritaires";1;0;1
"zones-de-bati";1;0;1
"zones-naturelles";1;0;1
"zonesa-risque-naturel";1;0;1
"l-111-1-4";1;0;1
"parcs-photovoltaiques";1;0;1
"reculs-routiers";1;0;1
"routes-a-grandes-circulations";1;0;1
"sites-inscrits-ou-classes";1;0;1
"eviter-reduire-compenser";1;0;1
"mesure-compensatoire";1;0;1
"zones-de-gestion-de-restriction-ou-de-reglementation";1;0;1
"musee-de-bretagne";0;1;1
"reseau-energie-divers-autre";1;0;1
"risque-zonages-risquenaturel";1;0;1
"zones-de-gestion-de-restrictionou-de-reglementation-et-unites-de-declaration";1;0;1
"amenagements-urbains";1;0;1
"bois-buche";1;0;1
"boues-d-epuration-des-eaux-usees";1;0;1
"boues-industrielles";1;0;1
"centres-de-tri";1;0;1
"chiropteres";1;0;1
"competence-collecte";1;0;1
"concentration-maximale";1;0;1
"dasri";1;0;1
"dechets-de-construction";1;0;1
"dechets-de-demolition";1;0;1
"dechets-de-voirie";1;0;1
"diatomee";1;0;1
"eergie";1;0;1
"fiscalite-incitative";1;0;1
"gaz-de-reseau";1;0;1
"incinerateurs";1;0;1
"indice-biologique";1;0;1
"indice-macro-invertebres";1;0;1
"indice-macrophyte";1;0;1
"indice-poisson";1;0;1
"installations-de-traitement";1;0;1
"installations-de-transformation";1;0;1
"interet-patrimonial";1;0;1
"itom";1;0;1
"matiere-organique";1;0;1
"nitrites";1;0;1
"niveau-des-nappes";1;0;1
"normes-de-qualite-environnementale";1;0;1
"nqe";1;0;1
"pesticides-prioritaires";1;0;1
"plateforme-de-maturation-de-machefers";1;0;1
"plateformes-de-maturation-de-machefers";1;0;1
"plp";1;0;1
"programme-local-de-prevention";1;0;1
"quais-de-transfert";1;0;1
"qualitometre";1;0;1
"reseaux-transport-d-energie";1;0;1
"seq-eau";1;0;1
"sous-produits-agricoles";1;0;1
"unite-de-traitement-biologique-des-omr";1;0;1
"unites-de-valorisation-organiques";1;0;1
"donnees-dynamiques";1;0;1
"information-voyageur";1;0;1
"infrastructure-intermodalite";1;0;1
"alisse";1;0;1
"athletisme";1;0;1
"boucherie-charcuterie";1;0;1
"climate-change";1;0;1
"cnit";1;0;1
"combat";1;0;1
"culture-loisirs";1;0;1
"etoiles";1;0;1
"fleuriste";1;0;1
"global-warming";1;0;1
"grande-surface";1;0;1
"hypermarche";1;0;1
"organismes-publics-locaux";1;0;1
"poissonnerie";1;0;1
"population-insee-code-postal";1;0;1
"randonne";1;0;1
"salles-de-sports";1;0;1
"services-aux-particuliers";1;0;1
"superette";1;0;1
"surgeles";1;0;1
"sustainable-energy";1;0;1
"urban-data";1;0;1
"bnp-paribas";1;0;1
"credit-agricole";1;0;1
"credit-mutuel";1;0;1
"paradis-fiscaux";1;0;1
"societe-generale";1;0;1
"politique-de-l-espace";1;0;1
"traitement-des-boues";1;0;1
"covoiturage-bordeaux";0;1;1
"covoiturage-quotidien";0;1;1
"covoiturage-nantes";0;1;1
"ecuries";0;1;1
"pension-chevaux";0;1;1
"haies-sur-talus";1;0;1
"ore-petits-fleuves-cotiers";1;0;1
"points-de-mesure";1;0;1
"13-et-20-mars-2016";1;0;1
"euroshell";1;0;1
"new-caledonia";1;0;1
"oysters-mussels-clams";1;0;1
"shellfish-production-area";1;0;1
"transfert-des-connaissances";1;0;1
"data-ang";1;0;1
"partialite";0;1;1
"pays-de-lorient";1;0;1
"1-er";1;0;1
"18-e";1;0;1
"anterieurs";1;0;1
"archeologiques";1;0;1
"bassin-d-epuration";1;0;1
"centers";1;0;1
"climat-energie";1;0;1
"concerte";1;0;1
"cop-21";1;0;1
"d-amenagement";1;0;1
"dcom";1;0;1
"distants";1;0;1
"issu";1;0;1
"janvier";1;0;1
"muraux";1;0;1
"pdi";1;0;1
"ped";1;0;1
"plan-educatif-departemental";1;0;1
"postales";1;0;1
"rsa-projets-de-ville-dpas-insertion";1;0;1
"siecle";1;0;1
"data-logement";1;0;1
"demande-de-logement-social";1;0;1
"numero-unique";1;0;1
"mongoose";0;1;1
"sde32";1;0;1
"celibitaire";0;1;1
"marital";0;1;1
"ca-limoges-metropole";1;0;1
"infections-nosocomiales";1;0;1
"arbres-champions";1;0;1
"arbres-exceptionnels";1;0;1
"arbres-geants";1;0;1
"arbres-rares";1;0;1
"arbres-venerables";1;0;1
"arbres-veterans";1;0;1
"gros-arbres";1;0;1
"infrastructure-de-donnees-geographiques";1;0;1
"plateforme-web";1;0;1
"zones-baties";1;0;1
"carte-de-france-administrative";0;1;1
"carte-nouvelles-regions-de-france";0;1;1
"cout-du-travail";1;0;1
"prelevements-sociaux";1;0;1
"transmusicales";0;1;1
"site-departemental";1;0;1
"arboretum";1;0;1
"bord-de-mer";1;0;1
"breton";1;0;1
"ecomusees";1;0;1
"edifice-religieux";1;0;1
"edifices";1;0;1
"enclos-paroissiaux";1;0;1
"fastfood";1;0;1
"grill";1;0;1
"initiative";1;0;1
"offices";1;0;1
"resort";1;0;1
"se-restaurer";1;0;1
"sites-naturels";1;0;1
"diagnsotic";1;0;1
"agence-de-mannequin";0;1;1
"fashion-model";0;1;1
"pret-a-porter";0;1;1
"region-franche-comte";1;0;1
"mineralisation";1;0;1
"proprietes-des-sols";1;0;1
"detecteur-de-fumee-kidde";0;1;1
"detecteur-de-gaz";0;1;1
"detecteur-de-monoxyde-de-carbone-kidde";0;1;1
"echelle-de-secours";0;1;1
"kidde";0;1;1
"vikiddeo";0;1;1
"vitry";1;0;1
"vitry-sur-seine";1;0;1
"service-educatif";1;0;1
"plombier-pas-cher-paris-1";1;0;1
"sos-plombier-paris-1";1;0;1
"sos-plombier-paris-2";1;0;1
"plombier-pas-cher-paris-5";1;0;1
"sos-plombier-paris-3";1;0;1
"adrasec";0;1;1
"coz";0;1;1
"emiz";0;1;1
"fnrasec";0;1;1
"salaire-de-reference";1;0;1
"tuttle";1;0;1
"afapdp";1;0;1
"pays-dela-loire";1;0;1
"table-de-composition";0;1;1
"gestion-des-eaux";1;0;1
"dpc";0;1;1
"epp";0;1;1
"osur";1;0;1
"departement-francais";1;0;1
"reforme-des-regions";0;1;1
"orthophotographie-ortho-image-photographie-aerienne-referentiel-languedoc-roussillon-donnees-ouvertes";1;0;1
"autocuiseur";0;1;1
"cocotte-minute";0;1;1
"acte-de-naissance";0;1;1
"extrait-de-naissance";0;1;1
"appelation";0;1;1
"44";1;0;1
"scraping";1;0;1
"chambres-territoriales-des-comptes";1;0;1
"rapports-publics";1;0;1
"cour-de-discipline-budgetaire-et-financiere";1;0;1
"correction";1;0;1
"assurance-habitation";1;0;1
"loi-hamon";1;0;1
"associations-de-developpement-des-usages";1;0;1
"bibliotheque-scientifique";1;0;1
"cantines-numeriques";1;0;1
"chevreaux";1;0;1
"eletions";1;0;1
"espaces-de-coworking";1;0;1
"federation-des-aveugles-de-france";1;0;1
"groupement-de-collectivites";1;0;1
"hackerspaces";1;0;1
"l-33-1";1;0;1
"makerspaces";1;0;1
"non-cadre";1;0;1
"ns1";1;0;1
"petition";1;0;1
"pis";1;0;1
"poles-de-formations-ou-de-recherche";1;0;1
"presidentielle-ouverte";1;0;1
"tc-horaires";1;0;1
"vifs";1;0;1
"cookeo";0;1;1
"revisions";0;1;1
"sva";0;1;1
"noeud";1;0;1
"customs";0;1;1
"datadouanes";0;1;1
"trade";0;1;1
"whisky";0;1;1
"sky";0;1;1
"plateforme-prix-travaux";0;1;1
"travaux-construction";0;1;1
"drac-sra";1;0;1
"zppa";1;0;1
"resultats-dnb";0;1;1
"ipsos";1;0;1
"offshore";1;0;1
"panama-papers";1;0;1
"a-3";1;0;1
"a-6";1;0;1
"ac-4";1;0;1
"acces-route-express";1;0;1
"alignement-des-voies-publiques";1;0;1
"article-l-214-17";1;0;1
"association-syndicale";1;0;1
"balisage-aeeronautique";1;0;1
"bassin-d-habitat";1;0;1
"bois-et-foret";1;0;1
"canaux-d-irrigation";1;0;1
"centre-de-reception";1;0;1
"circulation-publique";1;0;1
"communication-electronique";1;0;1
"conduite-d-irrigation";1;0;1
"croisement-fer-route";1;0;1
"degagement-aeronautique";1;0;1
"dirigee";1;0;1
"document-de-planification";1;0;1
"el-2";1;0;1
"el-4";1;0;1
"el-5";1;0;1
"enn";1;0;1
"entretien-foret";1;0;1
"gens";1;0;1
"i-1";1;0;1
"int-2";1;0;1
"integrale";1;0;1
"loi-sur-l-eau";1;0;1
"navigation-interieure";1;0;1
"nuisible";1;0;1
"ouvrage-collectif";1;0;1
"passage-cours-d-eau";1;0;1
"perimetre-de-transport-urbain";1;0;1
"perimetre-sage";1;0;1
"pipe-line";1;0;1
"point-dangereux";1;0;1
"pole-economique";1;0;1
"poste-electronique";1;0;1
"rbi";1;0;1
"recherche-petrole";1;0;1
"scap";1;0;1
"securite-aerienne";1;0;1
"strategie-d-agglomeration";1;0;1
"t-4";1;0;1
"t-7";1;0;1
"terrain-militaire";1;0;1
"terrain-sans-occupant";1;0;1
"transport-d-eau";1;0;1
"transport-ressource";1;0;1
"visibilite-sur-les-voies-publiques";1;0;1
"zinf";1;0;1
"zone-de-degagement";1;0;1
"zone-submersible";1;0;1
"zsup";1;0;1
"sols-bd-sol-potentiel-cultural-agropedologie-amenagement-viticulture-grandes-cultures-maraichage-agricole-commune-outil";1;0;1
"aeroport-de-nantes-atlantique";1;0;1
"7eme-pcrdt";1;0;1
"agence-nationale-de-la-recherche";1;0;1
"rage";1;0;1
"renard";1;0;1
"debt";0;1;1
"settlement";0;1;1
"appellation-d-origine-controlee";1;0;1
"continuite-du-bati";1;0;1
"enjeu-lineaire";1;0;1
"enjeu-pprt";1;0;1
"grand-predateur";1;0;1
"interet-ecologique-faunistique-et-floristique";1;0;1
"interet-faunistique-et-floristique";1;0;1
"moument-historique";1;0;1
"perimetre-pprt";1;0;1
"plan-d-exposition-bruit";1;0;1
"plan-gene-sonore";1;0;1
"prescription-surfacique";1;0;1
"protection-aep";1;0;1
"protection-du-patrimoine-architectural-urbain-et-paysager";1;0;1
"regroupement-de-communes";1;0;1
"sites-inscrit-et-classe";1;0;1
"sur-risque-sismique";1;0;1
"zone-de-protection-prioritaire";1;0;1
"zppn";1;0;1
"box-come";0;1;1
"channel";0;1;1
"offer";0;1;1
"sky-hd";0;1;1
"sky-multiscreen";0;1;1
"sky-q";0;1;1
"tv-bundle";0;1;1
"fn";0;1;1
"coefficients-des-sous-profils";1;0;1
"critere-b";1;0;1
"patrimoine-et-infrastructures";1;0;1
"action-educative-a-domicile";1;0;1
"action-educative-en-milieu-ouvert";1;0;1
"aires-de-livraison";1;0;1
"article-133";1;0;1
"centres-maternels";1;0;1
"certificats-de-sante";1;0;1
"chapitres";1;0;1
"chorales";1;0;1
"commissions-permanentes";1;0;1
"contractualisation";1;0;1
"contrat-local-de-securite";1;0;1
"contrats-de-developpement-departement-ville";1;0;1
"cotisation-sur-la-valeur-ajoutee-des-entreprises";1;0;1
"deversoirs";1;0;1
"domiciles";1;0;1
"droits-de-mutation-a-titre-onereux";1;0;1
"ena";1;0;1
"ensembles-instrumentaux";1;0;1
"espaces-naturels-associes";1;0;1
"etablissements-specialises";1;0;1
"etats-surfaciques";1;0;1
"fonds-nationaux-de-garantie-individuelle-des-ressources";1;0;1
"hydrobiologiques";1;0;1
"inscrits-physiques";1;0;1
"jardins-denfants";1;0;1
"maison-denfants-a-caractere-social";1;0;1
"pouponnieres";1;0;1
"prevention-socio-educative";1;0;1
"ratios";1;0;1
"rubriques";1;0;1
"sous-prefets";1;0;1
"symptomes";1;0;1
"travail-de-rue";1;0;1
"usagers-en-fauteuil-roulant";1;0;1
"aeronef-sans-pilote";0;1;1
"carte-drone";0;1;1
"etat-boise";1;0;1
"racisme";1;0;1
"sommet-de-la-terre";1;0;1
"genocide";1;0;1
"travail-dominical";1;0;1
"moderation-budgetaire";1;0;1
"traite-de-lisbonne";1;0;1
"laprimaire";1;0;1
"laprimaire-org";1;0;1
"frais-de-campagne";0;1;1
"aide-educative-domicile";1;0;1
"aide-educative-en-milieu-ouvert";1;0;1
"auxiliaire-de-vie-sociale";1;0;1
"bilan-familial";1;0;1
"bourses-collegiens";1;0;1
"marchandise";1;0;1
"stratification-sociale";1;0;1
"kiosques";1;0;1
"bail";1;0;1
"bail-de-location";1;0;1
"bail-locatif";1;0;1
"contrat-de-location";1;0;1
"etat-des-lieux";1;0;1
"etat-des-lieux-de-sortie";1;0;1
"etat-des-lieux-gratuits";1;0;1
"25-doubs";1;0;1
"test3";1;0;1
"test4";1;0;1
"zones-touristiques";1;0;1
"reforme-des-college";1;0;1
"dechaumage";0;1;1
"dechaumeur";0;1;1
"jardins-publics";1;0;1
"affaire-de-corruption";1;0;1
"anti-corruption";1;0;1
"base-de-donnees-de-la-corruption";1;0;1
"carte-de-la-corruption";1;0;1
"cartographie-de-la-corruption";1;0;1
"liste-des-affaires-de-corruption";1;0;1
"lutte-contre-la-corruption";1;0;1
"ti-france";1;0;1
"transparency-international";1;0;1
"transparency-international-france";1;0;1
"socio-edcucatif";0;1;1
"ratios-legaux";1;0;1
"bison";1;0;1
"unites-experimentales";0;1;1
"e-roads";1;0;1
"routes-europeennes";1;0;1
"equilibrage";1;0;1
"eboulis-crayeux";1;0;1
"galium-fleurotii";1;0;1
"chouettes-cheveches";1;0;1
"olympiques";1;0;1
"rio";1;0;1
"mort-france-departement-naissance";1;0;1
"morts-france-departement-naissance-1914-1918-1939-1945";1;0;1
"morts-france-departement-naissance-soldat-1914-1918-1939-1945";1;0;1
"memorial-genealogie";1;0;1
"necropole-nationale-cimetiere-militaire-monuments-aux-morts-morts-pour-la-france-memoire-memorial-1914-1918-1939-1945";1;0;1
"chambre-funeraire";0;1;1
"definitifs";1;0;1
"feminisation";1;0;1
"conseil-municipal-faugeres-ardeche";1;0;1
"deliberation-conseil-municipal-faugeres-ardeche";1;0;1
"commune-faugeres-pluviometrie-thermometrie-releves-pluie-precipitations-gel-temperatures";1;0;1
"faugeres-ardeche";1;0;1
"chronologique";1;0;1
"7m";1;0;1
"7m-cn";1;0;1
"election-presidentielle-1974";1;0;1
"election-presidentielle-1988";1;0;1
"74";1;0;1
"anes";1;0;1
"chevaux";1;0;1
"equide";1;0;1
"ifce";1;0;1
"sire";1;0;1
"profil-en-travers";1;0;1
"consistance";1;0;1
"indc";1;0;1
"unfccc";1;0;1
"greenhouse-gas";1;0;1
"carte-total-gr";1;0;1
"horaires-parkings";1;0;1
"illustrations-de-parkings";1;0;1
"iso-14001";1;0;1
"mainslib";1;0;1
"management-environnemental";1;0;1
"parking-reserve-aux-abonnes";1;0;1
"parking-residentiel";1;0;1
"parkings-publics";1;0;1
"parkings-relais";1;0;1
"parkings-reserves-aux-abonnes";1;0;1
"parkings-residentiels";1;0;1
"parkings-velos";1;0;1
"photos-de-parkings";1;0;1
"telepeage-liber-t";1;0;1
"albert";1;0;1
"kahn";1;0;1
"gov";0;1;1
"hmrc";0;1;1
"taux-moyens";1;0;1
"politique-des-transports";1;0;1
"politique-energetique";1;0;1
"vehicule-non-polluant";1;0;1
"departement-du-cher";1;0;1
"sde18";1;0;1
"groupe-iso-ressource";1;0;1
"parking-temps-reel";1;0;1
"parking-vehicules-electriques";1;0;1
"aide-a-la-performance";0;1;1
"justice-predictive";0;1;1
"cui";1;0;1
"cnds";1;0;1
"signalements";1;0;1
"competitions-sportives-internationales";1;0;1
"creation-d-etablissements";1;0;1
"dotation-d-equipement-des-territoires-ruraux";1;0;1
"dotation-globale-d-equipement";1;0;1
"federation-francaise-de-football";1;0;1
"fff";1;0;1
"incivilites";1;0;1
"observatoire-des-comportements";1;0;1
"politiques-sportive";1;0;1
"repertoire-des-entreprises-et-des-etablissements";1;0;1
"aide-a-la-decision";1;0;1
"carte-professionnelle";1;0;1
"conseillers-techniques";1;0;1
"contrats-d-objectifs";1;0;1
"conventions-d-objectifs";1;0;1
"educateur-sportif";1;0;1
"groupements-nationaux";1;0;1
"modalites-d-intervention";1;0;1
"optimouv";1;0;1
"rencontres-sportives";1;0;1
"substances-dopantes";1;0;1
"auto-evaluer";1;0;1
"eco-responsabilite";1;0;1
"evenements-sportifs";1;0;1
"facteur-d-emission";1;0;1
"facteurs-d-emission";1;0;1
"mots-cles-libres";1;0;1
"val-d-ille";1;0;1
"bmw-i3";1;0;1
"c-zero";1;0;1
"ihm";1;0;1
"kia-soul";1;0;1
"nissan-leaf";1;0;1
"sga-automation";1;0;1
"sga-mobility";1;0;1
"zoe";1;0;1
"kipfood";0;1;1
"chroniques-cartographiques";0;1;1
"actualite-des-sports";1;0;1
"fanaride";1;0;1
"fanaride-com";1;0;1
"accotements";1;0;1
"dp-bord";1;0;1
"ancenis-44003";1;0;1
"beaulieu-sur-layon-49022";1;0;1
"bouguenais-44020";1;0;1
"campbon-44025";1;0;1
"chateaubriant-44036";1;0;1
"directiveinondation";1;0;1
"durtal-49127";1;0;1
"getigne-44063";1;0;1
"indre-44074";1;0;1
"la-grigonnais-44224";1;0;1
"missillac-44098";1;0;1
"nantes-44109";1;0;1
"pontchateau-44129";1;0;1
"pornic-44131";1;0;1
"reze-44143";1;0;1
"saint-barthelemy-d-anjou-49267";1;0;1
"saint-etienne-de-montluc-44158";1;0;1
"saint-nazaire-44184";1;0;1
"sainte-luce-sur-loire-44172";1;0;1
"seiches-sur-le-loir-49333";1;0;1
"vallet-44212";1;0;1
"carte-postale";1;0;1
"dreal-alpc";1;0;1
"plans-climat-energie-territorial";1;0;1
"lutte-contre-le-dopage";1;0;1
"produits-dopants";1;0;1
"substance-dopante";1;0;1
"csvgrep";0;1;1
"vetements-de-travail";1;0;1
"vetements-professionnel";1;0;1
"contributeurs";0;1;1
"loi-numerique";1;0;1
"partenariat-public-prive";1;0;1
"budget-de-defense";1;0;1
"effectifs-de-la-defense";1;0;1
"les-aspects-industriels-de-la-defense";1;0;1
"les-moyens-de-la-defense";1;0;1
"federation-sportives";1;0;1
"pv";1;0;1
"immersion";1;0;1
"parc-d-activite";1;0;1
"patrimoine-tourisme-loisirs-patrimoine-mobilier";1;0;1
"qualiparc";1;0;1
"volume-immerge";1;0;1
"paroisse";1;0;1
"61";1;0;1
"gratification";1;0;1
"matiere-radioactive";1;0;1
"pneumatique";0;1;1
"pneus-agricoles";0;1;1
"tracteur";0;1;1
"diner-spectacle";1;0;1
"gala";1;0;1
"aides-gouvernement";1;0;1
"hippodrome";1;0;1
"collecte-separative";1;0;1
"dechet-vert";1;0;1
"dechets-non-dangereux-du-commerce-et-des-industries";1;0;1
"dndae";1;0;1
"ordure-menageres-residuelles";1;0;1
"tmb";1;0;1
"traitement-organique";1;0;1
"traitement-thermique";1;0;1
"unites-de-traitement-organique";1;0;1
"zdzg";1;0;1
"arcs";1;0;1
"cityroul";1;0;1
"repartition-geographique-de-la-population";1;0;1
"panne";1;0;1
"rames";1;0;1
"theoriques";1;0;1
"version";1;0;1
"useda";1;0;1
"ve";1;0;1
"jt";0;1;1
"ecar18";1;0;1
"bip-bip";1;0;1
"montagnes";1;0;1
"volcans";1;0;1
"economie-finance";1;0;1
"guyane-habitat-politique-de-la-ville-construction-spontane";1;0;1
"barometre-sante";1;0;1
"inpes";1;0;1
"vapoteur";1;0;1
"technicien";1;0;1
"02-region-bourgogne-franche-comte";1;0;1
"isochrones";0;1;1
"handisport";1;0;1
"agence-technique";1;0;1
"deblais";1;0;1
"sondages-geotechniques";1;0;1
"portage-de-repas";0;1;1
"aire-d-alimentation-captages";1;0;1
"cotes-de-securite";1;0;1
"cotes-de-seuil";1;0;1
"dispositif-duflot";1;0;1
"origine-du-risque";1;0;1
"plans-de-prevention";1;0;1
"programme-d-interet-general";1;0;1
"programme-local-de-l-habitat";1;0;1
"programmes-locaux-d-habitat";1;0;1
"quartiers-anciens";1;0;1
"zonages-1-2-3";1;0;1
"zonages-a-b-c";1;0;1
"bilan-pedagogigue";1;0;1
"sgmap";1;0;1
"niveau-de-debit";1;0;1
"saint-michel-chef-chef-44182";1;0;1
"marque-d-etat";1;0;1
"qualite-tourisme";1;0;1
"continuite";1;0;1
"crehen";1;0;1
"le-guildo";1;0;1
"car-scolaire";1;0;1
"e-charge50";1;0;1
"irve50";1;0;1
"sdem";1;0;1
"automatisation";1;0;1
"oxford";1;0;1
"robots";1;0;1
"bioagresseurs";1;0;1
"donnees-textuelles";1;0;1
"inad";0;1;1
"levallois";0;1;1
"ploezal";1;0;1
"saint-gelven";1;0;1
"mms";0;1;1
"perimetre-d-action";1;0;1
"loi-eau";1;0;1
"postes-fixes-pour-la-chasse";1;0;1
"secteur-secheresse";1;0;1
"activites-humaines-campagnes-oceanographiques";1;0;1
"biens-incrits";1;0;1
"champd-epandage";1;0;1
"cournon-d-auvergne";1;0;1
"dechets-des-activites-economiques";1;0;1
"dechets-non-dangereux-en-melange";1;0;1
"departement-de-l-allier";1;0;1
"departement-du-puy-de-dome";1;0;1
"ecpi";1;0;1
"gestion-des-crises-etdes-risques";1;0;1
"gsp";1;0;1
"herbiers";1;0;1
"intelligence-military";1;0;1
"limites-administratives-et-decoupage-des-territoires-grilles-et-carroyages";1;0;1
"macroalgues";1;0;1
"macrophytes";1;0;1
"milieux-lagunaires-mediterraneens";1;0;1
"ordures-menageres-stabilisees";1;0;1
"paysde-la-loire";1;0;1
"pdv";1;0;1
"phytoplancton";1;0;1
"plans-locaux-d-urbanisme-intercommunaux";1;0;1
"pointde-suivi";1;0;1
"pole-faune";1;0;1
"reseaux-de-telecommunications";1;0;1
"residus-de-broyage-de-vehicules";1;0;1
"risque-zonages-risquetechnologique";1;0;1
"sdci";1;0;1
"services-del-etat";1;0;1
"servicesde-l-etat";1;0;1
"servitudes-d-utilite-publique-et-service-public";1;0;1
"societe-d-histoire-naturelle-d-autun";1;0;1
"sous-produits-des-installations-de-traitement";1;0;1
"specificationregionale";1;0;1
"trameverte-et-bleue";1;0;1
"unites-de-valorisation-organique";1;0;1
"zones-d-emploi";1;0;1
"zones-de-gestion-de-restriction-ou-de-reglementation-etunites-de-declaration";1;0;1
"zones-degestion-de-restriction-ou-de-reglementation-et-unites-de-declaration";1;0;1
"zonesde-gestion-de-restriction-ou-de-reglementation-et-unites-de-declaration";1;0;1
"zsc-zone-speciale-de-conservation";1;0;1
"donneesde-references-referentiels-vocabulaire-controle";1;0;1
"occupation-desterres";1;0;1
"servicesd-utilite-publique-et-services-publics";1;0;1
"zonages-risquetechnologique";1;0;1
"zones-de-gestion-de-restriction-oude-reglementation-et-unites-de-declaration";1;0;1
"brain-derived-neurotrophic-factor";1;0;1
"zebrafish";1;0;1
"atomic-characteristics-of-nano-iron-oxide";1;0;1
"atomic-characteristics-of-zinc-oxide-nano-powder";1;0;1
"ceramic-oxide-nano-powders-alterations";1;0;1
"characteristics-of-ceramic-oxide-nano-powders";1;0;1
"copper-oxide";1;0;1
"crystalline-characteristics-of-nano-iron-oxide";1;0;1
"iron-oxide";1;0;1
"zinc-oxide";1;0;1
"risquestechnologiques";1;0;1
"services-d-utilite-publique-et-servicespublics";1;0;1
"antimony-sulfide";1;0;1
"antimony-sulfide-ftir-spectrum";1;0;1
"atomic-characteristics-of-barium-titanate-powder";1;0;1
"barium-titanate";1;0;1
"barium-titanate-powder";1;0;1
"centre-d-examen";1;0;1
"chloramphenicol";1;0;1
"chloramphenicol-ftir-analysis";1;0;1
"electron-spin-resonance";1;0;1
"esr-study-of-batio3";1;0;1
"physical-properties-of-antimony-sulfide";1;0;1
"properties-of-barium-titanate";1;0;1
"spectroscopic-characterization-of-chloramphenicol";1;0;1
"spectroscopic-characterization-of-tetracycline";1;0;1
"structural-characteristics-of-barium-titanate-powder";1;0;1
"structural-properties-of-antimony-sulfide";1;0;1
"tetracycline";1;0;1
"tetracycline-ftir-analysis";1;0;1
"tetracycline-uv-spectrum-analysis";1;0;1
"xrd-analysis-of-antimony-sulfide";1;0;1
"zones-d-effets";1;0;1
"patrimoine-tourisme-loisirs-autres";1;0;1
"lieux-de-production-etsites-industriels";1;0;1
"ressourceen-eau";1;0;1
"hydroxyethyl-cellulose";1;0;1
"hydroxyethyl-cellulose-properties";1;0;1
"hydroxypropyl-cellulose";1;0;1
"hydroxypropyl-cellulose-properties";1;0;1
"hydroxypropyl-cellulose-xrd-analysis";1;0;1
"biotype-number-of-r-ornithinolytica";1;0;1
"brunauer-emmett-teller-analysis";1;0;1
"esr";1;0;1
"mn3o4";1;0;1
"multidrug-resistant-of-raoultella-ornithinolytica";1;0;1
"paramagnetic";1;0;1
"r-ornithinolytica-biochemical-characteristics";1;0;1
"raoultella-ornithinolytica";1;0;1
"susceptibility-pattern-of-r-ornithinolytica";1;0;1
"susceptibility-pattern-of-raoultella-ornithinolytica";1;0;1
"a-9-servitudes-relatives-a-la-conservation-du-patrimoine";1;0;1
"bpe-base-permanente-des-equipements";1;0;1
"captages-d-eau-potable";1;0;1
"cartes-communlales";1;0;1
"cc-carte-communale";1;0;1
"cones-de-vue";1;0;1
"defrichements";1;0;1
"epandages";1;0;1
"espaces-boses-classes";1;0;1
"ilots-agricoles";1;0;1
"matieres-organiques";1;0;1
"points-de-vues";1;0;1
"ppri-plan-de-prevention-des-risques-d-inondation";1;0;1
"ppri-plans-de-prevention-des-risques-inondation";1;0;1
"pprn-plan-de-prevention-des-risques-naturels";1;0;1
"pprn-plans-de-prevention-des-risques-naturels";1;0;1
"retenues";1;0;1
"secteurs-sauvegardes";1;0;1
"val-d-authion";1;0;1
"z-1";1;0;1
"z-2";1;0;1
"zap-zone-agricole-protegee";1;0;1
"zh-zone-humide";1;0;1
"zone-de-revitalisation";1;0;1
"zones-urbaines-u-les-zones-a-urbaniser-au-les-zones-agricoles-a-et-les-zones-naturelles-et-forestieres-n";1;0;1
"zrr-zone-de-revitalisation-rurale";1;0;1
"pays-de-laloire";1;0;1
"ir-spectra-of-thiourea";1;0;1
"ir-spectrum-of-paracetamol";1;0;1
"magnesium-sulphate";1;0;1
"paracetamol";1;0;1
"piroxicam";1;0;1
"properties-of-paracetamol";1;0;1
"sodium-carbonate";1;0;1
"sodium-carbonate-ir-spectrum";1;0;1
"spectral-properties-of-paracetamol";1;0;1
"spectral-properties-of-pharmaceuticals";1;0;1
"spectral-properties-of-piroxicam";1;0;1
"spectrum-analysis-of-pharmaceuticals";1;0;1
"thiourea";1;0;1
"thiourea-ir-spectrum";1;0;1
"urea";1;0;1
"uv-spectrum-of-paracetamol";1;0;1
"juridictions-pour-mineurs";1;0;1
"parquets";1;0;1
"penal";1;0;1
"tribunaux-correctionnels";1;0;1
"gestionde-crise";1;0;1
"gestiondes-crises-et-des-risques";1;0;1
"specificationspartagees";1;0;1
"donnees-dereferences-referentiels-vocabulaire-controle";1;0;1
"organisationdu-suivi-de-l-eau-programmes-de-surveillance-reseaux-de-mesure";1;0;1
"risquesnaturels";1;0;1
"site-industriel-production-siteeolien";1;0;1
"site-industriel-production-siteindustriel";1;0;1
"specificationnationale";1;0;1
"services-d-utilite-publique-etservices-publics";1;0;1
"cartes-marines-anciennes";1;0;1
"limites-politiques-et-administratives";1;0;1
"teleicare";1;0;1
"bassin-agour-garonne";1;0;1
"biogaz-methanisation-energie-energie-renouvelable-biomethane";1;0;1
"euratlantique";1;0;1
"gestion-eau";1;0;1
"operations-d-interet-general";1;0;1
"zones-grises";1;0;1
"4-4";1;0;1
"amenagement-touristique";1;0;1
"equipement-touristique";1;0;1
"gestion-de-la-qualite-de-l-eau";1;0;1
"n-terrain-gens-voyage-s-045";1;0;1
"pentes";1;0;1
"perimetre-captage";1;0;1
"pl-ui";1;0;1
"pl-ui-d";1;0;1
"pl-ui-h";1;0;1
"plan-local-d-urbanisme-intercommunal-deplacements";1;0;1
"plan-local-d-urbanisme-intercommunal-habitat";1;0;1
"protection-bois-et-foret";1;0;1
"protection-de-zone-de-captage-de-l-eau";1;0;1
"regime-forestier";1;0;1
"reseauxde-transport";1;0;1
"submersible";1;0;1
"zone-protegee-de-captage-d-eau";1;0;1
"aide-compensatrice";1;0;1
"anneau";1;0;1
"canal-maritime";1;0;1
"feminin";1;0;1
"espacepublic-mobilier-urbain";1;0;1
"atomic-characteristic-in-bn-powder";1;0;1
"bile-salt";1;0;1
"boron-nitride";1;0;1
"brunaueremmett-teller-analysis";1;0;1
"cadmium-particle-size-analysis";1;0;1
"cadmium-xrd-analysis";1;0;1
"cancer-biomarker";1;0;1
"cancer-biomarkers-in-endometrial";1;0;1
"chromium-vi-oxide-study";1;0;1
"elisa";1;0;1
"endometrial-cancer-cell-lines";1;0;1
"endometrium-and-prostate-cancer-cell-lines";1;0;1
"endometrium-cancer";1;0;1
"il-6";1;0;1
"morphological-properties-of-silicon-carbide";1;0;1
"physical-properties-of-bile-salt";1;0;1
"physical-properties-of-cadmium";1;0;1
"physical-properties-of-proteose-peptone";1;0;1
"properties-of-boron-nitride";1;0;1
"properties-of-silicon-carbide";1;0;1
"prostate-cancer";1;0;1
"prostate-cancer-cell-lines";1;0;1
"prostate-cancer-cell-lines-reduction";1;0;1
"proteose-peptone";1;0;1
"silicon-carbide";1;0;1
"silicon-carbide-morphological-properties";1;0;1
"silicon-carbide-structural-properties";1;0;1
"spectral-properties-of-boron-nitride";1;0;1
"structural-properties-of-boron-nitride";1;0;1
"structural-properties-of-cadmium";1;0;1
"tga-dta";1;0;1
"tga-dta-analysis-of-cro3";1;0;1
"thermal-behaviour-of-cro3";1;0;1
"thermal-properties-of-bile-salt";1;0;1
"thermal-properties-of-cadmium";1;0;1
"thermal-properties-of-proteose-peptone";1;0;1
"tnf-a";1;0;1
"xrd-analysis-of-bile-salt";1;0;1
"xrd-analysis-of-boron-nitride";1;0;1
"xrd-analysis-of-silicon-carbide";1;0;1
"logiciel-de-caisse";0;1;1
"al4c3-ftir-analysis";1;0;1
"aluminium-carbide-powder";1;0;1
"aluminium-carbide-powder-xrd-analysis";1;0;1
"aluminium-carbide-surface-area-analysis";1;0;1
"brass";1;0;1
"brass-powder-x-ray-diffraction-analysis";1;0;1
"characterization-of-brass-powder";1;0;1
"characterization-of-metronidazole";1;0;1
"characterization-of-tinidazole";1;0;1
"dsc-analysis-of-indole";1;0;1
"dsc-study-of-thymol";1;0;1
"ftir-spectrum-of-metronidazole";1;0;1
"indole";1;0;1
"indole-ftir-spectroscopy";1;0;1
"indole-modification-strategy";1;0;1
"magnesium-powder";1;0;1
"magnesium-xrd";1;0;1
"menthol";1;0;1
"menthol-tga-analysis";1;0;1
"metronidazole";1;0;1
"metronidazole-and-tinidazole";1;0;1
"physical-characteristics-of-magnesium";1;0;1
"physical-properties-for-magnesium";1;0;1
"physical-properties-of-brass";1;0;1
"physical-properties-of-indole";1;0;1
"physical-properties-of-magnesium-powder";1;0;1
"physical-properties-of-menthol";1;0;1
"structural-properties-of-al4c3-powder";1;0;1
"structural-properties-of-brass";1;0;1
"structural-properties-of-thymol";1;0;1
"thermal-analysis";1;0;1
"thermal-properties-of-indole";1;0;1
"thermal-stability-of-thymol";1;0;1
"thymol";1;0;1
"tinidazole";1;0;1
"uv-vis-spectroscopy";1;0;1
"uv-vis-spectrum-analysis-of-tinidazole";1;0;1
"x-ray-diffraction-analysis-of-brass-powder";1;0;1
"x-ray-diffraction-analysis-of-magnesium";1;0;1
"area-management-restriction-regulation-zones-and-reporting-units";1;0;1
"eau-desurface";1;0;1
"erpautre";1;0;1
"ille-etvilaine";1;0;1
"zonageeau";1;0;1
"zones-a-risquenaturel";1;0;1
"cytokines";1;0;1
"herbomineral-formulation";1;0;1
"immunomodulation";1;0;1
"lps";1;0;1
"appellations";1;0;1
"eauxsouterraines-nappes-d-eau";1;0;1
"occupationdes-terres";1;0;1
"parcseoliens";1;0;1
"servitudes-d-utilitepublique";1;0;1
"territoirea-risque-d-inondation";1;0;1
"zones-arisque-naturel";1;0;1
"papillon";1;0;1
"eaude-surface";1;0;1
"schemaregional-de-coherence-ecologique";1;0;1
"siteindustriel-production-site-industriel";1;0;1
"zonagesnature";1;0;1
"ammonium-acetate";1;0;1
"ammonium-acetate-ir";1;0;1
"ammonium-acetate-uv-spectrum";1;0;1
"ammonium-chloride";1;0;1
"ammonium-chloride-ftir-spectrum";1;0;1
"antimycobacterial-susceptibility";1;0;1
"antimycobacterial-susceptibility-of-antimicrobials";1;0;1
"antimycobacterial-susceptibility-testing";1;0;1
"antimycobacterial-susceptibility-using-bactec";1;0;1
"characteristics-of-sodium-nitrate";1;0;1
"characterization-of-ammonium-acetate";1;0;1
"characterization-of-ammonium-chloride";1;0;1
"disodium-hydrogen-orthophosphate";1;0;1
"ftir-analysis-of-disodium-hydrogen-orthophosphate";1;0;1
"mdr-of-mycobacterium-tuberculosis";1;0;1
"mdr-tb";1;0;1
"mic";1;0;1
"sodium-nitrate-spectral-properties";1;0;1
"spectroscopic-characterization-of-sodium-nitrate";1;0;1
"xdr-tb";1;0;1
"aesn";1;0;1
"covoiturage-aire-deplacement-domicile-travail";1;0;1
"denitrification";1;0;1
"donneees-ouvertes";1;0;1
"dta-estuaire-seine-directive-territoriale-amenagement";1;0;1
"effets-risques-technologiques-danger";1;0;1
"eolien-terrestre-energie-renouvelable-zone-favorable";1;0;1
"hydromorphie";1;0;1
"icpe-installations-classees-lieux-de-production";1;0;1
"phec";1;0;1
"vl";1;0;1
"de-restrictionou-de-reglementation-et-unites-de-declaration";1;0;1
"eaux-interieures-de-surface-riviereset-lacs";1;0;1
"lieux-de-production-et-sitesindustriels";1;0;1
"lieuxde-production-et-sites-industriels";1;0;1
"limites-administratives-etdecoupage-des-territoires-limites-administratives";1;0;1
"limitesadministratives-et-decoupage-des-territoires-limites-administratives";1;0;1
"mouvement-deterrain";1;0;1
"site-industriel-production-sitede-production-d-energie";1;0;1
"antimicrobials";1;0;1
"biochemicals";1;0;1
"biotypic-characterization-of-klebsiella-oxytoca";1;0;1
"characteristics-of-klebsiella-pneumoniae";1;0;1
"klebsiella-oxytoca";1;0;1
"klebsiella-oxytoca-antibiotic-susceptibility";1;0;1
"klebsiella-oxytoca-biochemical-reactions";1;0;1
"klebsiella-oxytoca-biochemical-test";1;0;1
"klebsiella-oxytoca-characteristics";1;0;1
"klebsiella-pneumoniae";1;0;1
"klebsiella-pneumoniae-antibiogram";1;0;1
"klebsiella-pneumoniae-biochemical-characteristics";1;0;1
"klebsiella-pneumoniae-biochemical-tests";1;0;1
"klebsiella-pneumoniae-characteristics";1;0;1
"m-toluic-acid";1;0;1
"m-toluic-acid-physical-properties";1;0;1
"m-toluic-acid-spectroscopic-characterization";1;0;1
"m-toluic-acid-xrd";1;0;1
"meta-toluic-acid";1;0;1
"multidrugresistant";1;0;1
"myristic-acid";1;0;1
"myristic-acid-properties";1;0;1
"myristic-acid-xrd-study";1;0;1
"p-dichlorobenzene";1;0;1
"p-dichlorobenzene-uv-vis-spectrum";1;0;1
"p-dichlorobenzene-xrd-analysis";1;0;1
"p-rettgeri-antimicrobial-susceptibility";1;0;1
"para-dichlorobenzene";1;0;1
"phase-change-materials";1;0;1
"physical-characterization-of-myristic-acid";1;0;1
"physical-properties-of-p-dichlorobenzene";1;0;1
"providencia-rettgeri";1;0;1
"providencia-rettgeri-16s-rdna-sequencing";1;0;1
"providencia-rettgeri-biochemical-reactions";1;0;1
"providencia-rettgeri-biotype-number";1;0;1
"providencia-rettgeri-characteristics";1;0;1
"spectroscopic-properties-of-myristic-acid";1;0;1
"surface-area-analysis";1;0;1
"thermal-characterization-of-myristic-acid";1;0;1
"thermal-stability";1;0;1
"thermal-stability-of-p-dichlorobenzene";1;0;1
"uv-visible-spectroscopy";1;0;1
"1-2-4-triazole";1;0;1
"1-2-4-triazole-analysis";1;0;1
"1-2-4-triazole-dsc-analysis";1;0;1
"1-2-4-triazole-thermal-properties";1;0;1
"1-2-4-triazole-xrd-analysis";1;0;1
"16s-rdna-sequence-of-s-marcescens";1;0;1
"2-methylimidazole";1;0;1
"2-methylimidazole-uv-spectrum";1;0;1
"antimicrobial-susceptibility-of-s-marcescens";1;0;1
"antimicrobial-susceptibility-pattern-of-salmonella-paratyphi";1;0;1
"barium-oxide";1;0;1
"biochemical-identification-of-salmonella-paratyphi";1;0;1
"biochemical-reactions-of-salmonella-paratyphi";1;0;1
"biofield-energy";1;0;1
"characteristics-of-salmonella-paratyphi";1;0;1
"donnees-de-references-referentiels-vocabulairecontrole";1;0;1
"ftir-spectra-of-barium-oxide";1;0;1
"genotypic-analysis-of-m-morganii";1;0;1
"imidazole";1;0;1
"imidazole-derivatives";1;0;1
"imidazole-derivatives-characterization";1;0;1
"imidazole-uv-vis-spectrum";1;0;1
"imidazole-xrd-analysis";1;0;1
"m-morganii-16s-rdna-analysis";1;0;1
"m-morganii-antimicrobial-susceptibility";1;0;1
"microbial-resistance";1;0;1
"morganella-morganii";1;0;1
"morganella-morganii-characteristics";1;0;1
"morganella-morganii-treatment";1;0;1
"paratyphoid-fever";1;0;1
"phenotyping-and-genotyping-of-serratia-marcescens";1;0;1
"physical-properties-of-1-2-4-triazole";1;0;1
"physical-properties-of-barium-oxide";1;0;1
"physical-properties-of-zinc-sulfide";1;0;1
"s-marcescens";1;0;1
"s-paratyphi-a";1;0;1
"salmonella-paratyphi-a-biochemical-reactions";1;0;1
"serratia-marcescens-biochemical-tests";1;0;1
"serratia-marcescens-characteristics";1;0;1
"structural-properties-of-barium-oxide";1;0;1
"surface-area-analyzer";1;0;1
"thermo-gravimetric-analysis";1;0;1
"zinc-sulfide";1;0;1
"zinc-sulfide-xrd-analysis";1;0;1
"bronze";1;0;1
"bronze-powder-xrd-analysis";1;0;1
"characteristics-of-bronze-powder";1;0;1
"ft-ir-spectroscopy-of-bronze";1;0;1
"physical-properties-of-bronze-powder";1;0;1
"sem";1;0;1
"structural-properties-of-bronze-powder";1;0;1
"16s-rdna-gene-sequencing";1;0;1
"16s-rdna-of-pseudomonas-fluorescens";1;0;1
"16s-rdna-sequencing-of-e-aerogenes";1;0;1
"antibiogram-of-enterobacter-cloacae";1;0;1
"austenitic-stainless-steel";1;0;1
"biotyping-of-enterobacter-cloacae";1;0;1
"brain-tumor";1;0;1
"cell-death-rate-of-gbm-cells";1;0;1
"enterobacter-aerogenes";1;0;1
"enterobacter-aerogenes-antimicrobial-susceptibility";1;0;1
"enterobacter-aerogenes-characteristics";1;0;1
"enterobacter-cloacae";1;0;1
"enterobacter-cloacae-biochemical-characteristics";1;0;1
"enterobacter-cloacae-characteristics";1;0;1
"ftir-analysis-of-sparfloxacin";1;0;1
"ftir-spectrum-of-salicylic-acid";1;0;1
"genotyping-characteristic-of-shigella-sonnei";1;0;1
"glial-cell";1;0;1
"glioblastoma";1;0;1
"group-b-streptococcus-agalactiae";1;0;1
"human-brain-tumor-cells";1;0;1
"investigation-of-antimicrobial-susceptibility-of-e-cloacae";1;0;1
"lyophilized-state";1;0;1
"non-gbm-human-brain-cells";1;0;1
"p-fluorescens-rdna-sequencing";1;0;1
"phenotype-and-genotype-of-enterobacter-aerogenes";1;0;1
"phenotyping";1;0;1
"phenotyping-characteristic-of-shigella-sonnei";1;0;1
"physical-properties-of-stainless-steel-powder";1;0;1
"properties-of-stainless-steel-powder";1;0;1
"pseudomonas-fluorescens";1;0;1
"pseudomonas-fluorescens-biochemical-reactions";1;0;1
"pseudomonas-fluorescens-biochemical-tests";1;0;1
"pseudomonas-fluorescens-identification";1;0;1
"rapd-analysis-of-e-aerogenes";1;0;1
"salicylic-acid";1;0;1
"shigella-flexneri";1;0;1
"shigella-flexneri-antibiogram";1;0;1
"shigella-flexneri-antimicrobial-susceptibility";1;0;1
"shigella-flexneri-biochemical-reactions";1;0;1
"shigella-flexneri-biotyping";1;0;1
"shigella-flexneri-treatment";1;0;1
"shigella-sonnei";1;0;1
"shigella-sonnei-antimicrobial-susceptibility";1;0;1
"shigella-sonnei-characteristics";1;0;1
"shigellosis";1;0;1
"sparfloxacin";1;0;1
"sparfloxacin-spectral-properties";1;0;1
"spectral-properties-of-salicylic-acid";1;0;1
"stainless-steel-powder-ftir-analysis";1;0;1
"streptococcus-agalactiae-alterations";1;0;1
"streptococcus-agalactiae-biochemical-characteristics";1;0;1
"streptococcus-agalactiae-biotype-number";1;0;1
"streptococcus-agalactiae-group-b";1;0;1
"streptococcus-agalactiae-mic-alterations";1;0;1
"structural-properties-of-stainless-steel-powder";1;0;1
"sus316l";1;0;1
"time-lapse-video-microscopy";1;0;1
"two-time-lapse-video-microscopy";1;0;1
"uv-spectrum-of-salicylic-acid";1;0;1
"viability-of-normal-brain-cells";1;0;1
"xrd-analysis-of-stainless-steel";1;0;1
"etatecologique";1;0;1
"installations-de-suivienvironnemental";1;0;1
"accessoire-moto";1;0;1
"casque-moto";1;0;1
"promo-moto";1;0;1
"chaulnes-et-bray-sursomme";1;0;1
"noyellessur-mer";1;0;1
"plan-deprevention";1;0;1
"repartitiondes-especes";1;0;1
"risque-gestiondu-risque";1;0;1
"gluten-hydrolysate";1;0;1
"ipomoea-macroelements";1;0;1
"nonrestreint";1;0;1
"rupturesde-barrages";1;0;1
"unitesadministratives";1;0;1
"eauxinterieures-de-surface-rivieres-et-lacs";1;0;1
"reservoirsde-biodiversite";1;0;1
"habitats-etbiotopes";1;0;1
"biophysique";1;0;1
"companies";1;0;1
"register";1;0;1
"etat-dumilieu-qualite-et-quantite";1;0;1
"zonagesrisque-naturel";1;0;1
"documentd-urbanisme";1;0;1
"ressource-eneau";1;0;1
"nature-paysagebiodiversite";1;0;1
"installations-desuivi-environnemental";1;0;1
"berthauderie";1;0;1
"co-conception";1;0;1
"galicherais";1;0;1
"pertuischaud";1;0;1
"petit-caporal";1;0;1
"prezegat";1;0;1
"saint-nazaire";1;0;1
"tin";1;0;1
"trebale";1;0;1
"triangular-irregular-network";1;0;1
"eaux-cotieres-eauxmaritimes";1;0;1
"patrimoinenaturel";1;0;1
"decision-cas-par-cas";1;0;1
"etablissements-pour-personnes-agees";1;0;1
"etablissements-pour-personnes-handicapees";1;0;1
"services-d-aide-a-domicile";1;0;1
"article-scientifique";1;0;1
"articles-scientifiques";1;0;1
"budget-r-t";1;0;1
"capeps";1;0;1
"capes";1;0;1
"capet";1;0;1
"caplp";1;0;1
"carnot";1;0;1
"conseils-regionaux";1;0;1
"crpe";1;0;1
"crt";1;0;1
"depp";1;0;1
"diplome-universitaire";1;0;1
"france-regroupee";1;0;1
"glossary";1;0;1
"irt";1;0;1
"laureate";1;0;1
"mt180";1;0;1
"operation-statistique";1;0;1
"pft";1;0;1
"sies";1;0;1
"staff";1;0;1
"telechargements";1;0;1
"translation";1;0;1
"tutelle";1;0;1
"etudes-d-impact";1;0;1
"reseaux-detransport";1;0;1
"station-ski";0;1;1
"cooperations";1;0;1
"habitat-politique-dela-ville";1;0;1
"sciencestechniques";1;0;1
"sitesproteges";1;0;1
"observatoires-regionaux";1;0;1
"faune-marine";1;0;1
"cheerz";0;1;1
"points-reperes";1;0;1
"freelance";0;1;1
"business-school";0;1;1
"mba";0;1;1
"opendataparis";0;1;1
"organisation-du-suivi-de-l-eau-programmesde-surveillance-reseaux-de-mesure";1;0;1
"antenne-de-police";1;0;1
"bureau-des-archives";1;0;1
"centre-de-reception-des-etrangers";1;0;1
"fourrieres";1;0;1
"iml";1;0;1
"musee-de-la-prefecture-de-police";1;0;1
"police-administrative";1;0;1
"prefourrieres";1;0;1
"classement-fibre";0;1;1
"palmares-fibre";0;1;1
"eaux-interieuresde-surface-rivieres-et-lacs";1;0;1
"espace-resident";1;0;1
"fonction-du-sol";1;0;1
"plante-aquatique";1;0;1
"sol-sature-engorge-d-eau";1;0;1
"stationnement-sur-voirie";1;0;1
"territoire-a-risqued-inondation";1;0;1
"zone-residents";1;0;1
"habitatset-biotopes";1;0;1
"alavateli";1;0;1
"automobilistes";1;0;1
"bureau-partage";1;0;1
"corworking";1;0;1
"domaines-professionnels";1;0;1
"gillez-carrez";1;0;1
"grands-electeurs";1;0;1
"grenoble-commune";1;0;1
"information-society-state";1;0;1
"intermittent-du-spectacle";1;0;1
"internet-sans-frontieres-state";1;0;1
"internet-state";1;0;1
"odra-haiti";1;0;1
"porno";1;0;1
"pvs";1;0;1
"tags1";1;0;1
"universite-de-strasbourg";1;0;1
"web-state";1;0;1
"world-bank-state";1;0;1
"zones-prioritaires";1;0;1
"directivecadre-eau";1;0;1
"robotique";0;1;1
"amenageurs";1;0;1
"interoperabilite";1;0;1
"operateurs-de-mobilite";1;0;1
"services-d-utilite-publiqueet-services-publics";1;0;1
"politiqueenvironnementale";1;0;1
"dassault";0;1;1
"inventeur";0;1;1
"culture-tourisme-patrimoine-sports";1;0;1
"centre-de-secours";1;0;1
"gestion-du-risqued-inondation";1;0;1
"habitat-politiquede-la-ville-politique";1;0;1
"centre-ancien";1;0;1
"centre-historique";1;0;1
"eau-cours-d-eau-hydrographie-bonnes-conditions-agricoles-et-environnementales-directive-nitrates";1;0;1
"envahissantes";1;0;1
"especes-invasives";1;0;1
"exotiques";1;0;1
"japonica-sachalinensis-x-bohemica";1;0;1
"renouee-a-epis-nombreux";1;0;1
"renouees-du-japon-non-differenciees";1;0;1
"urbanisme-et-foncier-zonages-divers";1;0;1
"zones-amenagements-concertes";1;0;1
"assainissement-eaux-usees";1;0;1
"zones-de-mouillages-et-d-equipements-legers";1;0;1
"anti-gaspi";0;1;1
"education-nutritionnelle";0;1;1
"evolution-historique";1;0;1
"espace-boise-classe";1;0;1
"canalisation-eau";1;0;1
"cours-d-eau-domanial";1;0;1
"lac-domanial";1;0;1
"nom-de-la-commune-ne-pas-oublier-l-emprise-a-la-commune-et-d-associer-les-fichiers";1;0;1
"patrimoinefc";1;0;1
"famille-sante-social";1;0;1
"geoguyane";1;0;1
"installations-humaines";1;0;1
"operation-interet-national";1;0;1
"patrimoine-culture";1;0;1
"zone-amenagement-differe";1;0;1
"naturepaysage-biodiversite";1;0;1
"arrete-cadre";1;0;1
"activiteeconomique-agriculture-et-elevage";1;0;1
"amenagement-servitude";1;0;1
"atals-du-salon";1;0;1
"atlas-de-la-lizaine";1;0;1
"atlas-du-rahin";1;0;1
"atlas-du-ruhans";1;0;1
"atlas-du-secteur-de-senargent";1;0;1
"atlas-la-douce";1;0;1
"bande-d-utilite-publique";1;0;1
"bassin-versant-captage-contentieux-eaux-brutes-nitrates-europe";1;0;1
"bois-ronds";1;0;1
"dig";1;0;1
"directive-territoriale-d-amenagement";1;0;1
"durgeon";1;0;1
"durgeon-amont";1;0;1
"durgeon-amont-hors-aval";1;0;1
"gonflement";1;0;1
"grand-gibier";1;0;1
"limites-de-communes";1;0;1
"louvetier";1;0;1
"lsle-de-noe";1;0;1
"mat-eolien";1;0;1
"ognon";1;0;1
"ognon-basse-vallee";1;0;1
"ognon-secteur-lure";1;0;1
"passage-ouvrages-installation-cours-d-eau-canal-lac-plan-d-eau-sup-servitude-assiette-a-4";1;0;1
"plan-de-prevention-des-risques-retrait-gonflement-des-argiles-de-la-commune-xxxx-gers";1;0;1
"plan-de-protection-de-l-atmosphere";1;0;1
"qualite-des-eaux";1;0;1
"risques-ppri-pprn";1;0;1
"saint-andre";1;0;1
"semouse";1;0;1
"senargent";1;0;1
"unite-cynegetique";1;0;1
"val-de-semouse";1;0;1
"virgule-de-sable";1;0;1
"zone-defavorisee";1;0;1
"zone-reg";1;0;1
"zone-reglementee-du-pprga-de-la-commune-de-xxxxx-gers";1;0;1
"amenagement-urbanisme-zonagesplanification";1;0;1
"christmas-circus";1;0;1
"cirque-de-noel";1;0;1
"wonderful";1;0;1
"wonderful-christmas-circus";1;0;1
"documentsd-urbanisme";1;0;1
"eaux-interieures-de-surface-rivieres-etlacs";1;0;1
"booster";1;0;1
"syndicat-d-energie";1;0;1
"syndicats-d-energie";1;0;1
"disque-de-stationnement";1;0;1
"papillon-de-vigilance";1;0;1
"le-plus-beau-des-cirques-de-noel";1;0;1
"sites-dinjection";1;0;1
"sourcesd-energie";1;0;1
"cartomancie";1;0;1
"bilan-sante";1;0;1
"caracterisation";1;0;1
"temps-scolaire";1;0;1
"prevair";1;0;1
"ineris";1;0;1
"lcsqa";1;0;1
"vitrine";1;0;1
"fougeres-agglomeration";1;0;1
"javene";1;0;1
"lecousse";1;0;1
"naturalrisk-zones";1;0;1
"chicha";0;1;1
"narguile";0;1;1
"patisserie";1;0;1
"patisserie-fine";1;0;1
"patisserie-traiteur";1;0;1
"developpementdurable";1;0;1
"zonages-risquenaturel";1;0;1
"etablissements-publics-de-cooperation-intercommunale";1;0;1
"etablissements-publics-de-cooperation-intercommunale-a-fiscalite-propre";1;0;1
"entreprise-artisanale";1;0;1
"petit-commerce";1;0;1
"petite-industrie";1;0;1
"petites-et-moyennes-entreprises";1;0;1
"cu";1;0;1
"mobiloire";1;0;1
"andre-desguine";1;0;1
"monographies";1;0;1
"eaux-interieures-desurface-rivieres-et-lacs";1;0;1
"opticien";1;0;1
"thesaurus-liste-dautorite";1;0;1
"avis-optical-center";1;0;1
"ae";1;0;1
"lema";1;0;1
"geomartinique";1;0;1
"laboratoire-geode";1;0;1
"liquefaction";1;0;1
"milieu-humide";1;0;1
"office-de-l-eau";1;0;1
"grande-entreprise";1;0;1
"micro";1;0;1
"trancon";1;0;1
"changement-de-porte";1;0;1
"changement-de-serrure";1;0;1
"porte-blinde";1;0;1
"serrurier-paris-assistance";1;0;1
"adaptations";1;0;1
"ameliorations";1;0;1
"fonciersol";1;0;1
"climagri";1;0;1
"eit";1;0;1
"fonctionnalite";1;0;1
"lisea";1;0;1
"n-ecologie-littoral";1;0;1
"n-mine-carriere-granulats";1;0;1
"n-parc-locatif-social";1;0;1
"niveaux-diffusion";1;0;1
"service-d-utilite-publique";1;0;1
"bilan-demographique";0;1;1
"invention";0;1;1
"plancton";1;0;1
"accidentsdelaroute";0;1;1
"chirurgien";0;1;1
"courdecassation";0;1;1
"dommage-corporel";0;1;1
"gynecologue-obstetricien";0;1;1
"prejudice-corporel";0;1;1
"responsabilitemedicale";0;1;1
"afirev";1;0;1
"contrats-de-mobilite";1;0;1
"identifiant-de-point-de-recharge";1;0;1
"identifiants";1;0;1
"identifiants-de-station-de-recharge";1;0;1
"nom-de-la-commune-ne-pas-oublier-l-emprise-ala-commune-et-d-associer-les-fichiers";1;0;1
"sdage-2016";1;0;1
"sieag";1;0;1
"chaise-tolix";0;1;1
"tolix";0;1;1
"decret-2017-26";1;0;1
"offre-optical-center";1;0;1
"offre-unique-optical-center";1;0;1
"opticale-center";1;0;1
"observation-parpoint";1;0;1
"schema-regional-de-coherenceecologique";1;0;1
"bosquet";1;0;1
"valeur-des-terres";1;0;1
"maec";1;0;1
"pprdf";1;0;1
"foncier-sol-occupationdu-sol";1;0;1
"documenturbanisme";1;0;1
"certificat-immatriculation";0;1;1
"formulaire-publication-boamp-acheteurpublic";0;1;1
"annuaire-service-public";0;1;1
"sde29";1;0;1
"sdehg";1;0;1
"zonesde-gestion";1;0;1
"fonf";1;0;1
"cagc";1;0;1
"quercy";1;0;1
"gestion-du-paysage";1;0;1
"zonagesplanification";1;0;1
"cnr";1;0;1
"solsature-engorge-d-eau";1;0;1
"air-urbaine";1;0;1
"cynips-chataignier-sante-vegetale-alsace";1;0;1
"maec-alsace-paec-eau-zone-action-prioritaire-enjeu";1;0;1
"maec-alsace-paec-enjeu-sol-erosion-zone-action-prioritaire";1;0;1
"maec-alsace-paec-perimetre";1;0;1
"maec-alsace-paec-perimetre-alsace-bossue-vosges-du-nord-pnr";1;0;1
"maec-alsace-paec-perimetre-gerplan-haut-rhin";1;0;1
"maec-alsace-paec-perimetre-haguenau-natura-2000";1;0;1
"maec-alsace-paec-perimetre-hamster-pna";1;0;1
"maec-alsace-paec-perimetre-ill-rhin-natura-2000";1;0;1
"maec-alsace-paec-perimetre-maec-systeme-grandes-cultures";1;0;1
"maec-alsace-paec-perimetre-montagne-vosges-pnr";1;0;1
"maec-alsace-paec-perimetre-ried-zembs-andlau-dachsbach";1;0;1
"maec-alsace-paec-perimetre-zorn-biodiversite-et-paysage";1;0;1
"maec-alsace-paec-zone-action-prioritaire-biodiversite-paysage-enjeu";1;0;1
"pme-pmi";1;0;1
"professionnel-bt";1;0;1
"residentiel-bt";1;0;1
"milieuxnaturels";1;0;1
"natural-riskzones";1;0;1
"politiquede-l-environnement";1;0;1
"alterbase";1;0;1
"sde65";1;0;1
"population-recensement-repartition-occupation-dessols";1;0;1
"siteindustriel-production";1;0;1
"02-region-bourgogne-franche-comt";1;0;1
"a-9-servitudes-relatives-a-la-co";1;0;1
"acces-et-maintien-dans-le-logeme";1;0;1
"accueil-collectif-de-la-petites-";1;0;1
"accueil-individuel-de-la-petite-";1;0;1
"accueil-individuel-du-jeune-enfa";1;0;1
"action-educative-en-milieu-ouver";1;0;1
"activite-economique-agriculture-";1;0;1
"activites-humaines-campagnes-oce";1;0;1
"activites-humaines-reseaux-d-obs";1;0;1
"aep-alimentation-en-eaux-potable";1;0;1
"agglomeration-de-clermont-ferran";1;0;1
"aide-sociale-personnes-handicape";1;0;1
"aires-d-alimentation-des-captage";1;0;1
"algue-fucale-laminariale-gigarti";1;0;1
"allocataires-du-minimum-vieilles";1;0;1
"allocation-compensatrice-pour-ti";1;0;1
"allocation-de-compensation-du-ha";1;0;1
"allocation-pour-adultes-handicap";1;0;1
"amenagement-urbanisme-zonages-et";1;0;1
"amers-phares-et-semaphores-gener";1;0;1
"apb-aire-de-protection-de-biotop";1;0;1
"apprentissage-professionnelle-sa";1;0;1
"archeologies-patrimoines-histoir";1;0;1
"area-management-restriction-regu";1;0;1
"arretes-prefectoraux-de-protecti";1;0;1
"arts-appliques-et-culture-artist";1;0;1
"assistance-technique-departement";1;0;1
"association-des-utilisateurs-de-";1;0;1
"associations-de-developpement-de";1;0;1
"bassin-versant-captage-contentie";1;0;1
"bassins-cotiers-de-dol-de-bretag";1;0;1
"biogaz-methanisation-energie-ene";1;0;1
"bois-et-forets-soumis-au-regime-";1;0;1
"bonnes-conditions-agricoles-et-e";1;0;1
"bpe-base-permanente-des-equipeme";1;0;1
"brain-derived-neurotrophic-facto";1;0;1
"bretagne-manche-guisseny-kerloua";1;0;1
"bretagne-manche-occidentale-rosc";1;0;1
"budget-et-finances-du-departemen";1;0;1
"bus-arrets-abris-bus-transports-";1;0;1
"bus-transports-en-commun-tc-lign";1;0;1
"caisse-nationale-des-industries-";1;0;1
"caisse-nationale-militaire-de-se";1;0;1
"centrale-de-chauffage-alimentee-";1;0;1
"centre-d-action-medico-sociale-p";1;0;1
"centre-de-reception-des-etranger";1;0;1
"centre-de-reception-radioelectri";1;0;1
"centre-hospitalier-universitaire";1;0;1
"centres-de-planification-et-dedu";1;0;1
"commune-concernee-par-le-pprn-ne";1;0;1
"commune-faugeres-pluviometrie-th";1;0;1
"communes-conseil-regional-epci-a";1;0;1
"competitions-sportives-internati";1;0;1
"composes-organohalogenes-volatil";1;0;1
"conseil-municipal-faugeres-ardec";1;0;1
"consommation-de-soins-et-de-bien";1;0;1
"contrats-de-developpement-depart";1;0;1
"contrats-urbains-de-cohesion-soc";1;0;1
"controle-scientifique-et-techniq";1;0;1
"cotisation-sur-la-valeur-ajoutee";1;0;1
"couverture-maladie-universelle-c";1;0;1
"covoiturage-aire-deplacement-dom";1;0;1
"credit-de-particulier-a-particul";1;0;1
"culture-tourisme-patrimoine-spor";1;0;1
"cynips-chataignier-sante-vegetal";1;0;1
"dechets-des-activites-economique";1;0;1
"dechets-non-dangereux-du-commerc";1;0;1
"defibrillateur-sante-urgence-mon";1;0;1
"demographie-et-population-recens";1;0;1
"directive-ce-relative-a-la-prote";1;0;1
"directive-territoriale-d-amenage";1;0;1
"dispositifs-medicaux-implantable";1;0;1
"donnee-generique-intercommunalit";1;0;1
"dotation-d-equipement-des-territ";1;0;1
"droits-de-mutation-a-titre-onere";1;0;1
"dta-estuaire-seine-directive-ter";1;0;1
"eau-cours-d-eau-hydrographie-bon";1;0;1
"eau-littoral-baignade-qualite-sa";1;0;1
"eaux-usees-issues-d-un-reseau-d-";1;0;1
"equipement-de-lutte-contre-la-po";1;0;1
"espace-public-dechets-et-propret";1;0;1
"etablissement-d-enseignement-pri";1;0;1
"etablissement-d-enseignement-pub";1;0;1
"etablissement-deficient-sensorie";1;0;1
"etablissement-enfant-polyhandica";1;0;1
"etablissement-enfants-ados-polyh";1;0;1
"etablissement-public-a-caractere";1;0;1
"etablissement-public-de-cooperat";1;0;1
"etablissements-pour-personnes-ag";1;0;1
"etablissements-pour-personnes-ha";1;0;1
"etablissements-recevant-du-publi";1;0;1
"etude-d-impact-sur-l-environneme";1;0;1
"evaluation-de-l-impact-des-condi";1;0;1
"evenement-de-securite-remarquabl";1;0;1
"federation-des-aveugles-de-franc";1;0;1
"fonds-nationaux-de-garantie-indi";1;0;1
"gestion-du-domaine-public-routie";1;0;1
"habitat-peuplement-benthos-bioce";1;0;1
"habitat-peuplement-benthos-carte";1;0;1
"habitat-politique-de-la-ville-ha";1;0;1
"habitats-benthos-typologie-natur";1;0;1
"icpe-installations-classees-lieu";1;0;1
"identifiants-de-station-de-recha";1;0;1
"indemnite-compensatoire-de-handi";1;0;1
"informations-institutionnelles-e";1;0;1
"installationsde-suivi-environnem";1;0;1
"institut-therapeutique-educatif-";1;0;1
"instrument-de-gestion-de-l-envir";1;0;1
"interet-ecologique-faunistique-e";1;0;1
"interet-faunistique-et-floristiq";1;0;1
"interruptions-medicale-de-grosse";1;0;1
"japonica-sachalinensis-x-bohemic";1;0;1
"laminaire-himanthalia-fucus-zost";1;0;1
"legislation-en-matiere-de-ressou";1;0;1
"les-abers-aber-benoit-aber-wrac-";1;0;1
"les-aspects-industriels-de-la-de";1;0;1
"leve-bathymetrique-a-l-ellipsoid";1;0;1
"limites-administratives-et-decou";1;0;1
"limites-politiques-et-administra";1;0;1
"maec-alsace-paec-eau-zone-action";1;0;1
"maec-alsace-paec-enjeu-sol-erosi";1;0;1
"maec-alsace-paec-perimetre-alsac";1;0;1
"maec-alsace-paec-perimetre-gerpl";1;0;1
"maec-alsace-paec-perimetre-hague";1;0;1
"maec-alsace-paec-perimetre-hamst";1;0;1
"maec-alsace-paec-perimetre-ill-r";1;0;1
"maec-alsace-paec-perimetre-maec-";1;0;1
"maec-alsace-paec-perimetre-monta";1;0;1
"maec-alsace-paec-perimetre-ried-";1;0;1
"maec-alsace-paec-perimetre-zorn-";1;0;1
"maec-alsace-paec-zone-action-pri";1;0;1
"maison-denfants-a-caractere-soci";1;0;1
"maladies-sexuellement-transmissi";1;0;1
"materiaux-et-locaux-traditionnel";1;0;1
"mediatheques-culture-bibliothequ";1;0;1
"mer-littoral-limite-administrati";1;0;1
"mesure-preventive-en-matiere-de-";1;0;1
"milieu-physique-bathymetrie-hydr";1;0;1
"milieu-physique-geologie-sedimen";1;0;1
"milieu-physique-hydrodynamique-h";1;0;1
"milieux-lagunaires-mediterraneen";1;0;1
"modulauto-location-voiture-parki";1;0;1
"morts-france-departement-naissan";1;0;1
"nature-paysage-biodiversite-n-zo";1;0;1
"nom-de-la-commune-ne-pas-oublier";1;0;1
"normes-de-qualite-environnementa";1;0;1
"occupation-du-sol-sol-sous-sol-m";1;0;1
"operations-de-maintien-de-la-pai";1;0;1
"organisation-du-suivi-de-l-eau-p";1;0;1
"ouvrages-lies-a-l-eau-obstacles-";1;0;1
"passage-ouvrages-installation-co";1;0;1
"passion-enseignement-et-pedagogi";1;0;1
"patrimoine-architectural-et-urba";1;0;1
"patrimoine-mobilier-et-immobilie";1;0;1
"patrimoine-tourisme-loisirs-autr";1;0;1
"patrimoine-tourisme-loisirs-tour";1;0;1
"pays-conseil-regional-territoire";1;0;1
"phycotoxines-toxines-coquillages";1;0;1
"phytoplancton-micro-algues-bloom";1;0;1
"plan-de-protection-de-l-atmosphe";1;0;1
"planification-et-developpement-u";1;0;1
"plans-locaux-d-urbanisme-interco";1;0;1
"plans-particuliers-d-interventio";1;0;1
"plateforme-de-maturation-de-mach";1;0;1
"plateformes-de-maturation-de-mac";1;0;1
"poles-de-formations-ou-de-recher";1;0;1
"politiques-departementales-evolu";1;0;1
"pollution-sonore-de-l-environnem";1;0;1
"population-recensement-repartiti";1;0;1
"ppri-plan-de-prevention-des-risq";1;0;1
"ppri-plans-de-prevention-des-ris";1;0;1
"pprn-plan-de-prevention-des-risq";1;0;1
"pprn-plans-de-prevention-des-ris";1;0;1
"pprt-sur-le-departement-de-la-so";1;0;1
"prevention-de-la-pollution-de-l-";1;0;1
"prevention-risques-installations";1;0;1
"prevention-risques-technologique";1;0;1
"prevision-de-crue-hydrologie-vig";1;0;1
"promotion-du-commerce-et-de-lind";1;0;1
"protection-de-zone-de-captage-de";1;0;1
"protection-judiciaire-de-la-jeun";1;0;1
"quartiers-prioritaires-de-la-pol";1;0;1
"redynamisation-d-une-zone-geogra";1;0;1
"reglementation-et-gestion-reglem";1;0;1
"regroupement-pedagogique-interco";1;0;1
"renouees-du-japon-non-differenci";1;0;1
"repartition-geographique-de-la-p";1;0;1
"repertoire-des-entreprises-et-de";1;0;1
"reseau-de-bornes-de-recharge-rap";1;0;1
"reseau-energie-divers-electricit";1;0;1
"reseau-energie-divers-telecommun";1;0;1
"revenus-des-chirurgiens-dentiste";1;0;1
"risques-et-securite-risques-natu";1;0;1
"risques-et-securite-securite-civ";1;0;1
"risques-mouvement-de-terrain-tas";1;0;1
"riviere-elorn-rade-de-brest-fini";1;0;1
"routes-departementales-pdmd-trav";1;0;1
"santa-c-et-protection-des-animau";1;0;1
"sante-et-securite-des-personnes-";1;0;1
"schema-d-amenagement-et-de-gesti";1;0;1
"schema-regional-de-coherenceecol";1;0;1
"secteur-de-recrutement-des-colle";1;0;1
"service-prevision-des-crues-giro";1;0;1
"services-d-utilite-publique-etse";1;0;1
"services-et-equipements-publics-";1;0;1
"sitcat-syndicat-intercommunal-de";1;0;1
"slan-de-sauvegarde-et-mise-en-va";1;0;1
"societe-d-histoire-naturelle-d-a";1;0;1
"sols-bd-sol-potentiel-cultural-a";1;0;1
"sous-produits-des-installations-";1;0;1
"station-de-potabilisation-de-l-e";1;0;1
"station-de-reference-de-surveill";1;0;1
"stationnement-sur-voirie-station";1;0;1
"stockage-de-gaz-ou-produit-chimi";1;0;1
"structure-sociale-enfant-inadapt";1;0;1
"systeme-d-immatriculation-des-ve";1;0;1
"technologies-de-l-information-et";1;0;1
"territoires-a-risque-important-d";1;0;1
"tramway-tram-arrets-transports-e";1;0;1
"transparency-international-franc";1;0;1
"transports-deplacements-securite";1;0;1
"transports-infrastructure-mariti";1;0;1
"troncon-hydrographique-thematiqu";1;0;1
"unite-de-traitement-biologique-d";1;0;1
"urbanisme-et-foncier-zonages-div";1;0;1
"usages-et-pressions-prelevements";1;0;1
"usine-de-valorisation-energetiqu";1;0;1
"utilisation-libre-sous-reserve-d";1;0;1
"utilisation-tice-etablissements-";1;0;1
"vegetation-algue-laminariale-reb";1;0;1
"visibilite-sur-les-voies-publiqu";1;0;1
"zone-de-developpement-de-l-eolie";1;0;1
"zone-humide-d-importance-interna";1;0;1
"zones-de-gestion-de-restrictiono";1;0;1
"zones-de-mouillages-et-d-equipem";1;0;1
"zones-degestion-de-restriction-o";1;0;1
"zones-urbaines-u-les-zones-a-urb";1;0;1
"zonesde-gestion-de-restriction-o";1;0;1
"zrr-zone-de-revitalisation-rural";1;0;1
"zsc-zone-speciale-de-conservatio";1;0;1
"carte-nouvelles-regions-de-franc";0;1;1
"formulaire-publication-boamp-ach";0;1;1
"gestion-des-informations-globale";0;1;1
"panneaux-publicitaires-scelles-a";0;1;1
"recharge-voiture-electrique-espa";0;1;1
"alterbase79";1;0;1
"alterbase86";1;0;1
"association-des-utilisateurs-de";1;0;1
"activiteindustrielle";1;0;1
"epci-2017";0;1;1
"morbihan-energies";1;0;1
"organisationterritoriale";1;0;1
"serrurier-75";1;0;1
"serrurier-villiers-le-bel";1;0;1
"agneau-d-aveyron";1;0;1
"alpes-maritmes";1;0;1
"appb-arrete-de-biotope";1;0;1
"cercle";1;0;1
"communale";1;0;1
"cotes-de-millau";1;0;1
"entraygues";1;0;1
"estaing";1;0;1
"marcillac";1;0;1
"saint-martin-d-entraunes";1;0;1
"origine-durisque";1;0;1
"point-demesure";1;0;1
"defenses-cotieres";1;0;1
"defenses-de-cote";1;0;1
"doonnees-ouvertes";1;0;1
"ougc";1;0;1
"ourage";1;0;1
"parc-solaire";1;0;1
"point-d-acces";1;0;1
"point-d-interet";1;0;1
"spatialisation";1;0;1
"aep-syndicat-gestion-d-eau";1;0;1
"azi-atlas-creuse";1;0;1
"azi-atlas-tardes-voueize";1;0;1
"eau-bassins-versants";1;0;1
"permis-d-amenager-lotissements";1;0;1
"autorisation-administrative";1;0;1
"element-du-paysage";1;0;1
"indice-marniere";1;0;1
"organe-de-regroupement";1;0;1
"production-agricole";1;0;1
"produit-agricole";1;0;1
"risque-sur-la-qualite-de-l-eau";1;0;1
"salure";1;0;1
"service-administratif";1;0;1
"val-de-cisse";1;0;1
"zonage-plannification";1;0;1
"amers";1;0;1
"anthropique";1;0;1
"aperam-stainless-france";1;0;1
"audomarois";1;0;1
"avelon";1;0;1
"batiment-d-elevage";1;0;1
"bouchots";1;0;1
"bourran";1;0;1
"bresles";1;0;1
"breuil-le-sec";1;0;1
"chevrieres";1;0;1
"communes-littorales";1;0;1
"courcelles-epayelles";1;0;1
"elevation-du-niveau-de-la-mer";1;0;1
"equipement-de-peche";1;0;1
"esquennoy";1;0;1
"frayeres";1;0;1
"gestion-cours-d-eau";1;0;1
"gournay-sur-aronde";1;0;1
"jusix";1;0;1
"mytilicoles";1;0;1
"nortanking";1;0;1
"pprs";1;0;1
"prairies-sensibles";1;0;1
"pre-sale";1;0;1
"prescription-plu";1;0;1
"ressons-sur-matz";1;0;1
"ribecourt";1;0;1
"rique";1;0;1
"route-grande-circulation";1;0;1
"saumons";1;0;1
"semaphores";1;0;1
"servitudes-d-utilite-publiques";1;0;1
"styrolution";1;0;1
"sup-servitude-generateur-el-9";1;0;1
"tricot";1;0;1
"trosly-breuil";1;0;1
"urbanisme-planification";1;0;1
"villers-saint-paul";1;0;1
"vynova";1;0;1
"wimereux";1;0;1
"zam";1;0;1
"zone-de-gestion";1;0;1
"cote-de-reference-pprl";1;0;1
"cote-reference";1;0;1
"durenque";1;0;1
"enjeux-pprl-baie-de-bourgneuf";1;0;1
"espace-agricole";1;0;1
"espaces-remarquables-146-6";1;0;1
"halage-et-marchepied-assiettes";1;0;1
"limites-portuaires";1;0;1
"limites-salure";1;0;1
"ltm";1;0;1
"massif-vosgien";1;0;1
"neufchateau";1;0;1
"origine-pprl-pays-de-monts";1;0;1
"perimetre-ppri-lay-aval";1;0;1
"perimetre-pprl-baie-de-bourgneuf";1;0;1
"ppri-le-lay";1;0;1
"ppri-riviere-vendee";1;0;1
"ppri-sevre-nantaise-zonage";1;0;1
"pprl-baie-de-bourgneuf-enjeux";1;0;1
"pprl-noirmoutier";1;0;1
"pprl-noirmoutier-alea";1;0;1
"pprl-noirmoutier-enjeux";1;0;1
"pprl-pays-de-monts-zonage";1;0;1
"protection-captage-eau-potable";1;0;1
"repartitions-des-eaux";1;0;1
"rupture-barrage";1;0;1
"secteurs-voltac";1;0;1
"service-publique";1;0;1
"sevre-niortaise";1;0;1
"siaep";1;0;1
"usages-des-sols";1;0;1
"zonage-aiguillon-sur-mer-ppri";1;0;1
"zonage-ppri-lay-aval";1;0;1
"zonage-pprl-baie-de-bourgneuf";1;0;1
"zonage-pprl-noirmoutier";1;0;1
"zone-de-risque-naturel";1;0;1
"zone-mouillage-collectif";1;0;1
"zone-mouillage-non-autorisee";1;0;1
"zones-conchylicoles";1;0;1
"donneegenerique-habillage";1;0;1
"gestionde-risque";1;0;1
"occupationdu-sol";1;0;1
"contrat-de-travail";1;0;1
"duree-de-travail";1;0;1
"murettes";1;0;1
"qualites";1;0;1
"bassin-adourgaronne";1;0;1
"reveo";1;0;1
"pages-facebook";1;0;1
"rss-to-facebook";1;0;1
"rss-to-linkedin";1;0;1
"rss-to-medium";1;0;1
"rss-to-tumblr";1;0;1
"rss-to-twitter";1;0;1
"serrurier-les-ulis";1;0;1
"sga";1;0;1
"siege27";1;0;1
"watson";0;1;1
"sdesm77";1;0;1
"annexe-sanitaire";1;0;1
"ipap";1;0;1
"migrations-residentiellles";1;0;1
"obligations-divers";1;0;1
"orthhophoto";1;0;1
"voie-ferre";1;0;1
"corridorsecologiques";1;0;1
"numero-de-tva";0;1;1
"numero-de-tva-intracommunautaire";0;1;1
"se61";1;0;1
"inventaire-naturebiodiversite";1;0;1
"plande-prevention";1;0;1
"voyante-sur-internet";1;0;1
"bridey";1;0;1
"sde56";1;0;1
"s56";1;0;1
"zap-zoneagricole-protegee";1;0;1
"voyante-virtuelle";1;0;1
"virta";1;0;1
"magie";1;0;1
"magie-et-voyance";1;0;1
"magie-voyance";1;0;1
"magie-voyance-gratuite";1;0;1
"sieil37";1;0;1
"500-signatures";0;1;1
"multirotors";0;1;1
"acteadministratif";1;0;1
"massed-eau";1;0;1
"politique-del-environnement";1;0;1
"geek";0;1;1
"mobihan-energies";1;0;1
"ater";1;0;1
"attache-de-recherche";1;0;1
"maitre-de-langues";1;0;1
"repetiteur";1;0;1
"preventionrisque-naturel";1;0;1
"informations-financieres";1;0;1
"informations-generales";1;0;1
"meilleur-opticien-en-ligne";1;0;1
"sdei";1;0;1
"gestion-des-criseset-des-risques";1;0;1
"rayonnage";0;1;1
"devis-travaux";0;1;1
"geoportail-del-urbanisme";1;0;1
"airclimat";1;0;1
"zonage-pprilay-aval";1;0;1
"formation-prestashop";1;0;1
"openeventdatabase";0;1;1
"praxy";0;1;1
"webmarketing";0;1;1
"perimetre-ppri-layaval";1;0;1
"qualitede-l-eau";1;0;1
"habitat-politique-de-laville";1;0;1
"ville-de-beauvais";1;0;1
"unites-adlinistratives";1;0;1
"decoupages-administratifs";1;0;1
"etat-actionnaire";1;0;1
"parc-social";1;0;1
"publics-modestes";1;0;1
"rapport-public-annuel";1;0;1
"perruches-a-collier";1;0;1
"administrations-fiscales";1;0;1
"commission-des-finances";1;0;1
"comptes-de-letat";1;0;1
"dispositifs-fiscaux";1;0;1
"finances-sociales";1;0;1
"institut-curie";1;0;1
"majeurs";1;0;1
"myopathies";1;0;1
"regulateurs";1;0;1
"situation-financieres";1;0;1
"sivom";1;0;1
"sivu";1;0;1
"smf";1;0;1
"telethon";1;0;1
"fnd";1;0;1
"france-televisions";1;0;1
"dirve02";1;0;1
"drealbfc";1;0;1
"enveloppes-decrues";1;0;1
"zoneshumides";1;0;1
"concours-financiers";1;0;1
"primo-accedants";1;0;1
"secteur-communal";1;0;1
"pts";1;0;1
"zonages-detudes";1;0;1
"programme-localde-l-habitat";1;0;1
"parcellaireagricole";1;0;1
"pprlpays-de-monts-cote-reference";1;0;1
"risquenaturel";1;0;1
"sde24";1;0;1
"sdee47";1;0;1
"sdeeg33";1;0;1
"sdepa";1;0;1
"sdepa64";1;0;1
"schema-decoherence-territorial";1;0;1
"eauxcotieres-eaux-maritimes";1;0;1
"urbanismelogement";1;0;1
"banque-publique";1;0;1
"qos";1;0;1
"qos-mobile";1;0;1
"sites-mobiles";1;0;1
"sieml";1;0;1
"sieml49";1;0;1
"drealpc";1;0;1
"amenagementurbanisme";1;0;1
"estuairede-l-aulne";1;0;1
"reseaude-chauffage-urbain";1;0;1
"rhonealpes";1;0;1
"spherepublique";1;0;1
"empowerment";1;0;1
"marsouin";1;0;1
"pouvoir-dagir";1;0;1
"wip";1;0;1
"world-internet-project";1;0;1
"donneegenerique-intercommunalite";1;0;1
"gestiondu-risque-d-inondation";1;0;1
"system-informatique";1;0;1
"urbnanisation";1;0;1
"recuperateur";1;0;1
"rambouillet-territoires";1;0;1
"milieubiologique-habitats";1;0;1
"referentiels-decoordonnees";1;0;1
"romans-sur-isere";1;0;1
"budget2015";1;0;1
"sydela";1;0;1
"lor";0;1;1
"agriculture-parcellaireagricole";1;0;1
"amenagementdu-territoire";1;0;1
"bassins-devie";1;0;1
"sante-etsecurite-des-personnes";1;0;1
"chess";1;0;1
"echecs";1;0;1
"atlasdes-paysages";1;0;1
"fondsmarins";1;0;1
"masseeau";1;0;1
"oraganisation-administrative";1;0;1
"risquesindustriels";1;0;1
"e-born";1;0;1
"eborn";1;0;1
"etablissements-dhebergement-pour-personnes-agees";1;0;1
"skills";1;0;1
"cedex";1;0;1
"dgm";1;0;1
"protection24-com";0;1;1
"espaces-departementaux-dactions-sociales";1;0;1
"fournisseurs-dacces";1;0;1
"capacity";0;1;1
"sdey";1;0;1
"voyance-gratuite";1;0;1
"devis-travaux-maison";0;1;1
"electricite-brunoy";0;1;1
"entreprise-renovation";0;1;1
"entreprise-renovation-brunoy";0;1;1
"entreprise-renovation-paris";0;1;1
"plomberie-brunoy";0;1;1
"renovation-appartement";0;1;1
"renovation-appartement-paris-16";0;1;1
"renovation-apparttement-paris";0;1;1
"renovation-maison";0;1;1
"renovation-maison-brunoy";0;1;1
"travaux-maison";0;1;1
"universite-paris-13";1;0;1
"up13";1;0;1
"pole-enregistrement";1;0;1
"1901";1;0;1
"pyspark";0;1;1
"spark";0;1;1
"autobleue";1;0;1
"toile";1;0;1
"donneegenerique-action-publique";1;0;1
"espace-public-dechetset-proprete";1;0;1
"comptes-de-gestion";1;0;1
"eco-pret-a-taux-zero";1;0;1
"eco-ptz";1;0;1
"ecoptz";1;0;1
"pret-accession-sociale";1;0;1
"pret-pas";1;0;1
"pzt";1;0;1
"station-pompage";1;0;1
"k7";1;0;1
"populations-legales";1;0;1
"ouvert-adresse-lycee-education";1;0;1
"web-de-donnees";0;1;1
"construction-maison";0;1;1
"elk";0;1;1
"logstash";0;1;1
"gwas";1;0;1
"recherche-cardiovasculaire";1;0;1
"donnees-twitter";1;0;1
"effets-indiserables";1;0;1
"pharmacovigilance";1;0;1
"cma";1;0;1
"installationdangereuse";1;0;1
"ppra";1;0;1
"specificationlocale";1;0;1
"tacheurbaine";1;0;1
"cartecommunale";1;0;1
"schemade-coherence-territoriale";1;0;1
"belle-ileen-mer";1;0;1
"environnement-espacenaturel";1;0;1
"matierespremieres";1;0;1
"reserve-depeche";1;0;1
"risquesismique";1;0;1
"sitesproteges-environnement";1;0;1
"territoire-arisque-d-inondation";1;0;1
"unites-devalorisation-organique";1;0;1
"zonageseau";1;0;1
"loireatlantique";1;0;1
"politique-agricolecommune";1;0;1
"profils-ppri-sevrenantaise";1;0;1
"76240";1;0;1
"electoral";1;0;1
"panneaux-daffichage-electoral";1;0;1
"dechetsmenagers-et-assimiles";1;0;1
"donneesvecteur";1;0;1
"mouvementde-terrain";1;0;1
"etude-desrisques-naturels";1;0;1
"resultats-tour-1";1;0;1
"ipbx";0;1;1
"voip";0;1;1
"obstaclesa-l-ecoulement";1;0;1
"reservenaturelle";1;0;1
"surfaceinondable";1;0;1
"pprl-pays-de-monts-cotereference";1;0;1
"regimeforestier";1;0;1
"zonesconchylicoles";1;0;1
"article-69";0;1;1
"civictech";0;1;1
"territoire-numerique";0;1;1
"autorite-des-marches-financiers";1;0;1
"euronext";1;0;1
"inities";1;0;1
"zonagesamenagement";1;0;1
"election-france";0;1;1
"election-presidentielle-commune";0;1;1
"resultat-election-1-er-tour";0;1;1
"resultat-election-2017";0;1;1
"resultat-election-paris";0;1;1
"election-2017";0;1;1
"election-paris";0;1;1
"resultat-election-commune";0;1;1
"resultat-election-ville";0;1;1
"sde86";1;0;1
"sankey";0;1;1
"installationa-haut-risque";1;0;1
"sentier-pedagogique";1;0;1
"23-avril-et-3-mai-2017";1;0;1
"10thingstosee";1;0;1
"amo";1;0;1
"bulgaria";1;0;1
"italia";1;0;1
"membres-sictiam";1;0;1
"observatoire-fiscal";1;0;1
"pabx";1;0;1
"installation-ahaut-risque";1;0;1
"mode-detransport";1;0;1
"sav-grandeparoisse";1;0;1
"gareferroviaire";1;0;1
"concentrationmaximale";1;0;1
"milieuhumide";1;0;1
"zonereglementee";1;0;1
"daguerreotype";1;0;1
"itier";1;0;1
"jules";1;0;1
"directive-cadreeau";1;0;1
"etude-des-risquesnaturels";1;0;1
"gestion-derisque";1;0;1
"amenagement-duterritoire";1;0;1
"continuitesecologiques";1;0;1
"ressortissants-francais";0;1;1
"centre-detri";1;0;1
"culturesmarines";1;0;1
"geoportailde-l-urbanisme";1;0;1
"installationsclassees";1;0;1
"plan-d-occupationdes-sols";1;0;1
"cartescommunales";1;0;1
"draafna";1;0;1
"milieuphysique";1;0;1
"carte-grise-en-ligne";0;1;1
"cartes-de-bruitstrategiques";1;0;1
"reseau-energiediverse";1;0;1
"dates-bac";0;1;1
"sciences-participartives";1;0;1
"hydronymes";1;0;1
"traitementorganique";1;0;1
"risque-risquetechnologique";1;0;1
"mnemotechnique";0;1;1
"etablissementpublic";1;0;1
"ocean-atlantiquenord";1;0;1
"valorisationenergetique";1;0;1
"planslocaux-d-urbanisme";1;0;1
"pauvres";0;1;1
"seuil-de-pauvrete";0;1;1
"sde22";1;0;1
"sde76";1;0;1
"voyance-gratuite-imemdiate";1;0;1
"se60";1;0;1
"siteindustriel";1;0;1
"plateforme-decompostage";1;0;1
"complement-alimentaire";0;1;1
"cosmetique";0;1;1
"brassicole";0;1;1
"houblon";0;1;1
"malt";0;1;1
"risques-important-d-inondation";1;0;1
"qualite-pollutionde-l-eau";1;0;1
"alguesvertes";1;0;1
"risque-risqueminier";1;0;1
"plans-locauxd-urbanisme";1;0;1
"site-industrielproduction";1;0;1
"boues-d-epuration-deseaux-usees";1;0;1
"membresgeomartinique";1;0;1
"gestion-decrise";1;0;1
"auao";1;0;1
"inventaireecologique";1;0;1
"virgule-desable";1;0;1
"agencenationale-de-l-habitat";1;0;1
"droit-dessols";1;0;1
"zonage-pprlnoirmoutier";1;0;1
"zonebleue";1;0;1
"agglomeration-du-puy-en-velay";1;0;1
"controles-qualite";1;0;1
"controles-qualites";1;0;1
"departement-allier";1;0;1
"gal-leader-2015-2020";1;0;1
"monts-d-ardeche";1;0;1
"referentiels-orthophotographie";1;0;1
"reseaux-cyclables";1;0;1
"territoires-de-projet";1;0;1
"x-y-z";1;0;1
"ppri-de-mesnilmartinsart";1;0;1
"consommationd-espace";1;0;1
"mer-littoral-navigationmaritime";1;0;1
"lutte-contreles-inondations";1;0;1
"occupation-dusol";1;0;1
"regionsmaritimes";1;0;1
"parc-national-despyrenees";1;0;1
"cotations-rnm";1;0;1
"gestion-descrises-et-des-risques";1;0;1
"zonagesrisque-technologique";1;0;1
"agriculture-zonagesagricoles";1;0;1
"marche-de-lor";0;1;1
"gestion-des-crises-et-desrisques";1;0;1
"classementsonore";1;0;1
"11-et-17-juin-2017";1;0;1
"penalite-google";0;1;1
"site-penalise";0;1;1
"hpst";1;0;1
"loi-hpst";1;0;1
"offices-de-tourisme";1;0;1
"reservoirs-debiodiversite";1;0;1
"lorientagglomeration";1;0;1
"zoneurbaine";1;0;1
"droitdes-sols";1;0;1
"dechetsdes-iaa";1;0;1
"mobilitetransport-stationnement";1;0;1
"politiqueagricole-commune";1;0;1
"repartition-desespeces";1;0;1
"typede-sol";1;0;1
"chambre-de-tirage";1;0;1
"preventiondes-risques-naturels";1;0;1
"reseaude-mesure";1;0;1
"risques-etsecurite-autres";1;0;1
"chambres-consulaires";1;0;1
"autorite-administrative";1;0;1
"riche";0;1;1
"clem";1;0;1
"mopeasy";1;0;1
"bracelet-electronique";1;0;1
"ecrou";1;0;1
"liberation-conditionnelle";1;0;1
"placement-exterieur";1;0;1
"prisonnier";1;0;1
"semi-liberte";1;0;1
"montant-des-droits";1;0;1
"enercon-gmbh";1;0;1
"le-prieure";1;0;1
"soubise";1;0;1
"carabus";1;0;1
"effectif-age";1;0;1
"effectif-categorie";1;0;1
"effectif-sexe";1;0;1
"analyse-territoriale";0;1;1
"mouton";0;1;1
"ocupation-du-sol";1;0;1
"reduction-desrisques";1;0;1
"sitesinscrits-ou-classes";1;0;1
"donneegenerique";1;0;1
"habitatpolitique-de-la-ville";1;0;1
"inventairepaysage";1;0;1
"comparaison-annuelle";1;0;1
"aires-de-jeux-cadre-de-vie-espaces-verts";1;0;1
"flux-deplacement";1;0;1
"fringue";1;0;1
"espacepublic-dechets-et-proprete";1;0;1
"gestion-durisque-d-inondation";1;0;1
"logementlocatif";1;0;1
"insfrastructureroutiere";1;0;1
"indicateurs-sociaux";0;1;1
"denominationsgeographiques";1;0;1
"transportinfrastructure";1;0;1
"centres-radioelectriques";1;0;1
"plafondde-loyer";1;0;1
"pprl-enjeuxnoirmoutier";1;0;1
"rce";1;0;1
"zoneaction-complementaire";1;0;1
"planteaquatique";1;0;1
"traficroutier";1;0;1
"plan-d-occupation-dessols";1;0;1
"proprietefonciere";1;0;1
"meret-littoral";1;0;1
"zonageagricole";1;0;1
"plan-locald-urbanisme";1;0;1
"richesse-naturelle";1;0;1
"mer-littoral-ecologiedu-littoral";1;0;1
"risque-mouvement-deterrain";1;0;1
"specificationdepartementale";1;0;1
"healthy-food";0;1;1
"scanup";0;1;1
"dompierrebecquincourt";1;0;1
"val-d-ille-aubigne";1;0;1
"marche-del-habitat";1;0;1
"eau-ausage-agricole";1;0;1
"refusde-compostage";1;0;1
"bateaude-peche";1;0;1
"gestionde-l-eau";1;0;1
"unite-immobiliere";1;0;1
"legislattives";0;1;1
"protection-debiotope";1;0;1
"zonagespaysages";1;0;1
"biologiques-phytoplancton";1;0;1
"aidepublique";1;0;1
"alimentationeau-potable";1;0;1
"biologiques-bacteries";1;0;1
"unitesstatistiques";1;0;1
"a-collec-l";1;0;1
"a-step-p";1;0;1
"bords-de-chaussees";1;0;1
"boucle-verte";1;0;1
"carroyages";1;0;1
"ci-trafi";1;0;1
"complements-cartographiques";1;0;1
"dp-lim-e";1;0;1
"dp-par-e";1;0;1
"ec-entpa";1;0;1
"en-empac";1;0;1
"en-frcol";1;0;1
"fi-ent-12";1;0;1
"fi-eta-14";1;0;1
"fibres";1;0;1
"fv-carre";1;0;1
"fv-commu";1;0;1
"fv-numvo";1;0;1
"fv-tronc";1;0;1
"fv-trvel";1;0;1
"fv-txvoi";1;0;1
"fv-voie";1;0;1
"habillages-lineaires";1;0;1
"habillages-ponctuels";1;0;1
"habillages-surfaciques";1;0;1
"hydro";1;0;1
"informations-lineaires";1;0;1
"informations-ponctuelles";1;0;1
"informations-surfaciques";1;0;1
"levers";1;0;1
"masses-baties";1;0;1
"mosaiques";1;0;1
"noms-de-voies";1;0;1
"noms-des-voies";1;0;1
"numeros-de-voirie";1;0;1
"p-docurb";1;0;1
"p-docurb-a";1;0;1
"p-habill";1;0;1
"p-info";1;0;1
"p-info-p";1;0;1
"p-info-s";1;0;1
"p-presc";1;0;1
"p-presc-p";1;0;1
"p-presc-s";1;0;1
"p-zoneurba";1;0;1
"p-zoneurba-s";1;0;1
"pc-capte";1;0;1
"pc-carf";1;0;1
"pc-s-zon";1;0;1
"perim-div-plu";1;0;1
"planches";1;0;1
"prescriptions-lineaires";1;0;1
"prescriptions-ponctuelles";1;0;1
"prescriptions-surfaciques";1;0;1
"rails";1;0;1
"reglementations";1;0;1
"rt-infra";1;0;1
"ruisseaux";1;0;1
"se-pt";1;0;1
"taches-urbaines";1;0;1
"tb-arcvl";1;0;1
"tb-arret";1;0;1
"tb-chem";1;0;1
"tb-depot";1;0;1
"tb-ligne";1;0;1
"tb-parcr";1;0;1
"tb-ptvte";1;0;1
"tb-stvel";1;0;1
"tb-tronc";1;0;1
"terrains-de-sport";1;0;1
"to-ax-op";1;0;1
"to-axfer";1;0;1
"to-bati";1;0;1
"to-bois";1;0;1
"to-borte";1;0;1
"to-courb-2001";1;0;1
"to-dalle";1;0;1
"to-ecbar";1;0;1
"to-eqbat";1;0;1
"to-eqlim";1;0;1
"to-eqpub";1;0;1
"to-hydro";1;0;1
"to-li-op";1;0;1
"to-li-ot";1;0;1
"to-liadm";1;0;1
"to-perim";1;0;1
"to-ptbat";1;0;1
"toitures";1;0;1
"trajets";1;0;1
"tris";1;0;1
"tris-selectifs";1;0;1
"z-empres";1;0;1
"z-ervoie";1;0;1
"z-espboi";1;0;1
"z-planc";1;0;1
"z-secteu";1;0;1
"z-sms";1;0;1
"zonage-plu";1;0;1
"habitaturbain";1;0;1
"securiteroutiere";1;0;1
"office-cuisine-centrale";1;0;1
"segpa";1;0;1
"donneeenvironnementale";1;0;1
"eaude-baignade";1;0;1
"saintvaast-en-chaussee";1;0;1
"stage-de-formation";1;0;1
"minimale";1;0;1
"minimal";0;1;1
"lofar2";1;0;1
"sitesindustriels";1;0;1
"zonesnaturelles";1;0;1
"bancs-publics";1;0;1
"promenades-pietonnes";1;0;1
"voies-pietonnes";1;0;1
"film-en-streaming";1;0;1
"filmes-en-streaming";1;0;1
"remplacant-de-t411";1;0;1
"streaming-gratuit";1;0;1
"t411";1;0;1
"t411-ferme";1;0;1
"torrent-gratuit";1;0;1
"monumenthistorique";1;0;1
"locative";1;0;1
"venale";1;0;1
"sante-et-securitedes-personnes";1;0;1
"epexspot";1;0;1
"immediate";1;0;1
"tchat";1;0;1
"tourisme-fluvial";1;0;1
"tourisme-vert";1;0;1
"chaulnes-etbray-sur-somme";1;0;1
"reservede-peche";1;0;1
"schema-decoherence-territoriale";1;0;1
"test-indexation";1;0;1
"arc-de-linnovation";1;0;1
"caves";1;0;1
"concede";1;0;1
"contrarts";1;0;1
"decorations";1;0;1
"detachement";1;0;1
"fil-deau";1;0;1
"job";1;0;1
"lyce";1;0;1
"mur-vegetalise";1;0;1
"petite-ceinture";1;0;1
"pim";1;0;1
"plate-bande";1;0;1
"pmup";1;0;1
"qsec";1;0;1
"stationnement-residentiel";1;0;1
"stationnement-rotatif";1;0;1
"beneficiare";1;0;1
"sa001";1;0;1
"sa002";1;0;1
"sa003";1;0;1
"sa004";1;0;1
"sa005";1;0;1
"sa006";1;0;1
"sa007";1;0;1
"sa008";1;0;1
"sa012";1;0;1
"se001";1;0;1
"se002";1;0;1
"se003";1;0;1
"se004";1;0;1
"se005";1;0;1
"si001";1;0;1
"si002";1;0;1
"si003";1;0;1
"si004";1;0;1
"si005";1;0;1
"si011";1;0;1
"si012";1;0;1
"si013";1;0;1
"sl001";1;0;1
"sl002";1;0;1
"sl003";1;0;1
"sl004";1;0;1
"sl005";1;0;1
"sp001";1;0;1
"sp002";1;0;1
"sp003";1;0;1
"sp004";1;0;1
"sp005";1;0;1
"sp008";1;0;1
"vfdas";1;0;1
"abonnement-de-travail-intercites";1;0;1
"abonnement-de-travail-ter";1;0;1
"abreviation";1;0;1
"aeea";1;0;1
"aie";1;0;1
"armement";1;0;1
"auber";1;0;1
"bruit-media";1;0;1
"chantiers-transport-combine";1;0;1
"circuits-de-voie";1;0;1
"courbure";1;0;1
"detecteurs-de-boite-chaude";1;0;1
"donnees-topographiques";1;0;1
"ecartement-des-voies";1;0;1
"effectif-disponible";1;0;1
"electrification";1;0;1
"exposition-mediatique";1;0;1
"facilite-circulation";1;0;1
"famille-de-travaux";1;0;1
"fonctions-support";1;0;1
"franklin-d-roosevelt";1;0;1
"happycard";1;0;1
"installations-terminales-embranchees";1;0;1
"interceptions";1;0;1
"investissement-net";1;0;1
"irc";1;0;1
"kvb";1;0;1
"menu-tgv";1;0;1
"mode-de-cantonnement";1;0;1
"ouvrages-en-terre";1;0;1
"passages-souterrains";1;0;1
"pont-rail";1;0;1
"pont-route";1;0;1
"position-geographique";1;0;1
"radio-sol-train";1;0;1
"regime-de-travail";1;0;1
"regime-dexploitation";1;0;1
"service-des-archives-et-de-la-documentation";1;0;1
"sous-stations";1;0;1
"stations-radio-fixes";1;0;1
"tarif-tgv";1;0;1
"trafic-marchandise";1;0;1
"trafic-voyageur";1;0;1
"trajet-ic";1;0;1
"traversee-de-voie-par-le-public";1;0;1
"triages";1;0;1
"type-de-ligne";1;0;1
"ubm";1;0;1
"donneegenerique-administratif";1;0;1
"productiond-energie-electrique";1;0;1
"aximum";1;0;1
"bbc";1;0;1
"colas";1;0;1
"fsrif";1;0;1
"heliport";1;0;1
"hqe";1;0;1
"ligne-12";1;0;1
"ordre-du-jour";1;0;1
"paybyphone";1;0;1
"porte-de-versailles";1;0;1
"radiation";1;0;1
"sacs-canins";1;0;1
"voitutr";1;0;1
"clauses-sociales";1;0;1
"siae";1;0;1
"proliferationd-algues";1;0;1
"montre-connectee";0;1;1
"objet-connectes";0;1;1
"zonagesetude";1;0;1
"prada";1;0;1
"compte-du-logement";1;0;1
"zone-blanche";1;0;1
"carte-thd";0;1;1
"open-moulinette";0;1;1
"permis-vacances-travail";0;1;1
"stress";0;1;1
"stress-au-travail";0;1;1
"14juillet";1;0;1
"reseaux-d-initiative-publique";1;0;1
"eauxde-surface";1;0;1
"salut";1;0;1
"diversite-biologique";1;0;1
"economie-agricole";1;0;1
"politique-territoriale";1;0;1
"protection-des-terres";1;0;1
"protection-du-paysage";1;0;1
"relations-homme-nature";1;0;1
"sentier-pedestre";1;0;1
"opencorporates";0;1;1
"burger";0;1;1
"modifications-de-societes";1;0;1
"cash";1;0;1
"dispositifs-encreurs";1;0;1
"oberthur-fiduciaire";1;0;1
"transports-de-fonds";1;0;1
"dgal";1;0;1
"eau-cotinentale";1;0;1
"perimetre-de-gestion-collective";1;0;1
"air-climat-changementclimatique";1;0;1
"soleil";1;0;1
"assietteservitude";1;0;1
"fioul";0;1;1
"ticpe";1;0;1
"comparatif";0;1;1
"guide-dachat";0;1;1
"le-reviewer";0;1;1
"web-to-store";0;1;1
"entreprise-locale";1;0;1
"code-entreprise";1;0;1
"cosmetiques";1;0;1
"a-collec";1;0;1
"a-step";1;0;1
"ci-trafi-l";1;0;1
"dp-bord-l";1;0;1
"dp-chlim-p";1;0;1
"dp-lim-e-l";1;0;1
"dp-par-e-s";1;0;1
"dp-usage-s";1;0;1
"ec-entpa-p";1;0;1
"en-empac-p";1;0;1
"en-frcol-s";1;0;1
"fi-ent-12-p";1;0;1
"fi-eta-14-p";1;0;1
"fv-carre-l";1;0;1
"fv-commu-s";1;0;1
"fv-numvo-p";1;0;1
"fv-tronc-l";1;0;1
"fv-trvel-l";1;0;1
"fv-txvoi-p";1;0;1
"fv-voie-a";1;0;1
"pc-capte-p";1;0;1
"pc-carf-p";1;0;1
"pc-s-zon-s";1;0;1
"rt-infra-l";1;0;1
"se-pt-s";1;0;1
"tb-arcvl-p";1;0;1
"tb-arret-p";1;0;1
"tb-chem-l";1;0;1
"tb-chem-tb-parco-tb-tronc";1;0;1
"tb-depot-p";1;0;1
"tb-ligne-a";1;0;1
"tb-parcr-p";1;0;1
"tb-ptvte-p";1;0;1
"tb-stvel-p";1;0;1
"tb-tronc-l";1;0;1
"to-aqbat-s";1;0;1
"to-ax-op-l";1;0;1
"to-axfer-l";1;0;1
"to-bati-s";1;0;1
"to-bois-s";1;0;1
"to-borte-l";1;0;1
"to-canev-p";1;0;1
"to-courb-l-2001";1;0;1
"to-dalle-s";1;0;1
"to-ecbar-p";1;0;1
"to-eqlim-s";1;0;1
"to-eqpub-p";1;0;1
"to-hydro-s";1;0;1
"to-li-op-l";1;0;1
"to-li-ot-l";1;0;1
"to-liadm-l";1;0;1
"to-perim-s";1;0;1
"to-ptbat-s";1;0;1
"farfadet-de-lambre";0;1;1
"somad";0;1;1
"cellules-de-monocytes";1;0;1
"expression-des-genes";1;0;1
"gene-expression";1;0;1
"monocytes";1;0;1
"omics";1;0;1
"transcriptomics";1;0;1
"civilisis";1;0;1
"humanis";1;0;1
"temps-differe";1;0;1
"universite-bor";1;0;1
"universite-bretagne";1;0;1
"affymetrix";0;1;1
"illumina";0;1;1
"rng-mrc";0;1;1
"transcriptomique";0;1;1
"hypocalorique";1;0;1
"perte-de-poids";1;0;1
"rapidement";1;0;1
"balance-commerciale";0;1;1
"commerce-exterieur-francais";0;1;1
"deficit-commercial";0;1;1
"exportations-francaise";0;1;1
"importations-francais";0;1;1
"braderie";1;0;1
"composition-du-gouvernement";1;0;1
"gouvernements";1;0;1
"protocole";1;0;1
"eqtl";1;0;1
"genomics";1;0;1
"pqtl";1;0;1
"contact-paypal";1;0;1
"paypal-contact-number";1;0;1
"paypal-customer-service";1;0;1
"paypal-support";1;0;1
"fruits-et-legumes-marseille";1;0;1
"yep-nature";1;0;1
"geolocaliastion";0;1;1
"grande-enseigne";0;1;1
"lesfurets";1;0;1
"lesfurets-com";1;0;1
"boites-postales";1;0;1
"paves";1;0;1
"revetement";1;0;1
"tarif-assurance";1;0;1
"assurland";1;0;1
"assurland-com";1;0;1
"sirh";1;0;1
"meurtre";0;1;1
"pprt-nexter";1;0;1
"redevance-environnementale";1;0;1
"espace-numerique";1;0;1
"ddmh";1;0;1
"mur-anti-bruit";1;0;1
"risques-pollutions";1;0;1
"sonores-circulation";1;0;1
"formation-drone";1;0;1
"pilote-de-drone";1;0;1
"telepilote";1;0;1
"constipation";1;0;1
"prenoms-rennes";0;1;1
"imprimerie-1812z";1;0;1
"la-seyne-sur-mer";1;0;1
"registre-des-emissions";1;0;1
"evaluer";1;0;1
"gratification-minimale";1;0;1
"paie-stagiaire";1;0;1
"remuneration-minimale";1;0;1
"remuneration-stagiaire";1;0;1
"salaire-stagiaire";1;0;1
"calcul-des-interets";1;0;1
"choix-de-formulaire";1;0;1
"forfait-de-publication";1;0;1
"formulaire-de-publication";1;0;1
"penalites-de-retard";1;0;1
"site-boamp";1;0;1
"blocages-de-voies";1;0;1
"engineering-and-construction";1;0;1
"agra-c-ment-zoo-sanitaire";1;0;1
"archives-et-documentation";1;0;1
"equida-c-s";1;0;1
"installations-enregistra-c-es";1;0;1
"laboratoires-agra-c-a-c-s";1;0;1
"na-c-gociants-agra-c-a-c-s";1;0;1
"ongula-c-s-domestiques";1;0;1
"pra-c-paration-de-viandes";1;0;1
"produit-de-la-paache";1;0;1
"produits-de-la-paache";1;0;1
"tests-sa-c-rologiques";1;0;1
"viandes-hacha-c-es";1;0;1
"aspersion";1;0;1
"beaulieu";1;0;1
"cagnes";1;0;1
"cessole";1;0;1
"cimiez";1;0;1
"cinematheque";1;0;1
"combattants";1;0;1
"comte-de-falicon";1;0;1
"corallina";1;0;1
"coulee-verte";1;0;1
"cyber-espace";1;0;1
"dwg";1;0;1
"ex-rd";1;0;1
"film-amateur";1;0;1
"galeries";1;0;1
"garibaldi";1;0;1
"grands-hommes";1;0;1
"gymnas";1;0;1
"heterosexuel";1;0;1
"invitation";1;0;1
"liberation";1;0;1
"massena";1;0;1
"memoire-vivante";1;0;1
"metropol";1;0;1
"observation-du-territoire";1;0;1
"palais";1;0;1
"personnalites";1;0;1
"promenade-du-paillon";1;0;1
"rapatries";1;0;1
"reseau-structurant";1;0;1
"rissoella-verruculosa";1;0;1
"routes-metropolitaine";1;0;1
"routes-metropolitaines";1;0;1
"saint-isidore";1;0;1
"saint-roch";1;0;1
"saint-sylvestre";1;0;1
"symboles";1;0;1
"tinee";1;0;1
"topoguide";1;0;1
"tourrette";1;0;1
"trachel";1;0;1
"ulvales";1;0;1
"usage-du-sol";1;0;1
"velobleu";1;0;1
"vieux-nice";1;0;1
"villages-perches";1;0;1
"villefranche";1;0;1
"voies-principales";1;0;1
"nutrition-enterale";0;1;1
"nutrition-orale";0;1;1
"calcul-pension-alimentaire";0;1;1
"estimer-pension-alimentaire";0;1;1
"dir-massif-central";1;0;1
"dirmc";1;0;1
"lpo-rhone-alpes";1;0;1
"reseau-dir-massif-central";1;0;1
"24-septembre-2017";1;0;1
"2017-779";1;0;1
"journee-europeenne-du-patrimoine";1;0;1
"tarif-unique-bornes-electriques";1;0;1
"tube";1;0;1
"ouvert-climat-energie";1;0;1
"ouvert-dispositif-centre-bourg";1;0;1
"royan";1;0;1
"odl";1;0;1
"test-odl";1;0;1
"diffusion-restreinte";1;0;1
"fv-carre-p";1;0;1
"to-eqbat-s";1;0;1
"apparition";0;1;1
"close-up";0;1;1
"disparition";0;1;1
"illusion";0;1;1
"illusionniste";0;1;1
"manipulation";0;1;1
"prestidigitateur";0;1;1
"elections-senatoriales-2017";1;0;1
"esapces-naturels-sensibles";1;0;1
"securite-informatique";1;0;1
"antidiabetic";0;1;1
"diabetes";0;1;1
"diabetes-france";0;1;1
"diabetis-drugs";0;1;1
"diabetis-market";0;1;1
"french-pharmaceutical";0;1;1
"aitf";1;0;1
"asserar-english-program";0;1;1
"plan-metro";1;0;1
"ennetieres-en-weppes";1;0;1
"mp3";0;1;1
"article-31";1;0;1
"biologie-marine-phytoplancton";1;0;1
"ebook";1;0;1
"livre-numerique";1;0;1
"livres-numeriques";1;0;1
"panel-citoyen";1;0;1
"qualite-de-ville";1;0;1
"unite-de-consommation";0;1;1
"aide-logement";1;0;1
"telechargement-illegal";0;1;1
"stations-tramway";1;0;1
"microcredit";1;0;1
"pnb";1;0;1
"rbe";1;0;1
"teq";1;0;1
"sied70";1;0;1
"hotpost";0;1;1
"surfer";0;1;1
"soins-hospitaliers";0;1;1
"electricity";1;0;1
"park";1;0;1
"storage";1;0;1
"methode-de-vente";1;0;1
"reclamation";1;0;1
"chouette-athena";1;0;1
"chouette-cheveche";1;0;1
"pelouses-calcaires";1;0;1
"pelouses-calcicoles";1;0;1
"paris-logement";1;0;1
"taux-d-evolution";1;0;1
"stations-hydrometriques";1;0;1
"business-plan";0;1;1
"concurrents";0;1;1
"administration-penitentiaire";1;0;1
"alternatives-a-lincarceration";1;0;1
"migration-pendulaire";0;1;1
"ec-parc";1;0;1
"ec-parc-s";1;0;1
"fv-adresse";1;0;1
"fv-adresse-p";1;0;1
"fv-fleuv";1;0;1
"fv-fleuv-s";1;0;1
"fv-ndvel";1;0;1
"fv-ndvel-p";1;0;1
"grs-gigc";1;0;1
"grs-gigc-p";1;0;1
"invalides";1;0;1
"rh-flec-2";1;0;1
"rh-flec-2-p";1;0;1
"rh-flec-3";1;0;1
"rh-flec-3-p";1;0;1
"rh-itcyc";1;0;1
"rh-itcyc-a";1;0;1
"rh-itine";1;0;1
"rh-itine-a";1;0;1
"rh-parcy";1;0;1
"rh-parcy-s";1;0;1
"rh-secti";1;0;1
"rh-secti-a";1;0;1
"rh-text-1";1;0;1
"rh-text-1-p";1;0;1
"rh-text-2";1;0;1
"rh-text-2-p";1;0;1
"rh-text-3";1;0;1
"rh-text-3-p";1;0;1
"rh-tronc";1;0;1
"rh-tronc-l";1;0;1
"se-cgep";1;0;1
"se-cgep-s";1;0;1
"se-cpost";1;0;1
"se-cpost-s";1;0;1
"se-quart";1;0;1
"se-quart-s";1;0;1
"sv-arret";1;0;1
"sv-arret-p";1;0;1
"sv-arrfl";1;0;1
"sv-arrfl-a";1;0;1
"sv-chem";1;0;1
"sv-chem-a";1;0;1
"sv-cours";1;0;1
"sv-cours-a";1;0;1
"sv-devia";1;0;1
"sv-devia-a";1;0;1
"sv-flexo";1;0;1
"sv-flexo-s";1;0;1
"sv-horai";1;0;1
"sv-horai-a";1;0;1
"sv-ligne";1;0;1
"sv-ligne-a";1;0;1
"sv-lipub";1;0;1
"sv-lipub-a";1;0;1
"sv-messa";1;0;1
"sv-messa-a";1;0;1
"sv-tronc";1;0;1
"sv-tronc-l";1;0;1
"sv-vehic";1;0;1
"sv-vehic-p";1;0;1
"tb-coul-tb-stat-tb-ligne";1;0;1
"tb-ligne-tb-parc-tb-parcr";1;0;1
"amelioration";1;0;1
"border";1;0;1
"l-214-17";1;0;1
"legionelle";1;0;1
"mont-saint-michel";1;0;1
"natura";1;0;1
"polders";1;0;1
"theme-inspire";1;0;1
"etat-d-avancement-des-procedures";1;0;1
"generateur-servitude";1;0;1
"schema-departemental";1;0;1
"val-de-tours";1;0;1
"val-de-vienne";1;0;1
"redevables";0;1;1
"decimal";0;1;1
"hexadecimal";0;1;1
"rgb";0;1;1
"rvb";0;1;1
"golang";0;1;1
"langage-go";0;1;1
"micro-service";0;1;1
"swagger";0;1;1
"appels-internationaux";0;1;1
"indicatifs-europe";0;1;1
"indicatifs-telephonique";0;1;1
"aleas-pprl-pays-olonne";1;0;1
"conchyculture";1;0;1
"cote-2100-pprl-talmondais";1;0;1
"enjeu-pprl-talmondais-enjeux";1;0;1
"enjeux-pprl-la-faute-sur-mer";1;0;1
"origine-pprl-bassin-du-lay";1;0;1
"origine-pprl-talmondais";1;0;1
"perimetre-pprl-la-faute-sur-mer";1;0;1
"pprl-bassin-du-lay-perimetre";1;0;1
"pprl-lay-aval-enjeux";1;0;1
"pprl-pays-de-monts-enjeux";1;0;1
"pprl-pays-monts-enjeux";1;0;1
"pprl-zonage-bassin-du-lay";1;0;1
"territoire-de-projet";1;0;1
"zonage-pprl-la-faute-sur-mer";1;0;1
"ar-6";1;0;1
"bassin-dordogne-aval";1;0;1
"bassin-du-lot-aval-vert-masse";1;0;1
"carmaux";1;0;1
"contrat-d-agriculture-durabl";1;0;1
"courd-d-eau";1;0;1
"hydroelectricites";1;0;1
"inodation";1;0;1
"piscicoles";1;0;1
"piscicultures";1;0;1
"points-d-acces";1;0;1
"points-d-interets";1;0;1
"potables";1;0;1
"reseau-territorial-de-la-ddt-82";1;0;1
"usines";1;0;1
"zones-defavorisees";1;0;1
"adduction-d-eau-potable-aep";1;0;1
"agences-ddt";1;0;1
"agneau-quercy-aveyron";1;0;1
"aop-fromage-salers-laguiole";1;0;1
"aop-vin-noix";1;0;1
"autonome";1;0;1
"bassin-de-sante";1;0;1
"bleu";1;0;1
"carte-statique";1;0;1
"etablisement";1;0;1
"hydrographie-autres";1;0;1
"ilots-culturaux";1;0;1
"retenue-collinaire";1;0;1
"surface-agricole-utile";1;0;1
"urbanisme-et-foncier-projets";1;0;1
"vin-comte-tolosan-aveyron";1;0;1
"zone-vulnerable-nitrates";1;0;1
"actes-a-9";1;0;1
"agriculture-n-agri-environnement";1;0;1
"aleas-littoraux";1;0;1
"arbre-fruitier";1;0;1
"assiettes";1;0;1
"bathymetrique";1;0;1
"besoin-logements";1;0;1
"carte-strategique-bruit";1;0;1
"centres-equestres";1;0;1
"dechets-de-step-urbaine";1;0;1
"deficitaires";1;0;1
"document-strategique-de-facade";1;0;1
"donees-ouvertes";1;0;1
"dsf";1;0;1
"ecarts-importants";1;0;1
"effluents-d-elevage";1;0;1
"evenement-de-la-mobilite";1;0;1
"fruitier";1;0;1
"le-saison";1;0;1
"legislation-sanitaire";1;0;1
"loisir-de-masse";1;0;1
"methanisation-multi-dechets";1;0;1
"mobilite-jeunes";1;0;1
"n-pollution-sol";1;0;1
"nuissance-sonore";1;0;1
"onema";1;0;1
"organisation-du-travail";1;0;1
"oudan";1;0;1
"patrimoinebfc";1;0;1
"plans-de-prevention-des-risques";1;0;1
"police-de-l-eau";1;0;1
"programme-interet-general";1;0;1
"protection-contre-les-crues";1;0;1
"protection-des-niveaux-d-eau";1;0;1
"psp";1;0;1
"regime-foncier";1;0;1
"residus-de-cultures";1;0;1
"risque-minier-loire";1;0;1
"travail-des-jeunes";1;0;1
"zonage-etudes";1;0;1
"zone-reg-pprm";1;0;1
"zones-non-traitement";1;0;1
"zones-reglementees-ppr-oudan";1;0;1
"harmonisation-des-tarifs";1;0;1
"tarif-unique";1;0;1
"procede-electrique";1;0;1
"abord-champ-de-tir";1;0;1
"architectural-urbain-paysager";1;0;1
"badaroux";1;0;1
"bagnols-les-bains";1;0;1
"baie-de-seine";1;0;1
"balsieges";1;0;1
"banassac";1;0;1
"batiments-historiques";1;0;1
"brenoux";1;0;1
"canilhac";1;0;1
"cap-d-antifer";1;0;1
"chadenet";1;0;1
"chanac";1;0;1
"chirac";1;0;1
"commerce-d-alimentation";1;0;1
"decryptageo";1;0;1
"detroit-du-pas-de-calais";1;0;1
"developpement-montagne";1;0;1
"distirbution-d-energie";1;0;1
"distribution-d-energie";1;0;1
"donnees-collaboratives";1;0;1
"esclanedes";1;0;1
"explosif";1;0;1
"fontans";1;0;1
"foret-classee";1;0;1
"fournels";1;0;1
"fraissinet-de-lozere";1;0;1
"gatuzieres";1;0;1
"georennesmetropole";1;0;1
"golfe-normano-breton";1;0;1
"la-canourgue";1;0;1
"la-salle-prunet";1;0;1
"la-villedieu";1;0;1
"le-bleymard";1;0;1
"le-collet-de-deze";1;0;1
"le-malzieu-forain";1;0;1
"le-malzieu-ville";1;0;1
"le-monastier-pin-mories";1;0;1
"le-pont-de-montvert";1;0;1
"maia";1;0;1
"meyrueis";1;0;1
"moissac-vallee-francaise";1;0;1
"monalisa";1;0;1
"montrodat";1;0;1
"n-assiette-servitudes";1;0;1
"pas-de-statut-de-diffusion";1;0;1
"passage-conduite-souterraine";1;0;1
"pays-de-caux";1;0;1
"point-nodal";1;0;1
"rayon-100-m";1;0;1
"referentiels-autres";1;0;1
"rimeize";1;0;1
"risque-technoogique";1;0;1
"rm-dgsu";1;0;1
"rm-dgsu-smu";1;0;1
"roscoff";1;0;1
"route-express";1;0;1
"saint-bauzile";1;0;1
"saint-chely-d-apcher";1;0;1
"saint-etienne-du-valdonnez";1;0;1
"saint-germain-de-calberte";1;0;1
"saint-germain-du-teil";1;0;1
"saint-julien-d-arpaon";1;0;1
"saint-laurent-de-treves";1;0;1
"saint-leger-de-peyre";1;0;1
"saint-leger-du-malzieu";1;0;1
"saint-martin-de-boubaux";1;0;1
"saint-michel-de-deze";1;0;1
"saint-pierre-de-nogaret";1;0;1
"sainte-croix-vallee-francaise";1;0;1
"sainte-helene";1;0;1
"serverette";1;0;1
"sous-secteur-statistique";1;0;1
"st-etienne-vallee-francaise";1;0;1
"thematique";1;0;1
"thematiques";1;0;1
"toutes";1;0;1
"unite-de-distribution";1;0;1
"vebron";1;0;1
"vialas";1;0;1
"zone-cotiere";1;0;1
"zone-speciale-de-conservation";1;0;1
"equipes-enfance";1;0;1
"acco";1;0;1
"accords-conclus";1;0;1
"cartonat-v-3-restreint";1;0;1
"pacom";1;0;1
"etiquettestissees";0;1;1
"vigilance-atmospherique";1;0;1
"gaz-b";1;0;1
"sd07";0;1;1
"credo";1;0;1
"editorial";0;1;1
"allaire";1;0;1
"credit-foncier";1;0;1
"pnrqad";1;0;1
"site-patrimonial-remarquable";1;0;1
"3-decembre-2017";1;0;1
"corse-resultats";1;0;1
"droit-de-la-mer";1;0;1
"espace-maritime";1;0;1
"22-kva";1;0;1
"45-kva";1;0;1
"court-circuit";1;0;1
"eleveur";1;0;1
"emmeraudes";1;0;1
"elections-corse";1;0;1
"kayak";0;1;1
"peniche";0;1;1
"tchat-gratuit";1;0;1
"cip";1;0;1
"ifp";1;0;1
"orias";1;0;1
"tchat-voyance";1;0;1
"allege";0;1;1
"image-aerienne";0;1;1
"cisirh";1;0;1
"noyau-rh-fpe";1;0;1
"open-rh-fpe";1;0;1
"adresse-voie-troncon-numero-pair-impair";1;0;1
"amenagement-urbain-planification-urbaine-schema-de";1;0;1
"apellation-inao-igp-protege-qualite-asperges";1;0;1
"architecture-bati-batiment-patrimoine-zonage";1;0;1
"area-management-restriction-regulation-zones-and-r";1;0;1
"bases";1;0;1
"bdni";1;0;1
"biote";1;0;1
"cendriers";1;0;1
"circulation-trafic-deplacement";1;0;1
"client-bt";1;0;1
"co-propriete";1;0;1
"commune-limites-administrative";1;0;1
"courant-landais";1;0;1
"critere-m";1;0;1
"de-restriction-ou-de-reglementation-et-unites-de-d";1;0;1
"depots-biosedimentaires";1;0;1
"direction-de-la-solidarite-departementale-msd-ma";1;0;1
"distributeurs-de-poches-pour-dejections-canines";1;0;1
"dunes";1;0;1
"ecole-premier-degre-primaire-maternelle-elemen";1;0;1
"enceintes-de-poste";1;0;1
"environnement-dreal-natura-2000";1;0;1
"environnement-dreal-natura-2000-zico-oiseaux";1;0;1
"environnement-dreal-natura-2000-znieff1";1;0;1
"haut-de-plage";1;0;1
"horizon-2022";1;0;1
"identifications";1;0;1
"indications";1;0;1
"lignes-souterraines";1;0;1
"occupation-du-sol-utilisation-des-sols-usages-de";1;0;1
"panneaux-daffichage-libre";1;0;1
"pied-de-dune";1;0;1
"plan-scan-vue-image";1;0;1
"point-lumineux";1;0;1
"points-ign";1;0;1
"protected-sites";1;0;1
"qualite-du-milieu";1;0;1
"route-voie-voirie-voies-de-communication-rue";1;0;1
"scenarios-prospectifs";1;0;1
"schorre";1;0;1
"scirpes";1;0;1
"sdis16";1;0;1
"securite-des-personnes";1;0;1
"socoa";1;0;1
"surveilllance";1;0;1
"transports-deplacements-transport-de-matiere-dan";1;0;1
"tri-collecte-dechets";1;0;1
"unite-de-gestion";1;0;1
"vegetations";1;0;1
"ville-et-handicap";1;0;1
"zones-a-risque-naturel-etudes-et-prevention-des-r";1;0;1
"noctilien";1;0;1
"postes-de-transformation";1;0;1
"reperes-onf";1;0;1
"domoticz";0;1;1
"domotique";0;1;1
"lua";0;1;1
"appareillage";1;0;1
"appel-de-puissance";1;0;1
"borne-rapide";1;0;1
"charge-rapide";1;0;1
"fabricants-de-bornes";1;0;1
"lapube";1;0;1
"paris-aeroport";1;0;1
"fimoca";1;0;1
"fimoct";1;0;1
"convention-geocharente";1;0;1
"points-de-passage";1;0;1
"sditec";1;0;1
"surface-paysagere";1;0;1
"association-aube-irve";1;0;1
"association-irve";1;0;1
"zones-blanches";1;0;1
"coronary-stents";0;1;1
"medical-device";0;1;1
"ptca";0;1;1
"david";1;0;1
"insecte";1;0;1
"moderation-de-la-vitesse";1;0;1
"troncon-de-voie";1;0;1
"fonds-documentaire";1;0;1
"antioxidant-activity";1;0;1
"cellular-and-humoral-immunity";1;0;1
"csf-biomarkers";1;0;1
"free-radical-scavenging";1;0;1
"nanocurcumin";1;0;1
"rispote-graduee";1;0;1
"regions-de-france";1;0;1
"spiruline";1;0;1
"ckd";1;0;1
"vitamin-d";1;0;1
"document-d-arpentage";1;0;1
"photos-anciennes";0;1;1
"activites-particulieres";1;0;1
"pilote-drone";1;0;1
"reglementation-drone";1;0;1
"abonnement-professionnel";1;0;1
"syndicats-de-rivieres";1;0;1
"riasec";0;1;1
"illuminations-de-noel";1;0;1
"lpo";1;0;1
"bati-ancien";1;0;1
"pise";1;0;1
"brp";1;0;1
"crypto-currency";1;0;1
"ico";1;0;1
"accueil-enfant";1;0;1
"acitivites-particulieres";1;0;1
"cgedd";1;0;1
"colonnes-montantes";1;0;1
"danmark";1;0;1
"pilote-drone-professionnel";1;0;1
"amoureux";0;1;1
"saint-valentin";0;1;1
"niveau-de-service";1;0;1
"service-hivernal";1;0;1
"annuaire-entreprises";1;0;1
"api-societes";1;0;1
"geomarketing";1;0;1
"prospection-geolocalisee";1;0;1
"repertoire-societes";1;0;1
"ports-normands-associes";1;0;1
"correction-climatique";1;0;1
"espana";1;0;1
"fevrier";1;0;1
"nouveau-utilisateur";1;0;1
"lru";1;0;1
"rapports-annuels";1;0;1
"fdaec";1;0;1
"fdarc";1;0;1
"fdavoc";1;0;1
"piic";1;0;1
"aliment";0;1;1
"anti-inflammatoire";0;1;1
"anti-viral";0;1;1
"antioxidant";0;1;1
"detoxifiant";0;1;1
"selenium";0;1;1
"beaux-villages";1;0;1
"coupures-urbaines";1;0;1
"developpements";1;0;1
"educations";1;0;1
"fiscalites";1;0;1
"humains";1;0;1
"hydrologies";1;0;1
"multiexposition";1;0;1
"natations";1;0;1
"patrimoine-mondial-de-lunesco";1;0;1
"pleins-airs";1;0;1
"points-noirs-environnementaux";1;0;1
"prse2";1;0;1
"santes";1;0;1
"srci";1;0;1
"gmva";1;0;1
"kiceo";1;0;1
"vannes-agglomeration";1;0;1
"corri-door";1;0;1
"corridoor";1;0;1
"que-faire";0;1;1
"airparif";0;1;1
"images-naufragees";1;0;1
"personnes-agees-autonome";1;0;1
"residences-services-seniors";1;0;1
"canal-du-midi";1;0;1
"niveau-de-vie-median";0;1;1
"richesses";0;1;1
"alimentation-equilibre";0;1;1
"caddie";0;1;1
"recherche-bibliographique";1;0;1
"parite-femme-homme";1;0;1
"adultere";0;1;1
"infidele";0;1;1
"infidelite";0;1;1
"ontario";1;0;1
"hospitaliers";0;1;1
"douteux";1;0;1
"fonds-propres";1;0;1
"solvabilite";1;0;1
"coursier";1;0;1
"00-national-ign";1;0;1
"urbanisme-ddt-63";1;0;1
"arafer";1;0;1
"services-librement-organises";1;0;1
"transport-routier-de-voyageurs";1;0;1
"aspeh";1;0;1
"parents-enfants-handicapes";1;0;1
"coin";1;0;1
"token";1;0;1
"patrie";0;1;1
"teritoire";0;1;1
"vaste";0;1;1
"tarifs-mutuelles";0;1;1
"bornes-wifi";1;0;1
"politique-agricole";1;0;1
"stops";1;0;1
"geo-localisation";0;1;1
"poland";1;0;1
"polska";1;0;1
"geographie-humaine";1;0;1
"geographie-urbaine";1;0;1
"tissages";1;0;1
"velours";1;0;1
"analyse-sirene";0;1;1
"tableaux-de-bord";0;1;1
"tissage";1;0;1
"le-bel-amiens";1;0;1
"maisons-de-services-au-public";1;0;1
"projet-informatique";1;0;1
"projets-informatiques";1;0;1
"angers-stadium";1;0;1
"angers-technopole";1;0;1
"canins";1;0;1
"maine-labs";1;0;1
"techlist";1;0;1
"sde-loir-atlantique";1;0;1
"sde44";1;0;1
"prix-pepite-tremplin-pour-lentrepreneuriat-etudiant";1;0;1
"business-intelligence";0;1;1
"decisionnel";0;1;1
"poele-de-masse";0;1;1
"donnees-carroyees";0;1;1
"visualiseur";0;1;1
"license";0;1;1
"licenses";0;1;1
"residence-senior";1;0;1
"neologisme";1;0;1
"test-pm";1;0;1
"categorie-a-9";1;0;1
"tchr";1;0;1
"trait-de-cote-haute-resolution";1;0;1
"extraplac";1;0;1
"plateau-continental";1;0;1
"stan";1;0;1
"banque-populaire-aquitaine-centre-atlantique";1;0;1
"bpaca";1;0;1
"attestation-de-formation-specialisee";1;0;1
"attestation-de-formation-specialisee-approfondie";1;0;1
"attestation-detudes-approfondies-en-chirurgie-dentaire";1;0;1
"autres-diplomes-nationaux-niveau-de-formation-bac";1;0;1
"capacite-de-medecine";1;0;1
"capacite-en-droit";1;0;1
"certificat-de-capacite-dorthophoniste";1;0;1
"certificat-de-capacite-dorthoptiste";1;0;1
"certificat-detudes-cliniques-specialisees-mention-orthodontie";1;0;1
"certificat-detudes-superieures-en-chirurgie-dentaire";1;0;1
"certificat-detudes-superieures-en-chirurgie-dentaire-a";1;0;1
"certificat-detudes-superieures-en-chirurgie-dentaire-b";1;0;1
"diplome-de-formation-medicale-specialisee-approfondie";1;0;1
"diplome-detat-daudioprothesiste";1;0;1
"diplome-detat-de-docteur-en-chirurgie-dentaire";1;0;1
"diplome-detat-de-docteur-en-medecine";1;0;1
"diplome-detat-de-docteur-en-pharmacie";1;0;1
"diplome-detat-de-manipulateur-delectroradiologie-medicale";1;0;1
"diplome-detat-de-masseur-kinesitherapeute";1;0;1
"diplome-detat-de-pedicure-podologue";1;0;1
"diplome-detat-de-psychomotricien";1;0;1
"diplome-detat-de-sage-femme-maieutique";1;0;1
"diplome-detat-dergotherapeute";1;0;1
"diplome-detat-dinfirmier-anesthesiste";1;0;1
"diplome-detudes-specialisees-complementaires-biologie-medicale";1;0;1
"diplome-detudes-specialisees-complementaires-medecine";1;0;1
"diplome-detudes-specialisees-complementaires-medecine-groupe-1";1;0;1
"diplome-detudes-specialisees-complementaires-medecine-groupe-2";1;0;1
"diplome-detudes-specialisees-de-medecine";1;0;1
"diplome-detudes-specialisees-de-pharmacie";1;0;1
"diplome-detudes-specialisees-dodontologie";1;0;1
"diplome-dingenieur-conjoint";1;0;1
"diplome-dinstitut-detudes-politiques";1;0;1
"diplome-interuniversitaire-de-specialisation-de-medecine";1;0;1
"diplomes-de-formation-medicale-specialisee";1;0;1
"formation-dingenieur-classique";1;0;1
"formation-dingenieur-en-partenariat";1;0;1
"formation-dingenieur-specialisee";1;0;1
"habilitation-a-diriger-des-recherches";1;0;1
"licence-lmd";1;0;1
"maitrise-de-sciences-biologiques-et-medicales";1;0;1
"maitrise-de-sciences-biologiques-et-medicales-c2";1;0;1
"master-enseignement";1;0;1
"pluripass";1;0;1
"premiere-annee-commune-aux-etudes-de-sante";1;0;1
"qualification-en-medecine-generale";1;0;1
"criminalite-2016";1;0;1
"organisatin";1;0;1
"symielecvar";1;0;1
"osterreich";1;0;1
"budapest";1;0;1
"hungary";1;0;1
"magyarorszag";1;0;1
"miskolc";1;0;1
"tableau-au-conseil";1;0;1
"seba";1;0;1
"syndical";1;0;1
"prix-eau";1;0;1
"cnefop";1;0;1
"datadock";1;0;1
"isq";1;0;1
"opqf";1;0;1
"aire-marine-protegee";1;0;1
"jop";1;0;1
"lagon";1;0;1
"paralympique-village";1;0;1
"profils-sismiques";1;0;1
"referentiel-spatial";1;0;1
"sismique-reflexion";1;0;1
"sous-produits-assainissement";1;0;1
"sparker";1;0;1
"barriere-degel";1;0;1
"arleusis";1;0;1
"cylotourisme";1;0;1
"espaces-dactivites";1;0;1
"plan-durbanisme";1;0;1
"reglementation-de-lurbanisme";1;0;1
"deboisement";1;0;1
"quebec";1;0;1
"annuaire-sante";1;0;1
"charge-de-recherche";1;0;1
"directeur-de-recherche";1;0;1
"directeur-de-these";1;0;1
"maitre-de-conference";1;0;1
"professeur-des-universites";1;0;1
"revue";1;0;1
"cine-gouter";1;0;1
"driveco";1;0;1
"la-defense-jazz-festival";1;0;1
"la-science-se-livre";1;0;1
"comite-entreprise";1;0;1
"delegation-unique-du-personnel";1;0;1
"delegue-du-personnel";1;0;1
"document-darpentage";1;0;1
"aide-au-retour-a-lemploi";1;0;1
"rapport-developpement-durable";1;0;1
"rdd";1;0;1
"france-bleu";1;0;1
"france-musique";1;0;1
"mouv";1;0;1
"radio-france";1;0;1
"ligne-departementale";1;0;1
"reseau-routier-interurbain";1;0;1
"val-de-loire";1;0;1
"villes-moyennes";1;0;1
"politique-contractuelle";1;0;1
"script-alert-1-script";1;0;1
"n-changement-climatique";1;0;1
"n-habitat-indigne";1;0;1
"n-intercommunalite";1;0;1
"n-lim-admin-speciale";1;0;1
"n-occupation-sol";1;0;1
"n-parc-logements";1;0;1
"n-routier";1;0;1
"n-seisme";1;0;1
"n-zonages-risque-technologique";1;0;1
"disparus";1;0;1
"peintures";1;0;1
"amandes-de-mer";1;0;1
"antifer";1;0;1
"arts-dormants";1;0;1
"arts-trainants";1;0;1
"baie-de-granville";1;0;1
"baie-des-veys";1;0;1
"cabillauds";1;0;1
"cap-levi";1;0;1
"coquille";1;0;1
"crevette";1;0;1
"crpmemn";1;0;1
"gefosse-fontenay";1;0;1
"huitres-plates";1;0;1
"merlus";1;0;1
"mouliers";1;0;1
"peche-a-pied";1;0;1
"perche";1;0;1
"praire";1;0;1
"praires";1;0;1
"salmonides";1;0;1
"sienne";1;0;1
"soles";1;0;1
"tellines";1;0;1
"treport";1;0;1
"acier";1;0;1
"aluminium";1;0;1
"ampoule";1;0;1
"batterie";1;0;1
"capsule-nespresso";1;0;1
"dds";1;0;1
"ela";1;0;1
"gravat";1;0;1
"huile";1;0;1
"inerte";1;0;1
"machefer";1;0;1
"pehd";1;0;1
"pet";1;0;1
"pile";1;0;1
"radiographie";1;0;1
"refiom";1;0;1
"acide";1;0;1
"chorhydrique";1;0;1
"cot";1;0;1
"fumee";1;0;1
"h2o";1;0;1
"hcl";1;0;1
"jeter";1;0;1
"poussiere";1;0;1
"soufre";1;0;1
"cours-ethereum";1;0;1
"btc";0;1;1
"btc-eur";0;1;1
"cours-bitcoin-en-direct";0;1;1
"cours-btc";0;1;1
"cours-en-direct";0;1;1
"homard";1;0;1
"peche-sous-marine";1;0;1
"ecommerce";0;1;1
"ecovallee";1;0;1
"gam";1;0;1
"garage-a-moto";1;0;1
"garage-a-velo";1;0;1
"gav";1;0;1
"stationnement-2-roues";1;0;1
"aster";1;0;1
"oreilles-de-cochon";1;0;1
"origines-geographiques";0;1;1
"representatitivite";0;1;1
"alti-courbe-de-niveaux-altimetrie-mnt-relief";1;0;1
"eaux-douces";1;0;1
"louveteries";1;0;1
"aloses";0;1;1
"lamproies";0;1;1
"truite-de-mer";0;1;1
"zones-de-gestion-de-restriction";0;1;1
"modules-sonores";1;0;1
"sonorisation";1;0;1
"art3";1;0;1
"article3";1;0;1
"avis-articles-3";1;0;1
"bp2018";1;0;1
"budget-primitif-2018";1;0;1
"categorisation";1;0;1
"compta-administratif-2017";1;0;1
"comptes-administratif-2017";1;0;1
"cout-construction-maison";1;0;1
"grands-projets";1;0;1
"maison-pas-cher";1;0;1
"maison-pas-chere";1;0;1
"marche-forains";1;0;1
"namr";1;0;1
"odater";1;0;1
"plan-administratif";1;0;1
"plan-ville";1;0;1
"plu-plui-pos-sudocuh";1;0;1
"plu-pos-plui-sudocuh";1;0;1
"plu-pos-sudocuh";1;0;1
"plui-plu-pos-sudocuh";1;0;1
"prix-construction-maison";1;0;1
"redon-ville-budget-bp2018";1;0;1
"achat-vehicule-neuf";0;1;1
"achat-voiture-neuve";0;1;1
"blog-auto";0;1;1
"mandataire-auto";0;1;1
"parfum";0;1;1
"parfum-femme";0;1;1
"parfum-pas-cher";0;1;1
"parfum-prix";0;1;1
"voitures-neuves";0;1;1
"hip-hop";1;0;1
"pont-labbe";1;0;1
"donnees-libres";1;0;1
"numeros-courts";1;0;1
"point-de-recharge";1;0;1
"basejoconde";0;1;1
"cd-29";1;0;1
"transport-routier-voyageurs";1;0;1
"evaluation-collaborative";0;1;1
"election-pro";1;0;1
"organisation-syndicale";1;0;1
"irp";1;0;1
"reservation-moto-taxi-paris";0;1;1
"reserver-taxi-moto-a-paris";0;1;1
"tarifs-taxi-moto-paris";0;1;1
"transports64";1;0;1
"https";0;1;1
"box";1;0;1
"cite-lib";1;0;1
"contrat-de-ville";1;0;1
"declaration-projet-travaux";1;0;1
"eclections";1;0;1
"expression-publique";1;0;1
"fnb";1;0;1
"pgv";1;0;1
"tfb";1;0;1
"union-quartier";1;0;1
"moto-taxis-paris";0;1;1
"reserver-un-taxi-moto-a-paris";0;1;1
"geofabrik";1;0;1
"astuce-informatique";0;1;1
"conseil-informatique";0;1;1
"creation-site-internet";0;1;1
"developpement-web";0;1;1
"cadeau-dentreprise";0;1;1
"objets-promotionnels";0;1;1
"vetements-personnalises";0;1;1
"90100";1;0;1
"insee-90064";1;0;1
"lepuix-neuf";1;0;1
"moto-taxi-paris";0;1;1
"paris-tarifs-taxis-moto-paris";0;1;1
"reservation-taxi-moto-paris";0;1;1
"dispositif-pinel";1;0;1
"tarifs-taxis-moto-paris";0;1;1
"taxis-moto-paris";0;1;1
"electrical-charge";1;0;1
"propagandes";1;0;1
"hta-bt";1;0;1
"parametrage";1;0;1
"reseau-cartographique";1;0;1
"labex";1;0;1
"les-passes-dans-le-present";1;0;1
"esof-2018";1;0;1
"conservation-des-especes";1;0;1
"legislation-de-l-environnement";1;0;1
"mesure-de-protection";1;0;1
"carroyage-insee";1;0;1
"epl";1;0;1
"infra-communal";1;0;1
"operations-d-interet";1;0;1
"orcod";1;0;1
"peages";0;1;1
"comites-dentreprise";1;0;1
"elections-profesionnelles";1;0;1
"data-mining";1;0;1
"municipale-2014";0;1;1
"fer-forge";0;1;1
"offre-post-bac";1;0;1
"offre-universitaire";1;0;1
"puget-ville";1;0;1
"aurh";0;1;1
"fnau";0;1;1
"optymo";1;0;1
"structure-des-revenus";1;0;1
"abes";1;0;1
"depannage-plombier";0;1;1
"plombier-75";0;1;1
"plombier-paris";0;1;1
"plombier-paris-express";0;1;1
"roannais-agglomeration";1;0;1
"budget-assemblee-nationale";1;0;1
"camping-morbihan";0;1;1
"campings-vendee";0;1;1
"vacances-vendee";0;1;1
"mesaides";1;0;1
"microsimulation";1;0;1
"openfisca";1;0;1
"emissions-financieres";1;0;1
"emprunt-obligataire";1;0;1
"bpvf";1;0;1
"prix-xrp-eur";1;0;1
"xrp";0;1;1
"clarinette";1;0;1
"claude-faucomprez";1;0;1
"comptes-collectivites";1;0;1
"comptes-communes";1;0;1
"simon-bernardini";1;0;1
"bruno-tuchszer";1;0;1
"carl-maria-van-weber";1;0;1
"francis-perrin";1;0;1
"guillaume-connesson";1;0;1
"isabelle-carre-legrand";1;0;1
"jean-francois-verdier";1;0;1
"johannes-brahms";1;0;1
"leopold-mozart";1;0;1
"michel-corenflos";1;0;1
"pierre-et-le-loup";1;0;1
"rossini";1;0;1
"yum-sun-linet";1;0;1
"anton-dvorak";1;0;1
"aurelien-pascal";1;0;1
"camille-saint-saens";1;0;1
"emmanuelle-bertrand";1;0;1
"franz-liszt";1;0;1
"gaetane-prouvost";1;0;1
"gerard-causse";1;0;1
"olivier-grangean";1;0;1
"olivier-greif";1;0;1
"pascal-amoyel";1;0;1
"paul-hindemith";1;0;1
"symphonie-du-nouveau-monde";1;0;1
"commande-taxi";0;1;1
"course-taxi";0;1;1
"prix-taxi";0;1;1
"reservation-taxi";0;1;1
"tarif-taxi";0;1;1
"taxi-aeroport";0;1;1
"taxi-conventionne";0;1;1
"taxi-de-nuit";0;1;1
"taxi-dimanche";0;1;1
"taxi-jours-feries";0;1;1
"taxi-ouvert";0;1;1
"corrompus";0;1;1
"etatsunis";0;1;1
"garry";0;1;1
"jeuxolympiques";0;1;1
"lemierre";0;1;1
"posters";0;1;1
"russie";0;1;1
"scandales";0;1;1
"scientificdata";0;1;1
"seringue";0;1;1
"steroides";0;1;1
"steroidesanabolisants";0;1;1
"testoterone";0;1;1
"alexa";0;1;1
"amazon";0;1;1
"echo";0;1;1
"vocal";0;1;1
"tpe-pme-com";0;1;1
"cession-immobiliere";1;0;1
"go-06-2009";1;0;1
"ortho-couleur";1;0;1
"marine-nationale";1;0;1
"secmar";1;0;1
"snsm";1;0;1
"mvne";0;1;1
"mvno";0;1;1
"bi-flux";1;0;1
"biflux";1;0;1
"collecte-en-apport-volontaire";1;0;1
"envinet";1;0;1
"linge";1;0;1
"haskell";0;1;1
"sqlite3";0;1;1
"yesod";0;1;1
"la-sorbonne";0;1;1
"multimedia-interactif";0;1;1
"defecteurs";0;1;1
"perdants";0;1;1
"creation-demploi";1;0;1
"restaurant-municipal";1;0;1
"methaniseur";1;0;1
"previsions-de-recrutement";1;0;1
"dplyr";0;1;1
"langage-r";0;1;1
"manipulation-de-donnees";0;1;1
"voip-ipbx-telephonie";1;0;1
"cabinets-de-recrutement";1;0;1
"http-eurovoc-europa-eu-100205";1;0;1
"creation-site-marchand";0;1;1
"creation-site-web";0;1;1
"chemin-de-fer-de-provence";1;0;1
"chouette";1;0;1
"points-arrets";1;0;1
"data-cadres";1;0;1
"marche-de-lemploi-cadre";1;0;1
"formats";1;0;1
"budget-annexes";1;0;1
"fonctionement";1;0;1
"belleville-sur-vie-85019";1;0;1
"brulon-72050";1;0;1
"chantonnay-85051";1;0;1
"cherre-72080";1;0;1
"evron-53097";1;0;1
"grez-en-bouere-53110";1;0;1
"l-ile-d-yeu-85113";1;0;1
"saint-jean-de-monts-85234";1;0;1
"venansault-85300";1;0;1
"avurnav";1;0;1
"cartgraphie";0;1;1
"mvno-voip";0;1;1
"aide-en-nature";1;0;1
"atlantique-nord-est";1;0;1
"mer-noire";1;0;1
"points-de-recharge";1;0;1
"hors-ligne";0;1;1
"sam";1;0;1
"reseaux-4g";0;1;1
"badminton";1;0;1
"bibliotheque-departementale";1;0;1
"bibliotheque-municipale";1;0;1
"cars-regionaux";1;0;1
"centre-daide-par-le-travail";1;0;1
"deplacement-domicile-travail";1;0;1
"deux-roues-motorises";1;0;1
"dioxyde-de-souffre";1;0;1
"dispositif-dinstruction";1;0;1
"distribution-deau";1;0;1
"egalite-hommes-femme";1;0;1
"habitat-ancien-degrade";1;0;1
"maison-dacceuil-specialisee";1;0;1
"manuels-scolaires";1;0;1
"particules-fine-pm-10";1;0;1
"regroupement-decoles";1;0;1
"risque-sanitaires";1;0;1
"secours-durgence";1;0;1
"unite-pedagogique-dintegration";1;0;1
"alerte-attentat";0;1;1
"alerte-meteo";0;1;1
"alerte-pollution";0;1;1
"localiser";0;1;1
"proteger-ses-proches";0;1;1
"trouver-ses-amis";0;1;1
"feu-tricolore-rouge-vert-orange";1;0;1
"1955";1;0;1
"1985";1;0;1
"altimetrique";1;0;1
"altimetriques";1;0;1
"amenages";1;0;1
"antivol";1;0;1
"bas-cote";1;0;1
"boil";1;0;1
"boulodromes";1;0;1
"cc50";1;0;1
"cinquieme";1;0;1
"city";1;0;1
"clous";1;0;1
"conforme";1;0;1
"conique";1;0;1
"ctpo";1;0;1
"curiosite";1;0;1
"dapport";1;0;1
"darbre";1;0;1
"darpentage";1;0;1
"denfant";1;0;1
"dinteret";1;0;1
"disolation";1;0;1
"eco-jardin";1;0;1
"elagage";1;0;1
"epi";1;0;1
"extremite";1;0;1
"goeland";1;0;1
"hameau";1;0;1
"historique-photo-prise";1;0;1
"hydronymie";1;0;1
"ign69";1;0;1
"intersection";1;0;1
"jardinage";1;0;1
"l-123-1-5-7";1;0;1
"lambert";1;0;1
"lieudit";1;0;1
"locatif";1;0;1
"nidification";1;0;1
"octeville-sur-mer";1;0;1
"oronymie";1;0;1
"over";1;0;1
"patrimonial";1;0;1
"piquets";1;0;1
"planimetrique";1;0;1
"planimetriques";1;0;1
"polygonales";1;0;1
"positionnement";1;0;1
"recul";1;0;1
"rgf93";1;0;1
"sixieme";1;0;1
"spits";1;0;1
"substitution";1;0;1
"topologique";1;0;1
"trapil";1;0;1
"venelle";1;0;1
"viaire";1;0;1
"vue-cliche-ortho-raster-image-orthophotoplan-prise";1;0;1
"vue-cliche-raster-image-prise";1;0;1
"abaisses";1;0;1
"hangar";1;0;1
"localisant";1;0;1
"pietonnes";1;0;1
"sureleve";1;0;1
"traversees";1;0;1
"avrille-49015";1;0;1
"jeu-a-13-rugby-championship-2018-toxiii";1;0;1
"lignieres-orgeres-53133";1;0;1
"mortagne-sur-sevre-85151";1;0;1
"riaille-44144";1;0;1
"coca-cola";1;0;1
"agence-departementale";1;0;1
"comite-regionaux-du-tourisme";1;0;1
"donnees-information-touristique";1;0;1
"2eme-cycle";1;0;1
"2nd-cycle";1;0;1
"capacites-daccueil";1;0;1
"derogatoire";1;0;1
"diplome-national";1;0;1
"diplome-national-de-master";1;0;1
"examen-de-dossier";1;0;1
"simique";1;0;1
"zonage-sismique";1;0;1
"capacite-dequilibrage";1;0;1
"capacites-certifiees";1;0;1
"capacites-installees";1;0;1
"congestion-physique";1;0;1
"effacements";1;0;1
"energie-dequilibrage";1;0;1
"epex-spot";1;0;1
"long-terme";1;0;1
"p2p";1;0;1
"pair-a-pair";1;0;1
"peer-to-peer";1;0;1
"pp1";1;0;1
"pp2";1;0;1
"reconciliation-temporelle";1;0;1
"reponse-graduee";1;0;1
"demandeur-d-emploi";1;0;1
"beziers";1;0;1
"bmt";1;0;1
"bcae";1;0;1
"fishery";1;0;1
"tableau-decoration";1;0;1
"gatso";1;0;1
"speedcam";1;0;1
"tableau-deco";1;0;1
"tableau-decoratif";1;0;1
"ou-habiter";0;1;1
"atd";1;0;1
"decisisons-de-justice";1;0;1
"pseudonymisation";1;0;1
"acide-chlorhydrique";1;0;1
"batteries";1;0;1
"cartouche-encre";1;0;1
"oxyde-soufre";1;0;1
"piraterie";0;1;1
"departement-71";1;0;1
"departement-de-saone-et-loire";1;0;1
"type-de-milieu";1;0;1
"8-et-9-decembre-2018";1;0;1
"modernisation-action-publique";1;0;1
"semaine-de-linnovation-publique";1;0;1
"cd29";1;0;1
"mancheouest";1;0;1
"vegetaux-marins";1;0;1
"cesure";1;0;1
"bougitude";0;1;1
"labougitude";0;1;1
"st-etienne";1;0;1
"mtes";1;0;1
"latin";1;0;1
"activite-analytique";1;0;1
"coordonnees-laboratoire";1;0;1
"domaine-dactivite";1;0;1
"laboratoire-de-reference";1;0;1
"liste-des-laboratoires";1;0;1
"mesange";1;0;1
"opale";1;0;1
"saphir";1;0;1
"fonds-cen-pour-linitiative-solidaire";1;0;1
"plan-de-mobilite-entreprise";1;0;1
"neuilly";0;1;1
"conseil-quartier";1;0;1
"enseignement-et-international";1;0;1
"surveillance-qualite-de-lair";1;0;1
"matrice";1;0;1
"budgets-votes-general";1;0;1
"mandatu";1;0;1
"chirurgie-esthetique";0;1;1
"chirurgien-esthetique";0;1;1
"prothese-mammaire";0;1;1
"carte-strategique-air";1;0;1
"flex-grid";1;0;1
"valeur-limite";1;0;1
"pm-2-5";1;0;1
"pollution-atomospherique";1;0;1
"dioxyde-souffre";1;0;1
"affaires-juridiques";1;0;1
"pleumeleuc";1;0;1
"string";1;0;1
"location-bateau";0;1;1
"accompagnements-culinaires";1;0;1
"blockhaus";1;0;1
"faisceaux";1;0;1
"pi";1;0;1
"restaurants-scolaires";1;0;1
"rubrique";1;0;1
"vestige";1;0;1
"ail-violet";1;0;1
"dispositif-local";1;0;1
"espace-daccueil";1;0;1
"espace-jeunes";1;0;1
"suresnes-information-jeunesse";1;0;1
"chronoplus";1;0;1
"hegobus";1;0;1
"smpba";1;0;1
"la-republique-en-marche";1;0;1
"larem";1;0;1
"audio";1;0;1
"autocars-conventionnes";1;0;1
"cahm";1;0;1
"culturelle";1;0;1
"diffusion-culture";1;0;1
"fiches-regionales-interactives";1;0;1
"home-office";1;0;1
"journees-du-patrimoine";1;0;1
"sdis-54";1;0;1
"voies-publiques-privees";1;0;1
"aide-sociale-facultative";1;0;1
"aides-aux-personnes-en-difficulte";1;0;1
"aquatique";1;0;1
"assistantes-maternelle";1;0;1
"sa013";1;0;1
"sa016";1;0;1
"sl008";1;0;1
"epfl";1;0;1
"loiret-maps";1;0;1
"baia";1;0;1
"bus-de-mer";1;0;1
"cobas";1;0;1
"documentation-communicable";1;0;1
"gujan-mestras";1;0;1
"klekoon";1;0;1
"la-teste-de-buch";1;0;1
"le-teich";1;0;1
"nausicaa";1;0;1
"tpmr";1;0;1
"versement-subventions";1;0;1
"citura";1;0;1
"grand-reims";1;0;1
"budget-municipal-2017";1;0;1
"petites-annonces";1;0;1
"rbus";1;0;1
"test-test";1;0;1
"citystade";1;0;1
"ephemeride";0;1;1
"fonds-unique-interministeriel";1;0;1
"fui";1;0;1
"centres-apec";1;0;1
"accouchement";1;0;1
"attribut";1;0;1
"aubette";1;0;1
"caveau";1;0;1
"celibat";1;0;1
"ciel";1;0;1
"confondu";1;0;1
"engouffrement";1;0;1
"extrait";1;0;1
"file";1;0;1
"fonctionnel";1;0;1
"handicap-mental";1;0;1
"handicap-moteur";1;0;1
"infra";1;0;1
"jonction";1;0;1
"leger";1;0;1
"livret";1;0;1
"materialisation";1;0;1
"materiau";1;0;1
"paniere";1;0;1
"parente";1;0;1
"planimetre";1;0;1
"profondeurs";1;0;1
"reducteur";1;0;1
"sonor";1;0;1
"terre-mer";1;0;1
"ppr-mt";1;0;1
"pays-d-art-et-d-histoire";1;0;1
"ville-historique";1;0;1
"palette";0;1;1
"remorquage";1;0;1
"site-sportif";1;0;1
"sport-aerien";1;0;1
"treuil";1;0;1
"boomerang";1;0;1
"cerf-volant";1;0;1
"mesures-meteo";1;0;1
"sites-vol-libre";1;0;1
"bskyb";0;1;1
"sky-customer-service";0;1;1
"sky-tv-box";0;1;1
"demande-raccordement";1;0;1
"dlva";1;0;1
"manobus";1;0;1
"transagglo";1;0;1
"hackerspace";1;0;1
"serrurier-fichet";1;0;1
"test-keyword";0;1;1
"number";0;1;1
"samsung";0;1;1
"santander";0;1;1
"virgin-media";0;1;1
"vodafone";0;1;1
"diagnostic-energetique";1;0;1
"reglementation-thermique";1;0;1
"reseau-routier-national-nc";1;0;1
"rrnnc";1;0;1
"chiffres-daffaires";1;0;1
"brie-francilienne";1;0;1
"marne-et-chantereine";1;0;1
"val-maubuee";1;0;1
"annexe-budgetaire";1;0;1
"jeu-a-13";1;0;1
"sky-box-office";0;1;1
"sky-customer-care";0;1;1
"sky-movies";0;1;1
"sky-packages";0;1;1
"sky-services";0;1;1
"sky-sports";0;1;1
"sky-tv-deal";0;1;1
"patronymes";1;0;1
"reseau-67";1;0;1
"operateurs-de-l-etat";1;0;1
"communes-de-la-casa";1;0;1
"emprise-de-la-casa";1;0;1
"limites-des-communes-de-la-casa";1;0;1
"perimetre-de-la-casa";1;0;1
"lieux-daisance-public";1;0;1
"batiment-neuf";1;0;1
"etude-thermique";1;0;1
"ope";1;0;1
"performances-energetiques";1;0;1
"rset";1;0;1
"rt2012";1;0;1
"additif-alimentaire";0;1;1
"colorant";0;1;1
"conservateur";0;1;1
"exhausteur-de-gout";0;1;1
"zonage-immobilier";1;0;1
"frais-de-location";1;0;1
"calcul-indemnites";1;0;1
"dommages-interets";1;0;1
"indemnites-prudhomales";1;0;1
"montant-maximum";1;0;1
"bilan-ges";1;0;1
"efficacite-energetique";1;0;1
"eie";1;0;1
"capacite-reglementaire";1;0;1
"ratio-de-collecte";1;0;1
"famillial";1;0;1
"reemploi-recyclage";1;0;1
"ordonnance";1;0;1
"projet-loi";1;0;1
"proposition-loi";1;0;1
"texte-legislatif";1;0;1
"accessoire-de-sport";0;1;1
"madinsport";0;1;1
"madinsport-com";0;1;1
"agglomeration-troyenne";1;0;1
"grand-troyes";1;0;1
"tcat";1;0;1
"prix-ht";1;0;1
"prix-ttc";1;0;1
"zonage-commune";1;0;1
"bareme-fiscal";1;0;1
"droit-d-habitation";1;0;1
"droit-d-usage";1;0;1
"nue-proprietaire";1;0;1
"nue-propriete";1;0;1
"usufruit";1;0;1
"usufruitier";1;0;1
"enigme";0;1;1
"coefficient-sn";1;0;1
"ail-de-cadours";1;0;1
"fresques";1;0;1
"label-zero-dechet";1;0;1
"sentinel-2";1;0;1
"serie-temporelle";1;0;1
"tableau-contemporain";1;0;1
"tableau-moderne";1;0;1
"mnh";1;0;1
"ulm";1;0;1
"bois-dechiquete";1;0;1
"bois-en-fin-de-vie";1;0;1
"boue";1;0;1
"boue-urbaine";1;0;1
"buche";1;0;1
"canne-de-mais";1;0;1
"chauffage-au-bois";1;0;1
"consommation-domestique";1;0;1
"granule";1;0;1
"industrie-agro-alimentaire";1;0;1
"menue-paille";1;0;1
"paille-de-cereale";1;0;1
"paille-de-colza";1;0;1
"transformation-du-bois";1;0;1
"centres-de-formation";1;0;1
"imsi";1;0;1
"msisdn";1;0;1
"otarie";1;0;1
"autorisations-dexercice";1;0;1
"profession-de-sante";1;0;1
"carte-cpf";1;0;1
"carte-cps";1;0;1
"fourrages";1;0;1
"gel-industriel";1;0;1
"legumineuses";1;0;1
"plantes-a-parfum";1;0;1
"carif";1;0;1
"causses-du-quercy";1;0;1
"dath";1;0;1
"deuillabarre";1;0;1
"grands-causses";1;0;1
"graus";1;0;1
"haut-languedoc";1;0;1
"incident";1;0;1
"interregionnal";1;0;1
"mesures-de-rentree";1;0;1
"pet-r";1;0;1
"pyrenee";1;0;1
"pyrenees-ariegeoises";1;0;1
"pyrenees-catalanes";1;0;1
"saintbricesousforet";1;0;1
"saintgratien";1;0;1
"saintprix";1;0;1
"soisysousmontmorency";1;0;1
"sud-de-france";1;0;1
"thermale";1;0;1
"voirie-communautaire";1;0;1
"collaborateur";1;0;1
"responsabilite-societale-entreprise-rse";1;0;1
"grand-annecy";1;0;1
"interurbains";1;0;1
"sibra";1;0;1
"secours-a-personne";1;0;1
"assurance-sant";1;0;1
"gagny";0;1;1
"biviers";1;0;1
"montbonnot-saint-martin";1;0;1
"mezieres-sur-couesnon";1;0;1
"plabennec";1;0;1
"bourg-blanc";1;0;1
"breles";1;0;1
"landevennec";1;0;1
"landunvez";1;0;1
"lanildut";1;0;1
"plomodiern";1;0;1
"ploudaniel";1;0;1
"plouguin";1;0;1
"pludalmezeau";1;0;1
"lesneven";1;0;1
"gouezec";1;0;1
"lambezellec";1;0;1
"crozon";1;0;1
"biot";1;0;1
"clichy-sous-bois";1;0;1
"contes";1;0;1
"la-crau";1;0;1
"la-farlede";1;0;1
"la-garde";1;0;1
"la-valette-du-var";1;0;1
"le-pradet";1;0;1
"sollies-pont";1;0;1
"traces-de-soldat";1;0;1
"ancemont";1;0;1
"chalons-du-maine";1;0;1
"pre-en-pail";1;0;1
"bonneuil-sur-marne";0;1;1
"grand-albigeois";1;0;1
"bron";1;0;1
"jpeg";1;0;1
"la-falede";1;0;1
"montbonnod-saint-martin";1;0;1
"manosque";0;1;1
"pre-en-pail-saint-samson";0;1;1
"arrets-bus";1;0;1
"reseau-de-transports";1;0;1
"reseau-transport";1;0;1
"salaries-agricoles";1;0;1
"demographie-et-population-autres";1;0;1
"quiumper";0;1;1
"territoire-de-la-casa";1;0;1
"bonnemain";0;1;1
"augmentation";0;1;1
"bourbarre";0;1;1
"agences-bpaca";1;0;1
"ccoworking-tiers-lieux-bureaux-partages";1;0;1
"direction-achats-etat";1;0;1
"marches-publics-gouv-fr";1;0;1
"programmation-des-achats-de-letat";1;0;1
"mont-sous-vaudrey";0;1;1
"memorialgenweb";1;0;1
"loi-de-financement-de-la-securite-sociale";1;0;1
"agro-meteorologie";0;1;1
"referendum-2018";1;0;1
"projet-d-amenagement";1;0;1
"actualites-assurance";0;1;1
"asurances";0;1;1
"1939";1;0;1
"68100";1;0;1
"68200";1;0;1
"csp-categorie-socio-professionnelle";1;0;1
"enterre";1;0;1
"essieu";1;0;1
"eurovelo";1;0;1
"gi";1;0;1
"israelite";1;0;1
"jardin-denfants";1;0;1
"jc-decaux";1;0;1
"loisrs";1;0;1
"parking-couvert";1;0;1
"prostestant";1;0;1
"qp";1;0;1
"restreinte";1;0;1
"sapeurs-pompiers";1;0;1
"socail";1;0;1
"solea";1;0;1
"spaeurs-pompiers";1;0;1
"ligne-bus";1;0;1
"lignes-urbaines";1;0;1
"communaute-urbaine-cresusot-montceau";1;0;1
"le-creusot";1;0;1
"rabais";1;0;1
"reduction-prix";1;0;1
"remise";1;0;1
"ristourne";1;0;1
"taux-reduction";1;0;1
"usine";1;0;1
"allocation-detude";1;0;1
"cabinet-de-consultation";1;0;1
"capitainerie";1;0;1
"concentration-de-polluants";1;0;1
"consommation-deau";1;0;1
"contribuables";1;0;1
"courbe-de-charge";1;0;1
"courriel";1;0;1
"dms";1;0;1
"dolmen";1;0;1
"etablissement-administratif";1;0;1
"grange";1;0;1
"habitation-troglodytique";1;0;1
"lieu-dit-habite";1;0;1
"lieu-dit-non-habite";1;0;1
"m2-5";1;0;1
"mail";1;0;1
"refuge";1;0;1
"relation-ecole-vie-professionnelle";1;0;1
"rodp";1;0;1
"ruine";1;0;1
"syndicat-dinitiative";1;0;1
"tombeau";1;0;1
"transport-aerien-et-spatial";1;0;1
"xylella";1;0;1
"reqgi";1;0;1
"maison-darret";1;0;1
"laboratoire-danalyse";0;1;1
"lbm";0;1;1
"residence-appartement";1;0;1
"residence-service";1;0;1
"depassements";1;0;1
"druelle-balsac";1;0;1
"le-monastere";1;0;1
"luc-la-primaube";1;0;1
"olemps";1;0;1
"onet-le-chateau";1;0;1
"rubanbleu";1;0;1
"sainte-radegonde";1;0;1
"sebazac-concoures";1;0;1
"pays-compiegnois";1;0;1
"esc";1;0;1
"aromatiques";1;0;1
"huiles-essentielles";1;0;1
"lavande";1;0;1
"lavandin";1;0;1
"medicinales";1;0;1
"plantes-a-parfums";1;0;1
"ppam";1;0;1
"isolat";1;0;1
"renov";1;0;1
"thermo";1;0;1
"enseignement-maritime";1;0;1
"stcw95";1;0;1
"titres-de-qualification";1;0;1
"dul";1;0;1
"lettre-dinformation-regionale";1;0;1
"paz";1;0;1
"formations-maritimes";1;0;1
"gens-de-mer";1;0;1
"agence-de-l-eau";1;0;1
"agende-de-l-eau";1;0;1
"aerogenerateur";1;0;1
"mortagne";1;0;1
"srcae";1;0;1
"harpagophytum";0;1;1
"violences";1;0;1
"aubenas";1;0;1
"fons";1;0;1
"labegude";1;0;1
"lachapelle-sous-aubenas";1;0;1
"lavilledieu";1;0;1
"saint-didier-sous-aubenas";1;0;1
"saint-etienne-de-fontbellon";1;0;1
"saint-privat";1;0;1
"toutenbus";1;0;1
"ucel";1;0;1
"vals-les-bains";1;0;1
"vesseaux";1;0;1
"ressource-humaine";1;0;1
"service-exploitant";1;0;1
"alimentation-infantile";1;0;1
"reseau-wiiiz";1;0;1
"le-figaro";0;1;1
"fig-data";0;1;1
"sgsdn";1;0;1
"zipva";1;0;1
"googlemaps";0;1;1
"superchargers";0;1;1
"familles-monoparentales";1;0;1
"ut";1;0;1
"materiel-sport";0;1;1
"montre-gps-de-sport-store";0;1;1
"montre-gps-multisport-store";0;1;1
"france-strategie";0;1;1
"vendome";1;0;1
"troyes-champagne-metropole";1;0;1
"proximiti";1;0;1
"valleedelarve";1;0;1
"acso";1;0;1
"bauvais";1;0;1
"beauvaisis";1;0;1
"crepy-en-valois";1;0;1
"sablons";1;0;1
"senlis";1;0;1
"sitcac";1;0;1
"tus";1;0;1
"stage-recuperation-point";0;1;1
"la-tour";1;0;1
"braderies";1;0;1
"weppes";1;0;1
"tweets";1;0;1
"cuisine-centrale";1;0;1
"ddt-09";1;0;1
"ddt-12";1;0;1
"ddt-31";1;0;1
"ddt-32";1;0;1
"ddt-65";1;0;1
"ddt-82";1;0;1
"ddtm-30";1;0;1
"eau-souterraines-nappes-d-eau";1;0;1
"transport-caen";1;0;1
"twisto";1;0;1
"adduction-deau-potable-aep";1;0;1
"aep-syndicat-gestion-deau";1;0;1
"agneau-daveyron";1;0;1
"aires-daccueil";1;0;1
"aires-dalimentation-des-captages";1;0;1
"bande-dutilite-publique";1;0;1
"bassin-depuration";1;0;1
"centre-dexamen";1;0;1
"citergie";1;0;1
"contrat-dagriculture-durabl";1;0;1
"contrat-local-dinitiative-climat";1;0;1
"distirbution-denergie";1;0;1
"documents-durnanisme";1;0;1
"eau-souterraines-nappes-deau";1;0;1
"effluents-delevage";1;0;1
"etat-davancement-des-procedures";1;0;1
"gestion-cours-deau";1;0;1
"interdiction-dacces";1;0;1
"legislation-de-lenvironnement";1;0;1
"lile-dyeu-85113";1;0;1
"office-de-leau";1;0;1
"operations-dinteret";1;0;1
"operations-dinteret-general";1;0;1
"parc-dactivite";1;0;1
"plan-dalignement";1;0;1
"plan-damenagement";1;0;1
"plan-dexposition-bruit";1;0;1
"plans-daction-territorial";1;0;1
"plu-plan-local-durbanisme";1;0;1
"police-de-leau";1;0;1
"politique-de-lespace";1;0;1
"pos-plan-doccupation-des-sols";1;0;1
"procedure-durbanisme";1;0;1
"programme-dactions-de-prevention";1;0;1
"programmes-locaux-de-lhabitat";1;0;1
"protection-des-niveaux-deau";1;0;1
"qualite-pollution-de-leau";1;0;1
"reseaux-transport-denergie";1;0;1
"risque-sur-la-qualite-de-leau";1;0;1
"risques-important-dinondation";1;0;1
"saint-barthelemy-danjou-49267";1;0;1
"saint-chely-dapcher";1;0;1
"saint-julien-darpaon";1;0;1
"sol-sature-engorge-deau";1;0;1
"source-denergie";1;0;1
"zone-de-captage-deau-potable";1;0;1
"zone-protegee-de-captage-deau";1;0;1
"zones-deffets";1;0;1
"agence-de-leau";1;0;1
"agence-durbanisme";1;0;1
"agende-de-leau";1;0;1
"bassin-dhabitat";1;0;1
"captage-deau-potable";1;0;1
"champ-depandage";1;0;1
"chateau-deau";1;0;1
"cours-deau-conditionnalite";1;0;1
"droit-dacces";1;0;1
"ouvrage-de-retenue-deau";1;0;1
"plan-local-durbanisme-plu-pos";1;0;1
"plans-particuliers-dintervention";1;0;1
"pointe-de-penmarch";1;0;1
"pret-locatif-aide-dintegration";1;0;1
"programmes-dinteret-general";1;0;1
"protection-de-leau";1;0;1
"reseau-dadduction-deau-potable";1;0;1
"reservoir-deau";1;0;1
"risque-dinondation";1;0;1
"schema-directeur-damenagement";1;0;1
"site-de-production-denergie";1;0;1
"site-demission";1;0;1
"strategie-dagglomeration";1;0;1
"traitement-de-leau-potable";1;0;1
"transport-deau";1;0;1
"zone-dativite";1;0;1
"zone-denvironnement-protege";1;0;1
"zones-dactivites-economiques";1;0;1
"cah";1;0;1
"communaute-dagglomeration-de-haguenau";1;0;1
"ritmo";1;0;1
"fme";0;1;1
"dechets-industriels";1;0;1
"eaux-potables";1;0;1
"medicaux-et-paramedicaux";1;0;1
"brumath";1;0;1
"schweighouse-sur-moder";1;0;1
"sant";0;1;1
"2100-pprl-sevre-niortaise";1;0;1
"agro-environnementale";1;0;1
"alea-submersion-par-debordement";1;0;1
"aleas-ppri-lay-aval";1;0;1
"bdalti";1;0;1
"canaux-riviere";1;0;1
"carte-de-bruit";1;0;1
"cizi";1;0;1
"donnees-non-diffusables";1;0;1
"enquete-global-transport";1;0;1
"etiquettes";1;0;1
"falaises";1;0;1
"gazoducs";1;0;1
"geoide-carto";1;0;1
"glissements-de-terrains";1;0;1
"informations-annexes";1;0;1
"intercomunalitees";1;0;1
"marchabilite";1;0;1
"mer-littoral-chasse-maritime";1;0;1
"n-assiette-servitude";1;0;1
"panneaux-routiers";1;0;1
"plan-communal-de-sauvegarde";1;0;1
"plinification";1;0;1
"pm-1-bis";1;0;1
"pprf";1;0;1
"protection-crue";1;0;1
"ressources-nuisances";1;0;1
"retention-crue";1;0;1
"rgealti";1;0;1
"rhone-gaz";1;0;1
"servitude-assiette";1;0;1
"zonage-aveyron";1;0;1
"zones-agricoles-protegees";1;0;1
"afa";1;0;1
"appietto";1;0;1
"cephalopodes";1;0;1
"conservation-des-oiseaux";1;0;1
"estran";1;0;1
"gabions";1;0;1
"giessen";1;0;1
"lnc";1;0;1
"pdpfci";1;0;1
"terrain-daccueil";1;0;1
"zone-daptitude";1;0;1
"zone-reg-ppri";1;0;1
"cud";1;0;1
"dk-bus";1;0;1
"dkbus";1;0;1
"1975";1;0;1
"94-tonnes";1;0;1
"generateurs";1;0;1
"gers-amont";1;0;1
"gestion-foret";1;0;1
"groupe-socio-culturel";1;0;1
"hydrographiques";1;0;1
"lna";1;0;1
"nord-arrats";1;0;1
"orientation-forestiere";1;0;1
"plan-de-degagement";1;0;1
"recul-trait-de-cote";1;0;1
"scene";1;0;1
"transports-deplacement";1;0;1
"voies-publiques";1;0;1
"aire-dalimentation-captages";1;0;1
"bassin-arcachon";1;0;1
"combeaute";1;0;1
"el-9";1;0;1
"mossig";1;0;1
"mvt";1;0;1
"non-domanial";1;0;1
"patrimoine-archtectural";1;0;1
"patrimoine-urbain";1;0;1
"predateur";1;0;1
"rgcs";1;0;1
"schema-des-carrieres";1;0;1
"scot-sudocuh";1;0;1
"syndicats-de-pays";1;0;1
"terrain-inonde";1;0;1
"tortues";1;0;1
"animaux-nuisibles";1;0;1
"piso";1;0;1
"plan-intemperies";1;0;1
"zone-reglemntaire";1;0;1
"zone-sismique";1;0;1
"loi-28-fevrier-2012";1;0;1
"angoumois";1;0;1
"bolinche";1;0;1
"chasses";1;0;1
"cidres";1;0;1
"conservation-faune-flore";1;0;1
"cynegetiques";1;0;1
"eaux-superficielles";1;0;1
"emprise-072";1;0;1
"isbergues";1;0;1
"lignes-de-base";1;0;1
"ouvrage-hydrolique";1;0;1
"palourde";1;0;1
"parcs-ostreicoles";1;0;1
"plui-scot-pos-sudocuh";1;0;1
"protection-troupeau";1;0;1
"risque-zones-a-risque-naturel";1;0;1
"sentier-du-littoral";1;0;1
"transport-denergie";1;0;1
"zone-economique-exclusive";1;0;1
"120-tonnes";1;0;1
"arrats";1;0;1
"carte-strategique-de-bruit";1;0;1
"ddtm-33";1;0;1
"forets-de-protection";1;0;1
"ogon-basse-vallee";1;0;1
"pecheries";1;0;1
"perimetres-de-protection";1;0;1
"pm-4";1;0;1
"pprl-baie-de-bourgneuf-aleas";1;0;1
"biche";1;0;1
"gestionnaire-130009434";1;0;1
"igg";1;0;1
"lure";1;0;1
"servitudes-t-1";1;0;1
"bords-de-route";1;0;1
"brains-sur-les-marches";1;0;1
"chemins-de-halage";1;0;1
"courcite";1;0;1
"fauchages-tardifs";1;0;1
"hardanges";1;0;1
"le-buret";1;0;1
"nuille-sur-vicoin";1;0;1
"saint-brice";1;0;1
"saint-jean-sur-erve";1;0;1
"saint-loup-du-gast";1;0;1
"saint-mars-du-desert";1;0;1
"saint-martin-de-connee";1;0;1
"saint-ouen-des-toits";1;0;1
"saint-pierre-des-nids";1;0;1
"saint-pierre-la-cour";1;0;1
"saint-pierre-sur-erve";1;0;1
"sainte-suzanne";1;0;1
"talus-routiers";1;0;1
"vautorte";1;0;1
"vieuvy";1;0;1
"villepail";1;0;1
"voutre";1;0;1
"herbus";1;0;1
"ldc";1;0;1
"pluis-plu-pos-sudocuh";1;0;1
"texte";1;0;1
"avicca";1;0;1
"l33-13";1;0;1
"rtu";1;0;1
"opendata-analytics";0;1;1
"outsourcing-de-la-connaissance";0;1;1
"bus-carcassonne-rtca";1;0;1
"aleas-pprl-talmondais";1;0;1
"gisements";1;0;1
"glissements";1;0;1
"loue";1;0;1
"regions-agricoles";1;0;1
"sotta";1;0;1
"talmont-sur-gironde";1;0;1
"tectonique";1;0;1
"aze";1;0;1
"b-11";1;0;1
"b-13";1;0;1
"beaulieu-sur-oudon";1;0;1
"brece";1;0;1
"bree";1;0;1
"canrad-marin";1;0;1
"chateau-gontier";1;0;1
"chevaigne-du-maine";1;0;1
"commer";1;0;1
"coudray";1;0;1
"couesmes-vauce";1;0;1
"daon";1;0;1
"demande-contrat-cad";1;0;1
"desertines";1;0;1
"eider";1;0;1
"ernee";1;0;1
"gorron";1;0;1
"gouf";1;0;1
"houssay";1;0;1
"ize";1;0;1
"la-baconniere";1;0;1
"la-boissiere";1;0;1
"laigne";1;0;1
"largeurs-limitees";1;0;1
"levare";1;0;1
"lhuisserie";1;0;1
"madre";1;0;1
"montsurs";1;0;1
"ognon-est";1;0;1
"olivet";1;0;1
"parigne-sur-braye";1;0;1
"perimetre-de-transports-urbains";1;0;1
"pontmain";1;0;1
"pprl-aiguillon-sur-mer-enjeux";1;0;1
"preaux";1;0;1
"saint-aubin-du-desert";1;0;1
"saint-cenere";1;0;1
"saint-ellier-du-maine";1;0;1
"saint-georges-sur-erve";1;0;1
"saint-germain-le-fouilloux";1;0;1
"saint-martin-du-limet-mayenne";1;0;1
"saint-pierre-des-landes";1;0;1
"sainte-gemmes-le-robert";1;0;1
"saulges";1;0;1
"secteur-dirrigation";1;0;1
"soulge-sur-ouette";1;0;1
"suivi-espece";1;0;1
"tonnages-limites";1;0;1
"urbanisation-limitee";1;0;1
"zone-exposee-aux-risques";1;0;1
"zone-reglementaire";1;0;1
"sankeo";1;0;1
"bal85";1;0;1
"unite-localisee-pour-linclusion-scolaire";1;0;1
"educatio";1;0;1
"petons";1;0;1
"batie";1;0;1
"chalut-pelagique";1;0;1
"consommation-fonciere";1;0;1
"esm";1;0;1
"rochebonne";1;0;1
"servitude-publique";1;0;1
"amenagement-de-rivieres";1;0;1
"boutonne";1;0;1
"croda-uniquema";1;0;1
"eau-usees";1;0;1
"eco-quartier";1;0;1
"point-de-captage";1;0;1
"polmar";1;0;1
"stations-depurations";1;0;1
"zonages-reglementaires-pprn";1;0;1
"zone-agricole-protegee";1;0;1
"zones-de-bruit";1;0;1
"chalutage";1;0;1
"environnement-paysage";1;0;1
"mouvement-de-terrains";1;0;1
"qualite-eaux";1;0;1
"risque-tehnologique";1;0;1
"scre";1;0;1
"chlore";0;1;1
"72-tonnes";1;0;1
"alose";1;0;1
"annexe-3-zones-a-risque-naturel";1;0;1
"bail-de-peche";1;0;1
"baretous";1;0;1
"baux-de-peche";1;0;1
"boeuf-du-maine";1;0;1
"camembert-de-normandie";1;0;1
"climats-de-bourgogne";1;0;1
"ddt-67";1;0;1
"deplacement-espece";1;0;1
"forets-classees";1;0;1
"lisieres";1;0;1
"massifs-forestiers";1;0;1
"peche-accidentelle";1;0;1
"petite-region-fourragere";1;0;1
"plan-paysage";1;0;1
"plan-prorgamme";1;0;1
"ppri-lay-aval-cote-de-reference";1;0;1
"servitutes";1;0;1
"vallee-aspe";1;0;1
"zone-de-cantonnement";1;0;1
"zones-actions-renforcees";1;0;1
"zones-de-surveillance";1;0;1
"budget-ouvert";0;1;1
"bureau-ouvert";0;1;1
"fitre";0;1;1
"reseau-deau";0;1;1
"barat";1;0;1
"conca";1;0;1
"juliard";1;0;1
"lamouroux";1;0;1
"limite-dpm";1;0;1
"magasin-a-poudre-et-explosifs";1;0;1
"saint-ouen";1;0;1
"scan-25";1;0;1
"securite-aeronef";1;0;1
"zic";1;0;1
"zones-dinondation-constatees";1;0;1
"zones-reglementees-dun-pprn";1;0;1
"drassm";1;0;1
"gonflement-argiles";1;0;1
"ille-et-vilaine-35";1;0;1
"loir";1;0;1
"manche-50";1;0;1
"polder";1;0;1
"polderisations";1;0;1
"script";0;1;1
"cs-classement-sonore";1;0;1
"emission-reception";1;0;1
"emprise-41";1;0;1
"expertises";1;0;1
"masses-deau";1;0;1
"non-cours-deau";1;0;1
"troncons-hydrologiques";1;0;1
"zre";1;0;1
"ab-6";1;0;1
"ab-7";1;0;1
"aires-darret";1;0;1
"ampoigne";1;0;1
"b-12";1;0;1
"b-15-c-18";1;0;1
"bruche";1;0;1
"carrefours-giratoires";1;0;1
"centre-instructeur";1;0;1
"chantrigne";1;0;1
"chemin-du-halage";1;0;1
"circulations-alternees";1;0;1
"conservation-oiseaux";1;0;1
"hauteurs-limitees";1;0;1
"id-gaspar";1;0;1
"installation-classe";1;0;1
"largeurs";1;0;1
"montourtier";1;0;1
"moyennes-journalieres-annuelles";1;0;1
"perimetre-pprl-sevre-niortaise";1;0;1
"ponctuel";1;0;1
"ronds-points";1;0;1
"routes-a-priorite-ponctuelle";1;0;1
"routes-prioritaires";1;0;1
"tables-pique-nique";1;0;1
"trafics-routiers";1;0;1
"vallee-de-la-liane";1;0;1
"zone-de-protection-speciale";1;0;1
"poire";1;0;1
"prelevements-deau";1;0;1
"ressources-en-eau";1;0;1
"rhinoplastie";0;1;1
"annexe-3-usage-des-sols";1;0;1
"bois-rond";1;0;1
"cartographie-des-cours-deau";1;0;1
"complete-fat-decimator-system";1;0;1
"fat-decimator-diet";1;0;1
"fat-decimator-diet-plan";1;0;1
"fat-decimator-diet-plan-free";1;0;1
"fat-decimator-diet-plan-free-download";1;0;1
"fat-decimator-diet-reviews";1;0;1
"fat-decimator-program";1;0;1
"fat-decimator-review";1;0;1
"fat-decimator-system-amazon";1;0;1
"fat-decimator-system-book";1;0;1
"fat-decimator-system-by-wes-virgin";1;0;1
"fat-decimator-system-ebook";1;0;1
"fat-decimator-system-pdf";1;0;1
"fat-decimator-system-recipe";1;0;1
"fat-decimator-system-review";1;0;1
"fat-decimator-wesley-virgin";1;0;1
"hydrographies";1;0;1
"information-ponctuelle";1;0;1
"installations-gaz";1;0;1
"kyle-coopers-fat-decimator-system-review";1;0;1
"livarot";1;0;1
"plan-programme";1;0;1
"pommeau";1;0;1
"pprl-aiguillon-enjeux";1;0;1
"sainte-livrade";1;0;1
"save";1;0;1
"servitude-assiette-el-9";1;0;1
"seugne";1;0;1
"valeurs-nutritionelles";1;0;1
"valeurs-nutritives";1;0;1
"vtc";1;0;1
"zone-redynamisation-urbaine";1;0;1
"annexe-1-hydrographie";1;0;1
"garons";1;0;1
"cmag";1;0;1
"ar-2";1;0;1
"contrats-cad";1;0;1
"limite-de-salure-des-eaux";1;0;1
"limite-inscription-maritime";1;0;1
"ortho-2015";1;0;1
"pm-1-2016-11-09";1;0;1
"pprl-aiguillon-sur-mer-zonage";1;0;1
"risques-technlogiques";1;0;1
"sup-2016";1;0;1
"vues-areriennes";1;0;1
"artechnology";1;0;1
"aleas-pprl-sevre-niortaise-ppr";1;0;1
"avantageux";1;0;1
"epargants";1;0;1
"epargnants";1;0;1
"fcp";1;0;1
"instabilite";1;0;1
"marche-boursier";1;0;1
"natixis-investement-managers-internaional";1;0;1
"rentabi";1;0;1
"sicav";1;0;1
"uc";1;0;1
"minitel";0;1;1
"accidents-mortels";1;0;1
"actions-complementaires";1;0;1
"deodatie";1;0;1
"eboulis";1;0;1
"phoques";1;0;1
"reposoir";1;0;1
"servitudes-de-passage";1;0;1
"sup-a-4";1;0;1
"eaux-uses";1;0;1
"infrastucture";1;0;1
"outdoor";1;0;1
"sans-fil";1;0;1
"culturepatrimoine";1;0;1
"sousquartiers";1;0;1
"donnee-publique";0;1;1
"portrait-de-territoire";0;1;1
"alea-inondation";1;0;1
"auroux";1;0;1
"chastanier";1;0;1
"cheylard-leveque";1;0;1
"fontanes";1;0;1
"hass";1;0;1
"langogne";1;0;1
"luc";1;0;1
"naussac";1;0;1
"plans-deau";1;0;1
"risque-constructions-et-ouvrages";1;0;1
"rocles";1;0;1
"saint-flour-de-mercoire";1;0;1
"systeme-depuration";1;0;1
"unites-paysageres";1;0;1
"zonage-pprl-sevre-niortaise";1;0;1
"ouverture-a-lurbanisation";1;0;1
"pacte-de-relance";1;0;1
"qqpv";1;0;1
"cessible";1;0;1
"equipements-numeriques";1;0;1
"zone-dactivite-dinteret-communautaire";1;0;1
"rencesement";1;0;1
"battues-administratives";1;0;1
"abri-bus";1;0;1
"aumonerie";1;0;1
"banquehydro";1;0;1
"equipement-social";1;0;1
"feuillu";1;0;1
"fleche";1;0;1
"foyer-social";1;0;1
"loi-biodiversite";1;0;1
"maison-de-convalescence";1;0;1
"mesures-erc";1;0;1
"mosquees";1;0;1
"pergolas";1;0;1
"personnes-ages";1;0;1
"portique";1;0;1
"potence";1;0;1
"range-velo";1;0;1
"registre-commerce-et-des-societes";1;0;1
"registre-commerce-et-societe";1;0;1
"ruelle";1;0;1
"signalisation-routiere";1;0;1
"skate-parc";1;0;1
"synagogues";1;0;1
"temples-protestant";1;0;1
"zone-commerciale";1;0;1
"pabn";1;0;1
"penn-ar-bed-numerique";1;0;1
"neural-network";0;1;1
"dauphine-libere";0;1;1
"autoproduction";1;0;1
"pompe-a-chaleur";1;0;1
"label-numerique";1;0;1
"biological-environment-habitats";1;0;1
"emprise-30034";1;0;1
"gestionnaire-11006701400032";1;0;1
"n-tr-exceptionnel";1;0;1
"saintes";1;0;1
"surface-forestiere";1;0;1
"transport-exeptionnel";1;0;1
"demenager";0;1;1
"pas-cher";0;1;1
"qbo";1;0;1
"millenial";0;1;1
"obseques";0;1;1
"orientations";1;0;1
"telefilm";1;0;1
"bassins-gestion";1;0;1
"franchissement";1;0;1
"moyenne-vallee-amont";1;0;1
"zones-de-non-traitement-znt";1;0;1
"adduction-eaux-potables";1;0;1
"intercommunalitees";1;0;1
"origine-pprl-sevre-niortaise";1;0;1
"peuplement-forestier";1;0;1
"prise-deau";1;0;1
"resineux";1;0;1
"vallats";1;0;1
"ispagnac";1;0;1
"la-malene";1;0;1
"laval-du-tarn";1;0;1
"les-vignes";1;0;1
"montbrun";1;0;1
"quezac";1;0;1
"saint-georges-de-levejac";1;0;1
"saint-rome-de-dolan";1;0;1
"sainte-enimie";1;0;1
"salicornes";1;0;1
"vegetation-sauvage";1;0;1
"ouvrage-dassainissement";1;0;1
"information-surfacique";1;0;1
"espaces-publics";1;0;1
"grandrieu";1;0;1
"la-bastide-puylaurent";1;0;1
"laval-atger";1;0;1
"pierrefiche";1;0;1
"st-bonnet-de-montauroux";1;0;1
"speedtest";1;0;1
"48-tonnes";1;0;1
"52-tonnes";1;0;1
"57-tonnes";1;0;1
"doline";1;0;1
"lit-berge-cours-deau";1;0;1
"loire-amont";1;0;1
"la-grande-motte";1;0;1
"mauguio-carnon";1;0;1
"pays-de-lor";1;0;1
"53130";1;0;1
"adduction-en-eau-potable";1;0;1
"ambrieres-les-vallees";1;0;1
"andouille";1;0;1
"argenton-notre-dame";1;0;1
"argentre";1;0;1
"aron";1;0;1
"arquenay";1;0;1
"asse-le-berenger";1;0;1
"astille";1;0;1
"athee";1;0;1
"averton";1;0;1
"bais";1;0;1
"ballee";1;0;1
"ballots";1;0;1
"bannes";1;0;1
"bazougers";1;0;1
"beaumont-pied-de-boeuf";1;0;1
"belgeard";1;0;1
"blandouet";1;0;1
"bonchamp-les-laval";1;0;1
"bouchamps-les-craon";1;0;1
"bouere";1;0;1
"bouessay";1;0;1
"boulay-les-ifs";1;0;1
"bourgon";1;0;1
"carelles";1;0;1
"chailland";1;0;1
"chammes";1;0;1
"champeon";1;0;1
"champfremont";1;0;1
"champgeneteux";1;0;1
"charchigne";1;0;1
"chatelain";1;0;1
"chatillon-sur-colmont";1;0;1
"chatres-la-foret";1;0;1
"chemaze";1;0;1
"chemere-le-roi";1;0;1
"cherance";1;0;1
"colombiers-du-plessis";1;0;1
"congrier";1;0;1
"contest";1;0;1
"cosmes";1;0;1
"cosse-en-champagne";1;0;1
"cosse-le-vivien";1;0;1
"couptrain";1;0;1
"courbeveille";1;0;1
"craon";1;0;1
"crennes-sur-fraubee";1;0;1
"cuille";1;0;1
"denaze";1;0;1
"deux-evailles";1;0;1
"emmaus";1;0;1
"entrammes";1;0;1
"epineux-le-seguin";1;0;1
"ex-voies-ferrees";1;0;1
"fontaine-couverte";1;0;1
"fougerolles-du-plessis";1;0;1
"fromentieres";1;0;1
"gesnes";1;0;1
"gesvres";1;0;1
"grazay";1;0;1
"grez-en-bouere";1;0;1
"hambers";1;0;1
"herce";1;0;1
"javron-les-chapelles";1;0;1
"jublains";1;0;1
"juvigne";1;0;1
"la-bazouge-de-chemere";1;0;1
"la-bazouge-des-alleux";1;0;1
"la-bigottiere";1;0;1
"la-brulatte";1;0;1
"la-chapelle-anthenaise";1;0;1
"la-chapelle-au-riboul";1;0;1
"la-chapelle-craonnaise";1;0;1
"la-chapelle-rainsouin";1;0;1
"la-croixille";1;0;1
"la-cropte";1;0;1
"la-doree";1;0;1
"la-gravelle";1;0;1
"la-haie-traversaine";1;0;1
"la-pallu";1;0;1
"la-pellerine";1;0;1
"la-roe";1;0;1
"la-rouaudiere";1;0;1
"landivy";1;0;1
"larchamp";1;0;1
"laubrieres-et-gastines";1;0;1
"launay-villiers";1;0;1
"le-bignon-du-maine";1;0;1
"le-bourgneuf-la-foret";1;0;1
"le-genest-saint-isle";1;0;1
"le-ham-mayenne";1;0;1
"le-horps";1;0;1
"le-housseau-bretignolles";1;0;1
"le-pas";1;0;1
"le-ribay";1;0;1
"lesbois";1;0;1
"livet";1;0;1
"livre-la-touche";1;0;1
"loigne-sur-mayenne";1;0;1
"loiron";1;0;1
"longuefuye";1;0;1
"loupfougeres";1;0;1
"louverne";1;0;1
"louvigne";1;0;1
"maisoncelles-du-maine";1;0;1
"marcille-la-ville";1;0;1
"marigne-peuton";1;0;1
"martigne-sur-mayenne";1;0;1
"mee";1;0;1
"menil";1;0;1
"meral";1;0;1
"meslay-du-maine";1;0;1
"mezangers";1;0;1
"montaudin";1;0;1
"montenay";1;0;1
"montflours";1;0;1
"montigne-le-brillant";1;0;1
"montjean";1;0;1
"montreuil-poulay";1;0;1
"moulay";1;0;1
"neau";1;0;1
"neuilly-le-vendin";1;0;1
"niafles";1;0;1
"oisseau";1;0;1
"origne";1;0;1
"parne-sur-roc";1;0;1
"peuton";1;0;1
"pommerieux";1;0;1
"port-brillet";1;0;1
"ravigny";1;0;1
"renaze";1;0;1
"rennes-en-grenouilles";1;0;1
"ruille-froid-fonds";1;0;1
"ruille-le-gravelais";1;0;1
"sace";1;0;1
"saint-aignan-de-couptrain";1;0;1
"saint-aignan-sur-roe";1;0;1
"saint-aubin-fosse-louvain";1;0;1
"saint-baudelle";1;0;1
"saint-berthevin";1;0;1
"saint-berthevin-la-tanniere";1;0;1
"saint-calais-du-desert";1;0;1
"saint-charles-la-foret";1;0;1
"saint-christophe-du-luat";1;0;1
"saint-cyr-en-pail";1;0;1
"saint-cyr-le-gravelais";1;0;1
"saint-denis-de-gastines";1;0;1
"saint-denis-du-maine";1;0;1
"saint-erblon";1;0;1
"saint-fort";1;0;1
"saint-fraimbault-de-prieres";1;0;1
"saint-georges-buttavent";1;0;1
"saint-germain-le-guillaume";1;0;1
"saint-geroges-le-flechard";1;0;1
"saint-hilaire-du-maine";1;0;1
"saint-jean-sur-mayenne";1;0;1
"saint-julien-du-terroux";1;0;1
"saint-laurent-des-mortiers";1;0;1
"saint-loup-du-dorat";1;0;1
"saint-mars-sur-colmont";1;0;1
"saint-mars-sur-la-futaie";1;0;1
"saint-quentin-les-anges";1;0;1
"saint-samson";1;0;1
"saint-sulpice";1;0;1
"senonnes";1;0;1
"souce";1;0;1
"thuboeuf";1;0;1
"torce-viviers-en-charnie";1;0;1
"villaines-la-juhel";1;0;1
"villiers-charlemagne";1;0;1
"vimarce";1;0;1
"autorite";1;0;1
"driee";1;0;1
"eolien-terestre";1;0;1
"zone-reglementee-dun-pprn";1;0;1
"bati-continu";1;0;1
"emprise-030";1;0;1
"gestionnaire-130010283";1;0;1
"noix-du-perigord";1;0;1
"nom-commune";1;0;1
"servitude-generateur-el-9";1;0;1
"transport-de-gaz";1;0;1
"maitrise-doeuvre";1;0;1
"credit-consommation";0;1;1
"inclusion-bancaire";0;1;1
"inter-communaux";1;0;1
"bus-autun";1;0;1
"grand-autunois-morvan";1;0;1
"gip-maximilien";0;1;1
"keolis-calvados";1;0;1
"transporteur-de-genie";1;0;1
"credit-conso";0;1;1
"depassements-dhonoraires";0;1;1
"c6";1;0;1
"fma";1;0;1
"groupe-formation-emploi";1;0;1
"groupement-d-achat";1;0;1
"heures-de-formation";1;0;1
"zig-zag";1;0;1
"plhi-2";1;0;1
"limite-affaires-maritimes";1;0;1
"serie-longitudinale";0;1;1
"cadre-demploi";1;0;1
"campus-des-metiers-et-des-qualifications";1;0;1
"occitanie-dans-mon-assiette";1;0;1
"cmonbus";1;0;1
"amelys";1;0;1
"gfts";1;0;1
"deliberation-decembre-2018-roissy-en-brie";1;0;1
"cheptel-des-caprins";1;0;1
"cheptel-ovin";1;0;1
"collecte-des-cereales";1;0;1
"compensation-des-cereales";1;0;1
"evolution-de-la-consommation-moyenne-mensuelle-du-mais-et-du-tourteau-de-soja-en-tonne";1;0;1
"evolution-des-importations-du-mais-et-du-tourteau-de-soja-2001-2017-en-tonne";1;0;1
"evolution-des-importations-du-tourteau-de-soja-en-tonne";1;0;1
"evolution-des-ventes-de-bois";1;0;1
"evolution-des-ventes-du-liege";1;0;1
"importation-des-cereales";1;0;1
"importation-du-mais-fourrager";1;0;1
"importations-en-valeur";1;0;1
"investir";1;0;1
"investissement-agricole";1;0;1
"invetissement";1;0;1
"invetissements";1;0;1
"la-production-du-triticale";1;0;1
"liege";1;0;1
"prix-cf-du-mais-en-dinars-la-tonne";1;0;1
"prix-cf-du-mais-en-dollar-la-tonne";1;0;1
"prix-cf-du-tourteau-de-soja-en-dinars-la-tonne";1;0;1
"prix-cf-du-tourteau-de-soja-en-dollar-la-tonne";1;0;1
"prix-d-achat-ble-dur";1;0;1
"prix-d-achat-ble-tendre";1;0;1
"prix-moyen-d-achat-de-l-orge";1;0;1
"production-dattes";1;0;1
"production-de-la-peche";1;0;1
"production-de-la-peche-cotiere-en-tonne-2017";1;0;1
"production-de-la-peche-et-aquacultue";1;0;1
"production-de-la-peche-par-gouvernorat-en-tonne-2016-2017";1;0;1
"production-de-la-peche-par-type-de-produit-2016-2017";1;0;1
"qt-t";1;0;1
"stthmrt";1;0;1
"suprficie-de-la-culture-de-pomme-de-terre-as-en-ha";1;0;1
"valeur-de-la-production-de-la-peche-cotiere-en-dinar-2017";1;0;1
"valeur-des-produits-de-la-peche-par-gouvernorat";1;0;1
"valeur-des-produits-de-la-peche-par-type-2016-2017";1;0;1
"vente-de-droits-d-exploitation-du-romarin";1;0;1
"vente-des-droits-d-exploitation-des-champignons";1;0;1
"vente-des-droits-d-exploitation-du-lentisque";1;0;1
"vente-des-droits-d-exploitation-du-myrte";1;0;1
"vente-des-droits-d-exploitation-du-pin-d-alep";1;0;1
"satisfaction-client";1;0;1
"chalut-de-fond";1;0;1
"bybus-transport-public-bayeux";1;0;1
"autocars-boulet";1;0;1
"mendois";1;0;1
"btob";0;1;1
"narbonne";1;0;1
"fonction-publique-hospitaliere";1;0;1
"enghien";1;0;1
"connexions-wifi";1;0;1
"test-1-test-2";1;0;1
"cadastre-ancien";1;0;1
"plan-parcellaire";1;0;1
"periode-moderne";1;0;1
"green-it";1;0;1
"toilette-publique";1;0;1
"assurance-vie-caisse-epargne";1;0;1
"assurance-visa-schengen";1;0;1
"assurance-voyage";1;0;1
"assurance-voyage-visa-premier";1;0;1
"oeufs-de-consommation";1;0;1
"prix-journaliers";1;0;1
"lerins";1;0;1
"pilotage-de-la-plateforme";1;0;1
"tango";1;0;1
"v1-7";1;0;1
"zonage-paysage";1;0;1
"deficient-visuel";0;1;1
"localisateur";0;1;1
"videoverbalisation";0;1;1
"collectivites-territoriales-uniques";1;0;1
"doubs-day";1;0;1
"egr";1;0;1
"monte-en-debit";1;0;1
"pne";1;0;1
"point-de-localisation";1;0;1
"schema-departemental-damelioration-de-laccessibilite-des-services-au-public";1;0;1
"tarif-unifie";1;0;1
"tarif-unifie-sur-bornes-electriques";1;0;1
"institut";1;0;1
"production-avicole";1;0;1
"loi-esr-2013";1;0;1
"poulet-pac";1;0;1
"prix-journalierx";1;0;1
"das";0;1;1
"telephone-portable";0;1;1
"pet-food";1;0;1
"eguisheim";1;0;1
"schedules";1;0;1
"live";0;1;1
"arrete-tarifaire-du-4-mai-2017";1;0;1
"arrete-tarifaire-du-13-decembre-2016";1;0;1
"complement-remuneration";1;0;1
"indices-m0";1;0;1
"obligation-dachat";1;0;1
"vente-en-surplus";1;0;1
"vente-en-totalite";1;0;1
"service-public-de-lelectricite";1;0;1
"fournisseurs-denergie";1;0;1
"marches-de-detail";1;0;1
"accotement";1;0;1
"to-bord";1;0;1
"to-bord-l";1;0;1
"type-a";1;0;1
"aire-daccueil";1;0;1
"r-123-5";1;0;1
"r-123-6";1;0;1
"r-123-7";1;0;1
"r-123-8";1;0;1
"r-123-9";1;0;1
"coupe-rase";1;0;1
"atlas-semouse-lanterne";1;0;1
"karuia";1;0;1
"paita";1;0;1
"province-sud";1;0;1
"conseil-syndical";1;0;1
"info-lin";1;0;1
"outil-de-cooperation";1;0;1
"pole-equilibre-territorial-rural";1;0;1
"taux-d-expression-des-femmes";1;0;1
"communicaton-electronique";1;0;1
"instruments-de-mesure";1;0;1
"perturbation-electromecanique";1;0;1
"fonctions-medicales-et-paramedicales";1;0;1
"services-de-sante";1;0;1
"tourisme-et-transport";1;0;1
"epte";1;0;1
"rge-alti";1;0;1
"savoureuse";1;0;1
"dinondation";1;0;1
"instruction-document-durbanisme";1;0;1
"permis-de-constuire";1;0;1
"bandes-tampons";1;0;1
"pays-dolonne-cote-reference";1;0;1
"ports-de-plaisance";1;0;1
"poce";1;0;1
"irve-57";1;0;1
"feminisme";0;1;1
"arbellara";1;0;1
"loretto-di-tallano";1;0;1
"olmiccia";1;0;1
"propriano";1;0;1
"risques-naturel";1;0;1
"sainte-lucie-de-tallano";1;0;1
"sartene";1;0;1
"viggianello";1;0;1
"activites-physiques-et-sportives";1;0;1
"roissy-en-brie";1;0;1
"codev";1;0;1
"commerces-et-industries";1;0;1
"conservatoire-site-alsacien";1;0;1
"pont-leveque";1;0;1
"rlp-reglement-local-de-publicite";1;0;1
"site-naturel-protege";1;0;1
"vma";1;0;1
"bassin-de-decazeville";1;0;1
"conservation-patrimoine";1;0;1
"decazeville-communaute";1;0;1
"habitat-espece-protege";1;0;1
"bord-de-chaussee";1;0;1
"directive-innondation";1;0;1
"graylois";1;0;1
"rncfs";1;0;1
"bastelicaccia";1;0;1
"carbuccia";1;0;1
"cuttoli-corticchiato";1;0;1
"ferrees";1;0;1
"grosseto-prugna";1;0;1
"peri";1;0;1
"sarrola-carcopino";1;0;1
"ucciani";1;0;1
"vero";1;0;1
"gemrcn";0;1;1
"ddt54";1;0;1
"ecran-pliable";1;0;1
"smartphone-pliable";1;0;1
"elus-regionaux";0;1;1
"ina";0;1;1
"bassins-secheresse";1;0;1
"relevement";1;0;1
"genetique-des-plante";1;0;1
"integrite-scientifique";1;0;1
"label-finansol";1;0;1
"chemin-des-douaniers";1;0;1
"foret-zones-a-risque-naturel";1;0;1
"type-c";1;0;1
"vin-daveyron";1;0;1
"information-aeronautique";1;0;1
"ceremonie-publique";1;0;1
"ecroulement";1;0;1
"gouedic";1;0;1
"gouet";1;0;1
"legue";1;0;1
"rocheux";1;0;1
"signalisation-maritime";1;0;1
"tassement";1;0;1
"description-physique";1;0;1
"zone-damenagement";1;0;1
"sde28";1;0;1
"transformateur";1;0;1
"2013-660";1;0;1
"maigre";1;0;1
"zone-touristique";1;0;1
"zone-touristique-internationale";1;0;1
"adressse";1;0;1
"la-tremblade";1;0;1
"ronce-les-bains";1;0;1
"saint-palais-sur-mer";1;0;1
"cdc-haute-saintonge";1;0;1
"saint-georges-de-didonne";1;0;1
"embeddings";0;1;1
"textrank";0;1;1
"ville-nourriciere";1;0;1
"bulot";1;0;1
"ours";1;0;1
"pprsm";1;0;1
"point-lecture";1;0;1
"unite-medico-social";1;0;1
"unite-technique";1;0;1
"alea-mouvement-de-terrain";1;0;1
"enseignement-prive";1;0;1
"tavignano";1;0;1
"bleu-des-causses";1;0;1
"pegase-arret";1;0;1
"gdn";1;0;1
"wdc";1;0;1
"declaration-sociale";1;0;1
"dsn";1;0;1
"seymaborne";0;1;1
"taux-de-liquidation";1;0;1
"evenement-majeur";1;0;1
"midi-pyrenee";1;0;1
"mobi";1;0;1
"plan-communal-sauvegarde";1;0;1
"amendement";1;0;1
"brise-lame";1;0;1
"corps-mort";1;0;1
"envigis";1;0;1
"epis";1;0;1
"extraction-de-granulats";1;0;1
"granulat";1;0;1
"gravier";1;0;1
"jetee";1;0;1
"maerl";1;0;1
"mouillage-forain";1;0;1
"mouillage-non-autorise";1;0;1
"naviguation";1;0;1
"sablier";1;0;1
"armee-du-salut";1;0;1
"extraction-dinformation";0;1;1
"terminologie";0;1;1
"data-protection-officer";1;0;1
"gdpr";1;0;1
"cartographie-cours-deau";1;0;1
"sol-pollue";1;0;1
"stockage-dechet";1;0;1
"apgl";1;0;1
"geo64";1;0;1
"croquettes";1;0;1
"nutrition-animale";1;0;1
"n-enseignement";1;0;1
"allaine";1;0;1
"especes-vegetales";1;0;1
"flore-caracteres-generaux";1;0;1
"baie-de-morlaix";1;0;1
"capa-ajaccio";1;0;1
"depenses-fiscales";1;0;1
"perimetre-pprl-aiguillon-sur-mer";1;0;1
"religieux";1;0;1
"lachapelle";1;0;1
"pierre-la-treiche";1;0;1
"action-de-letat-en-mer";1;0;1
"aem";1;0;1
"calsses-zones-maritimes";1;0;1
"categorie-de-navigation";1;0;1
"diurne";1;0;1
"sauvetage-en-mer";1;0;1
"semi-diurne";1;0;1
"surveillance-maritime";1;0;1
"etablissements-culturels";1;0;1
"partenaires-artistiques";1;0;1
"charentais";1;0;1
"lnu";1;0;1
"solifluxion";1;0;1
"bac-pro";1;0;1
"baccalaureat-professionnel";1;0;1
"electricien";1;0;1
"les-bons-artisans";1;0;1
"reseau-dartisans";1;0;1
"vitrier";1;0;1
"amenage";1;0;1
"atmo-reunion";1;0;1
"dioxyde-de-soufre-so2";1;0;1
"monoxyde-de-carbone-co";1;0;1
"oxydes-dazote-nox";1;0;1
"ozone-o3";1;0;1
"reconaissances";1;0;1
"altier";1;0;1
"coquillier";1;0;1
"cubieres";1;0;1
"cubierettes";1;0;1
"pied-de-borne";1;0;1
"pourcharesses";1;0;1
"prevencheres";1;0;1
"st-andre-capceze";1;0;1
"villefort";1;0;1
"solidarites-nouvelles-pour-le-logement";0;1;1
"eloigne";1;0;1
"esld";1;0;1
"eusalp";1;0;1
"immediat";1;0;1
"rapproche";1;0;1
"research-centers";1;0;1
"research-laboratories";1;0;1
"reseau-bus-annemasse-agglo";1;0;1
"aefe";0;1;1
"mlf";0;1;1
"pepites-libres";0;1;1
"smi";1;0;1
"surface-installation";1;0;1
"enseigenement-prive";1;0;1
"enseigenement-public";1;0;1
"villey-le-sec";1;0;1
"fcd";1;0;1
"les-huileries-jenxdouba-annee-2017";1;0;1
"cycle-4";1;0;1
"paris-wi-fi";1;0;1
"commits";1;0;1
"equipement-daccueil-du-jeune-enfant";1;0;1
"esplanades";1;0;1
"agriculuture";1;0;1
"bon";1;0;1
"mise-a-leau";1;0;1
"erosion-des-sols";1;0;1
"domerat";1;0;1
"lamaids";1;0;1
"lavault-sainte-anne";1;0;1
"lignerolles";1;0;1
"maelis";1;0;1
"montlucon";1;0;1
"premilhat";1;0;1
"quinssaines";1;0;1
"saint-victor";1;0;1
"teillet-argenty";1;0;1
"villebret";1;0;1
"crawling";0;1;1
"collision";1;0;1
"corbeilles-de-rue";1;0;1
"ngf-lallemand";1;0;1
"ppc";1;0;1
"villey-saint-etienne";1;0;1
"zone-batie";1;0;1
"virecourt";1;0;1
"odt";1;0;1
"meetup";1;0;1
"budget-prim";1;0;1
"iso3166-1";1;0;1
"2r";1;0;1
"alpha-3";1;0;1
"enterree";1;0;1
"iso-3166-1";1;0;1
"list";1;0;1
"marcel-bec";1;0;1
"paysagiste";1;0;1
"riverains";1;0;1
"star-up";1;0;1
"surtaxe";1;0;1
"evolution-medicale";0;1;1
"antioche";1;0;1
"animation-jeunesse";1;0;1
"conference-et-debat";1;0;1
"danse-de-salon";1;0;1
"portes-ouvertes";1;0;1
"vide-grenier";1;0;1
"reglements";1;0;1
"zonages-agricoles-defavorisees";1;0;1
"cycle-1";1;0;1
"cycle-2";1;0;1
"doc-urba";1;0;1
"cooperative";1;0;1
"plu-plui-pluis-sudocuh";1;0;1
"crda-ariana";1;0;1
"gouvernorat-de-ariana";1;0;1
"hors-ppri";1;0;1
"etreprise";1;0;1
"types-c";1;0;1
"pv-batiment";1;0;1
"pv-sol";1;0;1
"haraucourt";1;0;1
"pelagique";1;0;1
"varangeville";1;0;1
"muse";0;1;1
"r-a-m";0;1;1
"argonne";1;0;1
"marees";1;0;1
"directivr-2002-49-ce";1;0;1
"reseau-de-froid";1;0;1
"hubeau";0;1;1
"filets-cales";1;0;1
"montalivet";1;0;1
"cerema-mediterranee";1;0;1
"cerema-normandie-centre";1;0;1
"chauffage-population";1;0;1
"gestion-de-patrimoine-immobilier";1;0;1
"photographies-gps";1;0;1
"bien-vieillir";1;0;1
"liaison-douce";1;0;1
"dg-fi-p";1;0;1
"souchez";1;0;1
"apn";1;0;1
"n-surveillance";1;0;1
"oe2t";1;0;1
"lieu-de-culte";1;0;1
"eau-repartition-des-especes";1;0;1
"sources-de-saone-et-meuse";1;0;1
"donneres-essentielles";1;0;1
"maraicheres";1;0;1
"faute-sur-mer";1;0;1
"pprl-aleas";1;0;1
"zones-humides-remarquables";1;0;1
"flotille-de-peche";1;0;1
"semence";1;0;1
"risque-technologiques";1;0;1
"notifications";1;0;1
"saint-georges-buttavent-53219";1;0;1
"sdan";1;0;1
"tcar";1;0;1
"violation";1;0;1
"violations";1;0;1
"art-musique";1;0;1
"axe-de-voie";1;0;1
"filaire-de-voie";1;0;1
"interubain";1;0;1
"ligne-urbaine";1;0;1
"zones-humides-prioritaires";1;0;1
"timemanager";0;1;1
"3-eme-echeance";1;0;1
"assainissement-rejet";1;0;1
"cuisse";1;0;1
"escalope";1;0;1
"vbus";1;0;1
"entrepots-frigorifiques";1;0;1
"smtba-ntecc-keolis";1;0;1
"gyr-msnd";1;0;1
"nsht";1;0;1
"assiete";1;0;1
"saint-nicolas-de-port";1;0;1
"engie";1;0;1
"produits-laitiers-biologiques";1;0;1
"chevre";1;0;1
"fromages-de-chevre";1;0;1
"lait-de-chevre";1;0;1
"fromages-de-brebis";1;0;1
"lait-de-brebis";1;0;1
"11-18-juin";1;0;1
"florale";1;0;1
"indreetloire";1;0;1
"offres-de-services-en-sante";1;0;1
"lapin";1;0;1
"produits-tripiers";1;0;1
"bovins-reproducteurs";1;0;1
"embarquements";1;0;1
"ovins-reproducteurs";1;0;1
"abats";1;0;1
"viandes-ovins";1;0;1
"ambassadrices";0;1;1
"plafond-de-verre";0;1;1
"quai-dorsay";0;1;1
"cars-macron";1;0;1
"dtm-64";1;0;1
"troncon-hydro";1;0;1
"troncon-hydrologique";1;0;1
"covoit";1;0;1
"dombasle-sur-meurthe";1;0;1
"gndvf";0;1;1
"web-archiving";1;0;1
"web-media";1;0;1
"filet";1;0;1
"informations-publiques";1;0;1
"zonage-contractuel";1;0;1
"zou";1;0;1
"aip";1;0;1
"local-associatif";1;0;1
"perimetres-irrigues-publics";1;0;1
"centres-de-collecte-de-cereales";1;0;1
"budget-primitif-2019";1;0;1
"foncier-public";1;0;1
"listes-regionales";1;0;1
"mobilisation-du-foncier";1;0;1
"production-de-logement";1;0;1
"adap";1;0;1
"aeroclub";1;0;1
"airpaca";1;0;1
"annee-de-construction";1;0;1
"arret-cardio-respiratoire";1;0;1
"athlete";1;0;1
"bij";1;0;1
"bons-plans";1;0;1
"cadre-emploi";1;0;1
"chaufferies";1;0;1
"contemporain";1;0;1
"deconcentration";1;0;1
"dioxyde-de-carbone";1;0;1
"donnees-energetiques";1;0;1
"e-pass-jeunes";1;0;1
"energie-solaire-thermique";1;0;1
"equipement-menage";1;0;1
"fond-documentaire";1;0;1
"formaldehyde";1;0;1
"formation-preparatoire";1;0;1
"fsu";1;0;1
"groupe-immobilier";1;0;1
"kilowatt";1;0;1
"maladie-professionnelle";1;0;1
"numeriques";1;0;1
"obtic";1;0;1
"oref";1;0;1
"pacalabs";1;0;1
"particules-pm1";1;0;1
"patrimoine-maritime";1;0;1
"pression-atmospherique";1;0;1
"puissances";1;0;1
"region-sud";1;0;1
"residence-de-tourime";1;0;1
"rythme-scolaire";1;0;1
"socle-commun-des-donnees-locales";1;0;1
"solaire-photovoltaique";1;0;1
"stagiaires-de-la-formation-professionnelle";1;0;1
"use-cases";1;0;1
"village-vacance";1;0;1
"ville-portuaire";1;0;1
"watt";1;0;1
"zonage-de-protection";1;0;1
"risque-professionnel";1;0;1
"aeronautique-de-degagement";1;0;1
"scrutin-europeen";1;0;1
"feamp";1;0;1
"fesi";1;0;1
"bataillon";1;0;1
"cars-macrons";1;0;1
"centre-municipal-animation";1;0;1
"conseil-conseil-municipal";1;0;1
"elu-elu-local";1;0;1
"euolines";1;0;1
"infrastructures-sportives";1;0;1
"mairies-de-secteurs";1;0;1
"marche-interet-national";1;0;1
"marin-pompier";1;0;1
"code-postaux";1;0;1
"societe-deconomie-mixte";1;0;1
"assurance-decennale";0;1;1
"devis-assurance-decennale";0;1;1
"economie-foncier-activites";1;0;1
"x-a-classer";1;0;1
"lshrkt-lt-wny-lssy-llkhdmt-lflhy";1;0;1
"societes-mutuelles-de-base-de-service-agricole";1;0;1
"amenagement-urbanisme-economie";1;0;1
"entrepots-de-stockage-des-denrees-alimentaires-d-origine-animale";1;0;1
"mkhzn-lmwd-lgdhyy-mn-sl-hywny";1;0;1
"mrkz-tjmy-lhlyb";1;0;1
"shrkt-trby-lsmk";1;0;1
"societes-d-aquaculture";1;0;1
"alluviaux";1;0;1
"boisements";1;0;1
"boisements-alluviaux";1;0;1
"societes-de-transformation-de-lait-et-derives";1;0;1
"amenagment";1;0;1
"interet-ecologique";1;0;1
"ddt-srs-pr";1;0;1
"jouet";0;1;1
"non-toxique";0;1;1
"vaginette";0;1;1
"bp2019-dma";1;0;1
"177";1;0;1
"zones-a-dominante-humide";1;0;1
"cd67";1;0;1
"maybus";1;0;1
"thorigne-fouillard";1;0;1
"jour-s-dedie-s";1;0;1
"autorite-marche-financier";1;0;1
"info-financiere";1;0;1
"societe-cotee";1;0;1
"marche-aux-fleurs";1;0;1
"marche-aux-puces";1;0;1
"laneuveville-devant-nancy";1;0;1
"n-inventaire-nature-biodiversite";1;0;1
"giee";1;0;1
"vpn";0;1;1
"ville-france";1;0;1
"aliment-compose";1;0;1
"ecrasements";1;0;1
"fab";1;0;1
"fabriquants-daliment-du-betail";1;0;1
"incorporations";1;0;1
"carte-gps";0;1;1
"balance-sheet";1;0;1
"barley";1;0;1
"cereals";1;0;1
"common-wheat";1;0;1
"corn";1;0;1
"durum-wheat";1;0;1
"grains";1;0;1
"maize";1;0;1
"semoulerie";1;0;1
"orge-de-brasserie";1;0;1
"rendu-port";1;0;1
"percelle";1;0;1
"seul";1;0;1
"zones-dominante-humide";1;0;1
"halle";1;0;1
"chevreau";1;0;1
"reseau-mat";0;1;1
"equins";1;0;1
"format-pdf";1;0;1
"terrain-a-vendre";1;0;1
"camping-normandie";0;1;1
"camping-normandie-bord-de-mer";0;1;1
"camping-normandie-piscine";0;1;1
"bovins-maigres";1;0;1
"engraissement";1;0;1
"demarches-phares";1;0;1
"action-exterieure";1;0;1
"maison-service-public";1;0;1
"dataweek";1;0;1
"pouvoir-de-rechauffement-global";1;0;1
"prg";1;0;1
"prg100";1;0;1
"eleves-au-pis";1;0;1
"non-eleves-au-pis";1;0;1
"debat-assemblee-nationale";1;0;1
"inspection-du-travail";1;0;1
"memorial-virtuel";1;0;1
"unite-de-controle";1;0;1
"a";1;0;1
"admissibilite";1;0;1
"aides-de-letat";1;0;1
"appellations-dorigine";1;0;1
"b";1;0;1
"base-documentaire";1;0;1
"brevets-delivres";1;0;1
"c";1;0;1
"ciri";1;0;1
"comites-techniques-de-proximite";1;0;1
"comptes-daffectation-special";1;0;1
"comptes-des-concours-financiers";1;0;1
"conformite-des-produits";1;0;1
"cotisations-foncieres-des-entreprises";1;0;1
"cotisations-sur-la-valeur-ajoutee-des-entreprises";1;0;1
"delivrances";1;0;1
"depots-de-brevets";1;0;1
"destructions";1;0;1
"dictionnaire-de-donnees";1;0;1
"enregistrements";1;0;1
"entreprises-de-taille-intermediaire";1;0;1
"filiations";1;0;1
"financement-des-entreprises";1;0;1
"foncieres";1;0;1
"frequentation-touristique";1;0;1
"indicateurs-dactivite";1;0;1
"lfi-2016";1;0;1
"lfi-2017";1;0;1
"lfi-2018";1;0;1
"liste-detablissements";1;0;1
"marques-francaises";1;0;1
"mission-et-programme";1;0;1
"modifications";1;0;1
"parcs-automobiles";1;0;1
"plr-2013";1;0;1
"plr-2014";1;0;1
"plr-2015";1;0;1
"plr-2016";1;0;1
"productions-de-vin";1;0;1
"produits-non-alimentaires";1;0;1
"proprietes-baties";1;0;1
"proprietes-non-baties";1;0;1
"registres-du-commerce-et-des-societes";1;0;1
"securite-des-produits";1;0;1
"synthese-generale";1;0;1
"taux-dinterets";1;0;1
"taxes-dhabitations";1;0;1
"tf";1;0;1
"tfpb";1;0;1
"th";1;0;1
"valeur-locative";1;0;1
"glyphosate";1;0;1
"valorisation-des-marques";1;0;1
"micro-bloging";1;0;1
"appartements";1;0;1
"la-roque-sur-pernes";1;0;1
"lafare";1;0;1
"le-barroux";1;0;1
"loriol-du-comtat";1;0;1
"standard-cnig-plu-v2017";1;0;1
"terrains-a-batir";1;0;1
"vacqueyras";1;0;1
"venasque";1;0;1
"1943";1;0;1
"1944";1;0;1
"1946";1;0;1
"1947";1;0;1
"1948";1;0;1
"vieilleses";1;0;1
"empreinte-normative";1;0;1
"epeautre";1;0;1
"sarrasin";1;0;1
"verification";0;1;1
"voilier";0;1;1
"cmt";1;0;1
"communaute-urbaine-creusot-montceau";1;0;1
"lignes-urbains";1;0;1
"marnage";0;1;1
"ep-epci-sudocuh";1;0;1
"cotations-viandes";1;0;1
"cotations-viandes-toutes-especes";1;0;1
"equin";1;0;1
"gbea";1;0;1
"gbma";1;0;1
"historique-cotations-viandes";1;0;1
"synthese-cotations-viandes";1;0;1
"albums";1;0;1
"bulbes-esapces-verts";1;0;1
"fantastique";1;0;1
"science-fiction";1;0;1
"videos-a-la-demande";1;0;1
"estivales";1;0;1
"dumont";1;0;1
"nsi";1;0;1
"archives-communales";1;0;1
"fonds-prives";1;0;1
"buss";1;0;1
"sudocuh-scot";1;0;1
"quibbus";1;0;1
"confluent";1;0;1
"capella-sacra";1;0;1
"lectures-darchives";1;0;1
"percussions-de-strasbourg";1;0;1
"spectacles-divers";1;0;1
"occupation-du-territoire-par-zones";1;0;1
"nombre-de-ventes";0;1;1
"section-cadastrale";0;1;1
"privatisation";1;0;1
"scot-plui-sudocuh";1;0;1
"sommerviller";1;0;1
"plu-du-sudocuh-plui";1;0;1
"covoiturages";1;0;1
"infracstructure";1;0;1
"lidia-ksiazkiewicz";1;0;1
"alain-raes";1;0;1
"dominique-thomas";1;0;1
"olivier-penard";1;0;1
"ernest-chausson";1;0;1
"gautier-dooghe";1;0;1
"georges-bizet";1;0;1
"jean-marie-quenon";1;0;1
"maurice-ravel";1;0;1
"cesar-franck";1;0;1
"piotr-illich-tchaikovski";1;0;1
"remi-geniet";1;0;1
"plui-plu-du-sudocuh";1;0;1
"plui-plu-sudocuh-du";1;0;1
"tranquillite-publique";1;0;1
"karol-beffa";1;0;1
"mathieu-laine";1;0;1
"xavier-besson";1;0;1
"alphonse-daudet";1;0;1
"choeur-regional-des-hauts-de-france";1;0;1
"eric-deltour";1;0;1
"george-gershwin";1;0;1
"laetitia-le-saux";1;0;1
"laurent-petitgirard";1;0;1
"claude-debussy";1;0;1
"felix-mendelssohn";1;0;1
"gabriel-faure";1;0;1
"isabelle-druet";1;0;1
"philippe-bernold";1;0;1
"edvard-greig";1;0;1
"gregoire-devaux";1;0;1
"johann-geprg-albrechtsberger";1;0;1
"johann-pachelbel";1;0;1
"omar-yagoubi";1;0;1
"remo-giazotto";1;0;1
"alan-menken";1;0;1
"edward-elgar";1;0;1
"georg-friedrich-haendel";1;0;1
"jean-sebastien-bach";1;0;1
"johenn-strauss";1;0;1
"jule-styne";1;0;1
"leroy-andreson";1;0;1
"max-bruch";1;0;1
"depose";1;0;1
"pouce";1;0;1
"shapes";1;0;1
"plu-plui-pluis-sudocuh-du";1;0;1
"plui-pluis-plu-sudocuh";1;0;1
"mot-de-passe";1;0;1
"pacage";1;0;1
"accessibilite-spatiale-distance-disponibilite-ressources-soins-de-premier-recours";1;0;1
"toxique";1;0;1
"landes-acides";1;0;1
"airfrance";1;0;1
"transavia";1;0;1
"cergy";1;0;1
"pontoise";1;0;1
"velo2";1;0;1
"corps-creux";1;0;1
"historical";1;0;1
"people";1;0;1
"story-maps";1;0;1
"urban";1;0;1
"vector-tile-package";1;0;1
"vtpk";1;0;1
"feux-foret";1;0;1
"euromos";1;0;1
"carte-bruit-strategique";1;0;1
"plui-pluis-plu-du-sudocuh";1;0;1
"ieg";1;0;1
"notre-notre-territoire";1;0;1
"corridors-ecoogiques";1;0;1
"velopop";1;0;1
"saint-cloud";1;0;1
"classement-des-portails-immobiliers";1;0;1
"data-immobilier";1;0;1
"perimetre-scolaire";1;0;1
"ppri-ouanne";1;0;1
"commission-dacces-aux-documents-administratifs";1;0;1
"road-trip";0;1;1
"occupation-du-sol-sol-sous-sol-mode-doccupation-du-sol";1;0;1
"antony";1;0;1
"bidouze";1;0;1
"mission-societe-numerique";1;0;1
"strategie-nationale-pour-un-numerique-inclusif";1;0;1
"tp2a";1;0;1
"anti-moustique";0;1;1
"levelo";1;0;1
"dpsp";1;0;1
"murs-vegetalises";1;0;1
"catalog";1;0;1
"datasets";1;0;1
"vallourec";1;0;1
"aerodromes-de-paris";0;1;1
"obstacles-ecologiques";1;0;1
"effluent";1;0;1
"plan-daction";1;0;1
"chanvre";1;0;1
"thc";1;0;1
"cannabinoid";0;1;1
"cannabis";0;1;1
"milieux-boises";1;0;1
"risques-psychosociaux";0;1;1
"fortune";0;1;1
"adprip";0;1;1
"sous-bois";1;0;1
"colloques";1;0;1
"segmentation";1;0;1
"masse-batie";1;0;1
"grand-narbonne";1;0;1
"mosaique";1;0;1
"agglobus-cavem";1;0;1
"eaux-polluees";1;0;1
"jardin-public";1;0;1
"agro";1;0;1
"repere-de-nivellement";1;0;1
"perimetre-zone-inondable";1;0;1
"2009-2017";1;0;1
"basias";1;0;1
"cerema-nord-picardie";1;0;1
"exzeco-inondation-risques";1;0;1
"releves-gps-bruts";1;0;1
"effectifs-police";1;0;1
"action-innovante";1;0;1
"simdph";1;0;1
"ami";1;0;1
"bus-pas-cher";0;1;1
"flixbus-kombo";0;1;1
"kombo";0;1;1
"ouibus-blablabus-kombo-bus-pas-cher";0;1;1
"delimitation-propriete";1;0;1
"touraine";0;1;1
"dents-creuses";1;0;1
"evacuation-eaux-usees";1;0;1
"extension-urbaine";1;0;1
"transdev-le-havre";1;0;1
"agri";1;0;1
"culinaire";1;0;1
"produit-alimentaire";1;0;1
"recycle";1;0;1
"conduire";1;0;1
"emprise-domaine-public";1;0;1
"pseudo-parcelle";1;0;1
"non-specifie";1;0;1
"pays-touristiques";1;0;1
"ntic";1;0;1
"convention-de-subvention-convention-donnees-essentielles-departement-du-lot-2019";1;0;1
"ile-saint-germain";1;0;1
"2019-subvention";1;0;1
"19eme-siecle";1;0;1
"courbet";1;0;1
"gustave";1;0;1
"ornans";1;0;1
"communaute-agglomeration-royan-atlantique";1;0;1
"openfoodfact";1;0;1
"openfoodfacts";1;0;1
"radiomaritime";1;0;1
"idfm";1;0;1
"cvelo";1;0;1
"transmedia";1;0;1
"servitude-assiette-t-5";1;0;1
"officines";0;1;1
"buralistes";0;1;1
"cnes";1;0;1
"architectes-conseillers";1;0;1
"barrage-de-retenue";1;0;1
"barrages-de-retenue";1;0;1
"caue";1;0;1
"entites";1;0;1
"qualiteau";1;0;1
"veli-vert";1;0;1
"veliv";1;0;1
"velivert";1;0;1
"velo-saint-etienne";1;0;1
"vls-saint-etienne";1;0;1
"correlation";0;1;1
"justice-spatiale";0;1;1
"viatransit";0;1;1
"milieux-prairiaux";1;0;1
"risque-usage-des-sols";1;0;1
"indice-de-pauvrete";1;0;1
"lieu-de-travail";1;0;1
"observatoire-observatoire-territorial";1;0;1
"bustracker";1;0;1
"classes-zones-maritimes";1;0;1
"curage";1;0;1
"faucardement";1;0;1
"passage-engins";1;0;1
"luxe";1;0;1
"assiette-t-5";1;0;1
"livrasion-colis";0;1;1
"brochure-design";0;1;1
"wordpress-development";0;1;1
"workdigit";0;1;1
"vivanoda";0;1;1
"aloe-vera-gel";0;1;1
"adu-qq";0;1;1
"agen-dominoqq";0;1;1
"bandar-poker";0;1;1
"bandarqq";0;1;1
"domino-qiu-qiu";0;1;1
"dominoqq";0;1;1
"edouard-philippe";1;0;1
"best-cb-radios";0;1;1
"cb-radio";0;1;1
"radios";0;1;1
"generale";1;0;1
"terminale";1;0;1
"donnees-administratives";1;0;1
"espiar-whatsapp";0;1;1
"hackear-whatsapp";0;1;1
"conflit";1;0;1
"cod";1;0;1
"eaip";1;0;1
"boues-urbaines";1;0;1
"ccpvm";1;0;1
"assiette-a-1";1;0;1
"demain";1;0;1
"foret-soumise-regime-forestier";1;0;1
"appellation-du-taxon";1;0;1
"groupe-de-parametres";1;0;1
"groupe-de-parametres-de-classe";1;0;1
"groupe-de-parametres-dusage";1;0;1
"groupes-de-parametres";1;0;1
"hydrobiologique";1;0;1
"microbiologique";1;0;1
"omnidia";1;0;1
"sexey-aux-forges";1;0;1
"commenter";0;1;1
"meilleures";0;1;1
"noter";0;1;1
"cappuccino";0;1;1
"bureau-accueil";1;0;1
"qq-online";0;1;1
"agen-judi-online";0;1;1
"agen-sbobet";0;1;1
"judi-bola";0;1;1
"judi-online";0;1;1
"sbobet-online";0;1;1
"accessoires-de-cuisine";0;1;1
"materiel-de-cuisine";0;1;1
"ustensiles-de-cuisine";0;1;1
"bio-dechet";1;0;1
"dechet-alimentaire";1;0;1
"mrbe";1;0;1
"indice-morpho-sedimentaire";1;0;1
"traduction-medicale";0;1;1
"acculturation";1;0;1
"partage-experiences";1;0;1
"rn-12";1;0;1
"chaligny";1;0;1
"antipol";1;0;1
"disinformation";1;0;1
"snapchat";1;0;1
"insuline";0;1;1
"insulinotherapie-fonctionelle";0;1;1
"affiliate-marketing";0;1;1
"blogging-hub";0;1;1
"ice-cream-rolls";0;1;1
"rolled-ice-cream";0;1;1
"website";0;1;1
"wedding";0;1;1
"diet";0;1;1
"payday-loans";0;1;1
"app-ios";0;1;1
"poitier";1;0;1
"poitiers-subvention-association";1;0;1
"bad";1;0;1
"zones-inondables-potentielles";1;0;1
"agen-togel";0;1;1
"agen-togel-resmi";0;1;1
"blackjack";0;1;1
"judi";0;1;1
"poker-online-terpercaya";0;1;1
"togel";0;1;1
"togel-online";0;1;1
"togel-online-terlengkap";0;1;1
"togel-online-terpercaya";0;1;1
"totobet";0;1;1
"469";1;0;1
"526";1;0;1
"chavilbus";1;0;1
"gtf-rt";1;0;1
"subb";1;0;1
"tim";1;0;1
"tuvim";1;0;1
"ales";1;0;1
"eloignement-des-services-de-sante";1;0;1
"participation-aux-elections";1;0;1
"antallaktika-autokinetou";0;1;1
"axesouar-autokinetou";0;1;1
"car-accessories";0;1;1
"car-parts";0;1;1
"car-wheels";0;1;1
"elastika-autokinetou";0;1;1
"exartemata-autokinetou";0;1;1
"scalair";1;0;1
"oil-painter";0;1;1
"usb-camera-sync";0;1;1
"123-hp-com";0;1;1
"123-hp-com-setup";0;1;1
"control-cctv";0;1;1
"dog-milk";0;1;1
"mereville";1;0;1
"aide-complementaire-sante";0;1;1
"assurance-mutuelle-mutuelle-obligatoire";0;1;1
"changer-de-mutuelle";0;1;1
"comparateur-de-mutuelle";0;1;1
"comparateur-mutuelle";0;1;1
"comparatif-mutuelle";0;1;1
"devis-mutuelle-en-ligne";0;1;1
"devis-mutuelle-sante";0;1;1
"france-mutuelle";0;1;1
"meilleure-mutuelle";0;1;1
"mutuelle-apreva";0;1;1
"mutuelle-comparatif-mutuelle-sante-macif";0;1;1
"mutuelle-dentaire";0;1;1
"mutuelle-en-ligne";0;1;1
"mutuelle-entreprise";0;1;1
"mutuelle-etudiante";0;1;1
"mutuelle-familiale";0;1;1
"mutuelle-generale";0;1;1
"mutuelle-maif";0;1;1
"mutuelle-maladie";0;1;1
"mutuelle-moins-chere";0;1;1
"mutuelle-optique";0;1;1
"mutuelle-retraite";0;1;1
"mutuelle-sante-pas-cher";0;1;1
"mutuelle-senior";0;1;1
"prevoyance-sante";0;1;1
"quelle-mutuelle-choisir";0;1;1
"resiliation-mutuelle-sante";0;1;1
"surcomplementaire-sante";0;1;1
"tarif-mutuelle";0;1;1
"cs-1-6-gratuit";0;1;1
"cs-1-6-non-steam";0;1;1
"cs-1-6-original";0;1;1
"telecharger-cs-1-6";0;1;1
"earn-free-paypal-money-with-paypal-money-generator-2019";0;1;1
"free-money-online";0;1;1
"free-paypal-money";0;1;1
"money";0;1;1
"paypal";0;1;1
"combines";0;1;1
"one-stop-shop";0;1;1
"argeles-sur-mer";0;1;1
"coteau";1;0;1
"sous-cave";1;0;1
"medias-scolaires";0;1;1
"couverture-reseau";0;1;1
"osteopathe";0;1;1
"02-bourgogne";1;0;1
"auboue";1;0;1
"conflans-en-jarnisy";1;0;1
"jarny";1;0;1
"marbache";1;0;1
"giraumont";1;0;1
"disparites-de-revenus";1;0;1
"menages-fiscaux";1;0;1
"niveaux-de-revenus";1;0;1
"consommation-de-biens";1;0;1
"consommation-de-services";1;0;1
"consommation-des-menages";1;0;1
"accidents-du-travail";1;0;1
"deces-par-suicide";1;0;1
"energies-propres";1;0;1
"pauvrete-monetaire";1;0;1
"prelevements-en-eau";1;0;1
"satisfaction-dans-le-vie";1;0;1
"victimes-de-violences";1;0;1
"1777-1793";1;0;1
"donnees-meterologiques-anciennes";1;0;1
"explications";1;0;1
"seignette";1;0;1
"aptitude";1;0;1
"jdd";1;0;1
"ligue-1";0;1;1
"animaux-antibiotiques";1;0;1
"confiance-dans-les-institutions";1;0;1
"consommation-de-matieres";1;0;1
"dechets-municipaux";1;0;1
"diversite-des-cultures";1;0;1
"emission-de-particules-fines";1;0;1
"emissions-de-co2-par-valeur-ajoutee";1;0;1
"emplois-de-leconomie-circulaire";1;0;1
"evenements-naturels";1;0;1
"gaspillages-alimentaires";1;0;1
"indemnisations-catastrophes-neturelles";1;0;1
"insitutions-efficaces";1;0;1
"paix";1;0;1
"populations-doiseaux";1;0;1
"reduction-des-inegalites";1;0;1
"surpeuplement-des-logements";1;0;1
"taux-de-boisement";1;0;1
"transports-de-marchandises";1;0;1
"transports-de-voyageurs";1;0;1
"vie-aquatique-marine";1;0;1
"vie-terrestre";1;0;1
"discrimination-dans-les-entreprises";1;0;1
"gestion-de-lenergie";1;0;1
"gestion-des-ressources";1;0;1
"lutte-contre-le-changement-climatique";1;0;1
"preservation-de-lenvironnement";1;0;1
"relations-avec-la-societe-civile";1;0;1
"relations-avec-les-clients";1;0;1
"relations-avec-les-fournisseurs";1;0;1
"responsabilite-societale-des-entreprises";1;0;1
"colonne-aerienne";1;0;1
"colonne-enterree";1;0;1
"abonnement-ter";1;0;1
"accroche";1;0;1
"accroche-velo";1;0;1
"attache";1;0;1
"cadenas";1;0;1
"mobilite-durable";1;0;1
"carto";0;1;1
"moineville";1;0;1
"joeuf";1;0;1
"acte-de-lautorite-municipale";1;0;1
"administration-communale";1;0;1
"organe-consultatif";1;0;1
"allemangne";0;1;1
"argentine";0;1;1
"usa";0;1;1
"population-demographie";1;0;1
"labry";1;0;1
"valleroy";1;0;1
"bots";0;1;1
"clean";0;1;1
"counter-strike";0;1;1
"cs-1-6";0;1;1
"csgo";0;1;1
"no-steam";0;1;1
"original";0;1;1
"moselle-et-madon";1;0;1
"aide-a-ladaptation";1;0;1
"cedez-le-passage";1;0;1
"changement-dusage";1;0;1
"corpropriete-degradee";1;0;1
"envia";1;0;1
"humanite-numerique";1;0;1
"location-meublee-touristique";1;0;1
"logement-insalubre";1;0;1
"lutte-contre-lhabitat-indigne";1;0;1
"mcm";1;0;1
"mieux-chez-moi";1;0;1
"operation-habitat-qualite";1;0;1
"operation-programmee-damelioration-de-lhabitat";1;0;1
"reseau-de-transport-en-commun";1;0;1
"rrir";1;0;1
"saintes-maries-de-la-mer";1;0;1
"stations-meteorologiques";1;0;1
"teledeclaration";1;0;1
"base-voie";1;0;1
"frouard";1;0;1
"olley";1;0;1
"collectivites-terrtoriales";1;0;1
"alexandre-kantorow";1;0;1
"frederic-chopin";1;0;1
"ludwig-van-beethoven";1;0;1
"copropriete-degradee";1;0;1
"owf";1;0;1
"sites-prioritaires";1;0;1
"sites-utilisateur-final";1;0;1
"suf";1;0;1
"banque-populaire-alsace-lorraine-champagne";1;0;1
"bpalc";1;0;1
"eva";1;0;1
"irs";1;0;1
"t-geo-com";1;0;1
"auto-consommation-collective";1;0;1
"batiments-region";1;0;1
"cohabitat";1;0;1
"deepki";1;0;1
"enogrid";1;0;1
"multifuides";1;0;1
"production-solaire";1;0;1
"bso";1;0;1
"french-open-science-monitor";1;0;1
"unpaywall";1;0;1
"date-des-releves-gps";1;0;1
"type-de-trait-de-cote";1;0;1
"acces-ouvert";0;1;1
"interconexion";1;0;1
"risques-littoraux";1;0;1
"code-geo-pmsi";1;0;1
"jeandelize";1;0;1
"marchespublics";1;0;1
"origine-risque-ouanne";1;0;1
"eml";1;0;1
"irm";1;0;1
"tomographe";1;0;1
"arhgos";1;0;1
"oncologie";1;0;1
"delegataires-territoriaux";1;0;1
"delegatations-territoriales";1;0;1
"delegation-territoriale";1;0;1
"gestion-des-eaux-superficielles";1;0;1
"installations-radioelectriques";1;0;1
"logment-locatif";1;0;1
"politique-de-leau";1;0;1
"quartiers-de-la-veille-active";1;0;1
"reseaux-reseaux-numeriques";1;0;1
"rm";1;0;1
"boncourt";1;0;1
"pompey";1;0;1
"comptabilite-carbone";1;0;1
"messein";1;0;1
"technicentres-industriels";1;0;1
"ch4";1;0;1
"n2o";1;0;1
"voyager-en-france";1;0;1
"stban";1;0;1
"dataviv";0;1;1
"adjudicateur";1;0;1
"zone-arriere";1;0;1
"epoque";1;0;1
"cotiere";1;0;1
"rgcc";1;0;1
"ergonomicdata";0;1;1
"annulations";1;0;1
"aqst";1;0;1
"taxi-moto";0;1;1
"duree-limitee";1;0;1
"goelands";1;0;1
"premere-guerre-mondiale";1;0;1
"dechets-dequipements-electriques-et-electroniques";1;0;1
"fin-de-vie";1;0;1
"icv";1;0;1
"traitement-des-donnees";0;1;1
"puma";1;0;1
"rust";0;1;1
"affection";0;1;1
"amour";0;1;1
"chance";0;1;1
"desenvoutement";0;1;1
"envoutement";0;1;1
"guerison";0;1;1
"marabout";0;1;1
"medium";0;1;1
"passion";0;1;1
"pastel";1;0;1
"homecourt";1;0;1
"theiere";0;1;1
"acquisitions-immobilieres";1;0;1
"besoin-en-fonds-de-roulement";1;0;1
"capacite-dautofinancement";1;0;1
"charges-decaissables";1;0;1
"depenses-de-personnel";1;0;1
"ebe";1;0;1
"ecole-normale-superieure";1;0;1
"excedent-brut-dexploitation";1;0;1
"fonds-de-roulement-net-global";1;0;1
"frng";1;0;1
"iep";1;0;1
"instituts-detudes-politiques";1;0;1
"piste-et-bandes";1;0;1
"ressources-propres";1;0;1
"resultat-net-comptable";1;0;1
"zonage-pprl-pays-dolonne";1;0;1
"aphrodisiaque-bio";1;0;1
"aphrodisiaque-homme";1;0;1
"parfum-aphrodisiaque";1;0;1
"parfum-aphrodisiaque-pour-homme";1;0;1
"parfum-bio";1;0;1
"parfum-pour-homme";1;0;1
"autorisation-de-prospections-prealables";1;0;1
"autorisation-de-recherches";1;0;1
"autorisation-dexploitation";1;0;1
"camino";1;0;1
"combustibles-fossiles";1;0;1
"elements-radioactifs";1;0;1
"permis-dexploitation";1;0;1
"permis-exclusif-de-carrieres";1;0;1
"permis-exclusif-de-recherches";1;0;1
"aleas-marins";1;0;1
"conditions-atmospherique";1;0;1
"kieu-dang-cong-nghiep";0;1;1
"nhan-hieu";0;1;1
"canon-printer-service";0;1;1
"canon-printer-support-helpline";0;1;1
"subvention-poitiers-association";1;0;1
"subvention-poitiers-beneficiaire";1;0;1
"dommartin-les-toul";1;0;1
"compte-administratif-2014";1;0;1
"compte-administratif-2015";1;0;1
"promoteur";1;0;1
"activite-culturelle";1;0;1
"sermac";1;0;1
"logistique-urbaine";1;0;1
"culture-transport";1;0;1
"gaspillage-alimentaire";1;0;1
"gestion-espaces-verts";1;0;1
"incubateur-start-up";1;0;1
"parking-art";1;0;1
"structure-batie";1;0;1
"cd92";1;0;1
"carte-postales";1;0;1
"iles-anglo-normandes";1;0;1
"la-manche";1;0;1
"professionnel-sante";1;0;1
"centre-de-vacances";1;0;1
"cmu";1;0;1
"deambulation";1;0;1
"maison-familiale-de-vacances";1;0;1
"petit-train";1;0;1
"point-dapport";1;0;1
"races2roues";0;1;1
"point-deau-incendie";1;0;1
"puisard";1;0;1
"kali";0;1;1
"ccfr";1;0;1
"ead";1;0;1
"parcage";1;0;1
"buspascher";0;1;1
"point-interconnexion";1;0;1
"tcl";1;0;1
"parispluie";1;0;1
"small-multiple";0;1;1
"muralisme";1;0;1
"ma-region-ma-commune";1;0;1
"loire-anjou-touraine";1;0;1
"melbet";0;1;1
"monographie";0;1;1
"cefte";1;0;1
"charte-supports-et-contenus";1;0;1
"chartes-information-voyageurs";1;0;1
"csciv";1;0;1
"specifications";1;0;1
"voie-technologique";1;0;1
"rayon-24-km";1;0;1
"mac";0;1;1
"match";1;0;1
"petites-regions-fourrageres";1;0;1
"bbs";1;0;1
"bureau-individuel";1;0;1
"espace-de-convivialite";1;0;1
"salle-de-reunion";1;0;1
"agriculture-urbaine";1;0;1
"tdathack";1;0;1
"dadj";1;0;1
"publicitaire";1;0;1
"cumul";0;1;1
"cyclic";1;0;1
"velostanlib";1;0;1
"territoire-a-risque-inondation";1;0;1
"elections-presidentielles-europeennes-1999-2002";0;1;1
"edd";0;1;1
"amenagement-et-territoire";1;0;1
"cret";1;0;1
"weather";1;0;1
"fonds-de-commerce";0;1;1
"fichier-irve";0;1;1
"arome";1;0;1
"arpege";1;0;1
"mocage";1;0;1
"sahel";1;0;1
"operation-damenagement";1;0;1
"postes-htb-hta";1;0;1
"normales";1;0;1
"previsions-saisonnieres";1;0;1
"reccord";1;0;1
"scenarios-climatiques";1;0;1
"3-e-echeance";1;0;1
"gestions";1;0;1
"respire";1;0;1
"ibrahim-albalawi";1;0;1
"patrimoine-immateriel";1;0;1
"savoir-et-savoir-faire-du-processus-de-creation";1;0;1
"universalite";1;0;1
"brancusi";1;0;1
"cercle-detudes-scientifiques-rayer";1;0;1
"pierre-rayer";1;0;1
"societe-de-biologie";1;0;1
"e-sport";1;0;1
"e-sports";1;0;1
"game";1;0;1
"gamer";1;0;1
"taneo";1;0;1
"creation-dun-reseau-dassainissement-a-port-conscience";1;0;1
"syaden";1;0;1
"thalys";0;1;1
"tvg-inoui";0;1;1
"autoecoles";0;1;1
"profesionnel";0;1;1
"sel-et-vermois";1;0;1
"seletvermois";1;0;1
"bon-achat";1;0;1
"cheques-cadeaux";1;0;1
"discours";1;0;1
"power-to-gas";1;0;1
"indexation";0;1;1
"search";0;1;1
"volumes-echanges";1;0;1
"alimentatio";1;0;1
"ceche";1;0;1
"collecte-des-emballages";1;0;1
"collecte-des-ordures-menageres";1;0;1
"dechets-vegetaux";1;0;1
"voirie-apaisee";1;0;1
"greves";0;1;1
"communiques-de-presse";1;0;1
"crige-paca";1;0;1
"lambert-lambert-93";1;0;1
"limitation-de-gabarit";1;0;1
"orthophotographie-vraie";1;0;1
"aides-a-finalites-regionales";1;0;1
"education-cfa";1;0;1
"fn-rbm";1;0;1
"forets-anciennes";1;0;1
"les-republicains-et-apparentes";1;0;1
"lra";1;0;1
"ouverture-cfa";1;0;1
"prets-aux-entreprises";1;0;1
"protection-legislative";1;0;1
"qualite-de-l-039-air";1;0;1
"rassemblement-national-et-apparentes";1;0;1
"territoire-de-sante";1;0;1
"udi-uc";1;0;1
"dechets-assimiles-aux-ordures-menageres";1;0;1
"electricien-lyon";0;1;1
"electricien-lyon-1";0;1;1
"electricien-lyon-2";0;1;1
"electricien-lyon-3";0;1;1
"electricien-lyon-4";0;1;1
"electricien-lyon-5";0;1;1
"electricien-lyon-6";0;1;1
"electricien-lyon-7";0;1;1
"electricien-lyon-8";0;1;1
"electricien-lyon-9";0;1;1
"plombier-lyon";0;1;1
"plombier-lyon-1";0;1;1
"plombier-lyon-2";0;1;1
"plombier-lyon-3";0;1;1
"plombier-lyon-4";0;1;1
"plombier-lyon-5";0;1;1
"plombier-lyon-6";0;1;1
"plombier-lyon-7";0;1;1
"plombier-lyon-8";0;1;1
"plombier-lyon-9";0;1;1
"serrurier-lyon";0;1;1
"serrurier-lyon-1";0;1;1
"serrurier-lyon-2";0;1;1
"serrurier-lyon-3";0;1;1
"serrurier-lyon-4";0;1;1
"serrurier-lyon-5";0;1;1
"serrurier-lyon-6";0;1;1
"serrurier-lyon-7";0;1;1
"serrurier-lyon-8";0;1;1
"serrurier-lyon-9";0;1;1
"vitrier-lyon";0;1;1
"periurbain";1;0;1
"armoire-de-rue";1;0;1
"msp";1;0;1
"venus";1;0;1
"reseau-urbain";1;0;1
"zns";1;0;1
"zones-non-saturees";1;0;1
"regles-de-construction";1;0;1
"ecoscopa";1;0;1
"mollusque";1;0;1
"laravel";0;1;1
"aubin";1;0;1
"cransac";1;0;1
"decazeville";1;0;1
"firmi";1;0;1
"tub";1;0;1
"viviez";1;0;1
"pharmaceutique";0;1;1
"ferry";1;0;1
"port-de-commerce";1;0;1
"saint-egreve";1;0;1
"interactive";0;1;1
"slide";0;1;1
"gerrymandering";0;1;1
"carroyees";0;1;1
"projet-de-loi-de-financement-de-la-securite-sociale";1;0;1
"cdesi";1;0;1
"departement-de-la-seine-maritime";1;0;1
"reseaux-bt";1;0;1
"reseaux-hta";1;0;1
"autorite-de-regulation-des-transports";1;0;1
"annuairesocietes";0;1;1
"transformateurs";1;0;1
"autl";1;0;1
"coulee-de-boue";1;0;1
"ecoulements";1;0;1
"d-lyne";1;0;1
"cheque";1;0;1
"cheques";1;0;1
"contrat-local";1;0;1
"59100";1;0;1
"avold";1;0;1
"naborien";1;0;1
"paysnaborien";1;0;1
"saint-avold";1;0;1
"transavold";1;0;1
"bureau-metropolitain";1;0;1
"canipropre";1;0;1
"conpte-rendu";1;0;1
"phamacie";1;0;1
"witm";1;0;1
"working";1;0;1
"protection-de-donnees";0;1;1
"droits-des-sols";1;0;1
"ied";1;0;1
"mooj";1;0;1
"poles-metropolitains";1;0;1
"trame-bleu";1;0;1
"sup-el-9";1;0;1
"air-quality";1;0;1
"fotos";1;0;1
"it";1;0;1
"77373-marche";1;0;1
"moyenne-moselle";1;0;1
"petite-region";1;0;1
"eure-habitat";1;0;1
"oph";1;0;1
"annonce-obligatoire";1;0;1
"annonces-obligatoires";1;0;1
"association-syndicale-proprietaire";1;0;1
"associations-syndicales-proprietaires";1;0;1
"fondation-entreprise";1;0;1
"fondation-partenariale";1;0;1
"fondations-entreprises";1;0;1
"fondations-partenariales";1;0;1
"moyen-de-communication";1;0;1
"merules";1;0;1
"fontelys";1;0;1
"fontenay-le-comte";1;0;1
"valmobus";1;0;1
"valmorel";1;0;1
"etablissements-publics-damenagement";1;0;1
"boues-depuration-des-eaux-usees";1;0;1
"geotope";1;0;1
"sol-et-sous-sol";1;0;1
"substance";1;0;1
"toul";1;0;1
"tiv";1;0;1
"verdun";1;0;1
"atis";1;0;1
"indicatif-dappel";1;0;1
"mmsi";1;0;1
"bainville-sur-madon";1;0;1
"blamont";1;0;1
"ceintrey";1;0;1
"lemainville";1;0;1
"credit-immobilier";0;1;1
"donenes-ouvertes";1;0;1
"site-rencontre";1;0;1
"tinder";1;0;1
"ca-de-la-region-de-compiegne-arc";1;0;1
"enrochement";1;0;1
"culture-pac";1;0;1
"ilot-pac";1;0;1
"n-parcellaire-agricole";1;0;1
"prairie-sensible";1;0;1
"superficielle";1;0;1
"accorde";1;0;1
"camping-a-risque";1;0;1
"eau-pollution";1;0;1
"engins-fixes";1;0;1
"especes-invasives-flore-faune";1;0;1
"foret-de-haye";1;0;1
"intra-bassin";1;0;1
"phytosociologie";1;0;1
"potentiel-des-sols";1;0;1
"shema-de-coherence-territoriale";1;0;1
"tis";1;0;1
"transports-interurbains";1;0;1
"travaux-miniers";1;0;1
"zones-minieres";1;0;1
"arboricole";1;0;1
"etat-des-lieux-2013";1;0;1
"qmj";1;0;1
"vca";1;0;1
"interrupteurs";1;0;1
"acc";1;0;1
"aleas-potentiels";1;0;1
"captages-deau-potable";1;0;1
"chataigne";1;0;1
"chrysolele";1;0;1
"debit-moyen";1;0;1
"endiguement";1;0;1
"gad";1;0;1
"noms-des-communes";1;0;1
"ouvrages-aep";1;0;1
"panneaux-a-messages-variables";1;0;1
"presentation-a-3";1;0;1
"prevention-crue";1;0;1
"station-de-mesures";1;0;1
"echangeurs-reseau-routier-routes";1;0;1
"enrobes";1;0;1
"perimetre-informatif-dun-plu";1;0;1
"points-nodaux";1;0;1
"pomme";1;0;1
"pommier";1;0;1
"servitude-assiette-as-1";1;0;1
"t-7-servitudes-aeronautiques";1;0;1
"traitement-eaux-usees";1;0;1
"simouv";1;0;1
"transvilles";1;0;1
"metrolor";1;0;1
"badora";1;0;1
"coherence-territoriale";1;0;1
"donnees-insee";1;0;1
"force-de-lordre";1;0;1
"lineaire-informatif-dun-plu";1;0;1
"meu";1;0;1
"presentation-format-a-4";1;0;1
"protection-haie";1;0;1
"q-20";1;0;1
"mccte";1;0;1
"syndicat-de-riviere";1;0;1
"batiments-commerciaux";1;0;1
"cadrage-strategique";1;0;1
"cahier-des-charges";1;0;1
"cdac";1;0;1
"construite";1;0;1
"crue-centennale";1;0;1
"enjeux-nature";1;0;1
"hauteur-deau";1;0;1
"loi-alur";1;0;1
"mode-doccupation-du-sol";1;0;1
"permis-de-lotir";1;0;1
"section-courante";1;0;1
"stq";1;0;1
"systeme-dendiguement";1;0;1
"cave-a-biere";1;0;1
"culture-majoritaire";1;0;1
"flaine";1;0;1
"skibus";1;0;1
"moyennes-annuelles";1;0;1
"moyennes-journalieres";1;0;1
"valeur-horaire";1;0;1
"evolity";1;0;1
"moyennes-mensuelles";1;0;1
"annexe-en-bois";0;1;1
"bureau-de-jardin";0;1;1
"cabane-en-bois";0;1;1
"studio-bois";0;1;1
"studio-de-jardin";0;1;1
"teletravail-dans-un-studio-de-jardin";0;1;1
"transports-ferroviaires";1;0;1
"ilots-de-chaleurs";0;1;1
"chisel";0;1;1
"diy";0;1;1
"drill-press";0;1;1
"power-tools";0;1;1
"tool-reviews";0;1;1
"tools";0;1;1
"woodworking-tools";0;1;1
"gdr";1;0;1
"approvisionnement-en-electricite";1;0;1
"implantation-eolienne";1;0;1
"poste-de-livraison";1;0;1
"air-climat-energie";1;0;1
"domaine-sanitaire-et-social";1;0;1
"marches-infructueux";0;1;1
"barnier";1;0;1
"mrs";1;0;1
"admin";1;0;1
"les-saisies";1;0;1
"appareil-de-sport";0;1;1
"equipement-de-sport";0;1;1
"tignes";1;0;1
"vie-interieure";1;0;1
"masse-deau-rapportage-2016";1;0;1
"promoteur-immobilier";1;0;1
"1-er-tour";1;0;1
"horaires-des-trajets-flixbus";0;1;1
"tarifs-ouibus";0;1;1
"trajets-flixbus";0;1;1
"horaires-tgv";0;1;1
"intercites-horaires";0;1;1
"intercites-lignes-ferroviaires";0;1;1
"intercites-prix";0;1;1
"lignes-bus-blablabus";0;1;1
"lignes-bus-ler";0;1;1
"lignes-bus-ouibus";0;1;1
"lignes-express-regionales";0;1;1
"prix-tgv";0;1;1
"tarifs-tgv";0;1;1
"ter-horaires";0;1;1
"ter-lignes";0;1;1
"ter-prix";0;1;1
"les-ulis";1;0;1
"unites-legales";1;0;1
"exercices";1;0;1
"memoires";1;0;1
"communiques";1;0;1
"ecrivain";1;0;1
"reportages";1;0;1
"election2020";1;0;1
"consommation-production";1;0;1
"boulangeries";1;0;1
"location-de-voiture-agadir";1;0;1
"regression-logistique";0;1;1
"covid-2019";0;1;1
"ressource-naturelle";1;0;1
"parking-a-velo";1;0;1
"w-c";1;0;1
"arbitre";1;0;1
"incivilite";1;0;1
"tag";1;0;1
"cashflow";0;1;1
"mathematiques-appliquees-covid19-scilab";0;1;1
"evoulution";0;1;1
"letalite";0;1;1
"attestation-sortie";0;1;1
"carburation";1;0;1
"exctincteurs";1;0;1
"nombre-de-cas-par-tete";0;1;1
"departement-35";0;1;1
"cas-constates";0;1;1
"cas-reels";0;1;1
"contagiosite";0;1;1
"departement-75";0;1;1
"coax";1;0;1
"vdsl";1;0;1
"xdsl";1;0;1
"statcorona";0;1;1
"ecole-maternelles";1;0;1
"ecoles-ecoles-primaires";1;0;1
"experimentations";1;0;1
"aides-a-ladaptation";1;0;1
"changements-dusage";1;0;1
"cheminements-accessibles";1;0;1
"locations-meublees-touristiques";1;0;1
"teledeclarations";1;0;1
"odp";1;0;1
"ouvrage-de-depollution";1;0;1
"stations-de-traitement";1;0;1
"uwwtd";1;0;1
"pandeie";0;1;1
"prestation-de-service";1;0;1
"respirateur";1;0;1
"mobility-planner";0;1;1
"respirateurs";0;1;1
"digdash";0;1;1
"coproprietes-degradees";1;0;1
"logements-insalubres";1;0;1
"observatoires";1;0;1
"places-de-livraison";1;0;1
"postes-ouverts";1;0;1
"sas-velos";1;0;1
"secteurs-dactivites-economiques";1;0;1
"reserver-taxi-moto-paris";0;1;1
"seird-model";0;1;1
"sir-model";0;1;1
"amphibiens";1;0;1
"equipement-de-la-route";1;0;1
"mobilite-et-transport";1;0;1
"transparence-ecologique";1;0;1
"collecte-de-sang";0;1;1
"efop";1;0;1
"esterra";1;0;1
"aws";0;1;1
"vegeation";1;0;1
"export-osm";1;0;1
"thd-radio";1;0;1
"taux-dinfection";0;1;1
"971";0;1;1
"972";0;1;1
"973";0;1;1
"976";0;1;1
"alencon";0;1;1
"arras";0;1;1
"aurillac";0;1;1
"bar-le-duc";0;1;1
"basse-terre";0;1;1
"bastia";0;1;1
"bobigny";0;1;1
"cergy-pontoise";0;1;1
"charleville-mezieres";0;1;1
"chartres";0;1;1
"chaumont";0;1;1
"dzaoudzi";0;1;1
"gueret";0;1;1
"le-puy-en-velay";0;1;1
"melun";0;1;1
"tulle";0;1;1
"marche-animaux-de-compagnie";0;1;1
"soutien-psychologique";1;0;1
"cas-coronavirus";0;1;1
"guerisons-coronavirus";0;1;1
"datascape";0;1;1
"resideo";1;0;1
"hydroxychloroquine";1;0;1
"raiatea";1;0;1
"tahaa";1;0;1
"topographie-simplifiee";1;0;1
"hpc";0;1;1
"sir";0;1;1
"entraide";0;1;1
"entraide-geolocalisation-plan-plateforme-producteurs-sante-solidaire-solidarite-troc";0;1;1
"contagion";0;1;1
"valeurs-locatives";1;0;1
"classe-des-dicotyledones";1;0;1
"dispositif-perenne";1;0;1
"embranchement-des-spermatophyta-gymnospermae";1;0;1
"forets-de-champagne-et-bourgogne";1;0;1
"gip-ecb-parcnational";1;0;1
"region-hydrographique";1;0;1
"sdis-90";1;0;1
"secteur-hydrographique";1;0;1
"site-site-classe";1;0;1
"site-site-eolien";1;0;1
"sites-sites-proteges";1;0;1
"sous-secteur-hydrographique";1;0;1
"zone-a-risque-naturel";1;0;1
"inca3";0;1;1
"package";0;1;1
"r-data";0;1;1
"assurance-voiture";1;0;1
"comparateur-de-prix";1;0;1
"lelynx";1;0;1
"prix-assurance-auto";1;0;1
"couverture-assurance";1;0;1
"entreprise-artisanales";1;0;1
"d-8-contaminants";1;0;1
"base-merimee";1;0;1
"lignes-de-cars-en-haute-garonne";1;0;1
"perspective-gaz";1;0;1
"reseau-lio-arc-en-ciel";1;0;1
"bon-dachat";1;0;1
"remdesivir";1;0;1
"etude-de-marche";0;1;1
"etude-dimplantation";0;1;1
"africain";1;0;1
"apprentissage-d-une-langue-africaine";1;0;1
"apprentissage-de-l-anglais";1;0;1
"foad";1;0;1
"interculturel";1;0;1
"intercuturelle";1;0;1
"interprete";1;0;1
"langues-du-monde";1;0;1
"traducteur";1;0;1
"bora-bora";1;0;1
"huahine";1;0;1
"annonay-scolaire";1;0;1
"babus";1;0;1
"fdaij";1;0;1
"darmor";1;0;1
"seine-st-denis";1;0;1
"rozier";0;1;1
"dentiste-la-defense";0;1;1
"eviter-la-devitalisation";0;1;1
"ca-reste-ouvert";1;0;1
"gha";1;0;1
"hydroalcoolique";1;0;1
"bassin-emploi-formation";1;0;1
"bef";1;0;1
"chambre-de-commerce";1;0;1
"bassin-retention";1;0;1
"dependance-verte";1;0;1
"chambre-consulaire";1;0;1
"tracking";1;0;1
"11-mai-2020";0;1;1
"vitesse-de-propogation";1;0;1
"bien-immobilier";0;1;1
"r0-coronavirus-covid19-vitesse-de-propogation-niveau-de-circulation";1;0;1
"curve-fitting";0;1;1
"angleterre";1;0;1
"niveau-de-circulation";1;0;1
"vitesse-de-propgation";1;0;1
"anomalie";0;1;1
"carte-de-france-du-deconfinement";0;1;1
"carte-du-deconfinement";0;1;1
"fonds-de-solidarite";0;1;1
"cablees";1;0;1
"spit";1;0;1
"consultations-ouvertes-du-public";1;0;1
"vie-publique-fr";1;0;1
"carte-exces-mortalite-coronavirus";0;1;1
"carf";1;0;1
"keolis-menton-riviera";1;0;1
"kmr";1;0;1
"zest";1;0;1
"donnees-immobilier";0;1;1
"equipements-dynamiques";1;0;1
"graphiquecovid";0;1;1
"euriz";1;0;1
"niveau-de-contagion";1;0;1
"ro-france";1;0;1
"level-of-contagion";1;0;1
"qub-city";1;0;1
"ro-le-monde";1;0;1
"speed-or-propogation";1;0;1
"fpnrf";1;0;1
"amu";0;1;1
"protegeons-nos-soignants";0;1;1
"protegeonsnossoignants";0;1;1
"soignants";0;1;1
"sphere-presentielle";0;1;1
"sphere-productive";0;1;1
"activite-virale";0;1;1
"geopnr";1;0;1
"gr4";1;0;1
"sport-europe-communication";1;0;1
"sudlab";1;0;1
"projetsverts";0;1;1
"calcul-100km-autour-de-chez-soi";0;1;1
"calcul-100km-autour-domicile";0;1;1
"carte-100km-confinement";0;1;1
"carte-100km-deconfinement";0;1;1
"carte-100km-sortie";0;1;1
"carte-sortie-confinement";0;1;1
"prix-terrains";0;1;1
"100km";0;1;1
"100-km";0;1;1
"ligne-de-bus";1;0;1
"tempovelo";1;0;1
"sante-et-securite-des-sante-et-securite-des-personnes";1;0;1
"zonages-a-risques-naturels";1;0;1
"zones-a-risque-zones-a-risque-naturel";1;0;1
"zones-zones-a-risque-naturel";1;0;1
"carte-100-kilometres";0;1;1
"carte-100-km";0;1;1
"carte-confinement";0;1;1
"carte-confinement-sortie";0;1;1
"sortie-confinement";0;1;1
"sortir-100-km";0;1;1
"attestation-100-km";0;1;1
"attestation-deplacements-derogatoires-100-km";0;1;1
"anne-gardes";0;1;1
"pwa";0;1;1
"pseudo-rayonnement";1;0;1
"anrs";1;0;1
"ird";1;0;1
"operateur-de-recharge";1;0;1
"therapeutique";1;0;1
"plan-arbre";1;0;1
"donnee-de-reference";0;1;1
"rnipp";0;1;1
"qualite-de-donnees";0;1;1
"base-transparence-sante";0;1;1
"promotion-pharmaceutique";0;1;1
"snds";0;1;1
"distanciation";1;0;1
"stationnement-en-enclos";1;0;1
"stationnement-en-ouvrage";1;0;1
"stationnement-sur-voire";1;0;1
"aide-exceptionnelle";1;0;1
"immeuble-ftth-decompte-locaux";1;0;1
"ocr";1;0;1
"avocat";1;0;1
"cour";1;0;1
"municipales-2014";0;1;1
"dropshipping";0;1;1
"formation-dropshipping";0;1;1
"yomi-denzel";0;1;1
"fast-and-furious-9";0;1;1
"hds-film";0;1;1
"rie";1;0;1
"localisaiton";0;1;1
"neva";1;0;1
"fi-lo-sofi";1;0;1
"serie-statistique";1;0;1
"fluo";1;0;1
"navette-tgv";1;0;1
"ntecc";1;0;1
"chirurgicaux";1;0;1
"ffp2";1;0;1
"pharmarcies";1;0;1
"sidep";1;0;1
"dispositif-de-letat";1;0;1
"pret-garanti";1;0;1
"karuia-bus";1;0;1
"smtu";1;0;1
"prevention-des-inontations";1;0;1
"ecart-homme-femme";0;1;1
"population-francaise";0;1;1
"populations-francaise";0;1;1
"suivi-changements";0;1;1
"evolution-population";0;1;1
"evolution-pyramide-age";0;1;1
"cerfa";0;1;1
"evolution-prenom";0;1;1
"evolution-prenoms";0;1;1
"prenom-france";0;1;1
"acces-aux-documents-administratifs";0;1;1
"wtfcada";0;1;1
"etat-du-milieu-bathymetrie";1;0;1
"structures-d-accueil";1;0;1
"chalon-sur-saone";1;0;1
"garges";1;0;1
"hydro-alcoolique";1;0;1
"faq";1;0;1
"classes-de-debit";1;0;1
"niveaux-de-services";1;0;1
"zamii";1;0;1
"zones-amii";1;0;1
"apache-superset";0;1;1
"2019-ncov";1;0;1
"pmid";1;0;1
"publication-scientifique";1;0;1
"pubmed";1;0;1
"reacting";1;0;1
"simm";1;0;1
"sassoli";1;0;1
"ici";0;1;1
"lorem-ipsum";0;1;1
"anciennes-regions";1;0;1
"fiscal";1;0;1
"report";1;0;1
"digestion";1;0;1
"borne-de-retrait";1;0;1
"jargon";1;0;1
"jdd-restreint";1;0;1
"homo-ludens";1;0;1
"instruments";1;0;1
"sepanouir";1;0;1
"estivale";1;0;1
"calcul-revenus-nets";0;1;1
"exoneration-taxe-dhabitation";0;1;1
"revenus-net";0;1;1
"simulateur-pinel";0;1;1
"simulation-revenus-nets";0;1;1
"simulation-taxe-dhabitation";0;1;1
"services-sociaux";1;0;1
"structures-sociales";1;0;1
"manitoba";1;0;1
"plan-maison";1;0;1
"directive-2006-7-ce";1;0;1
"saint-laurent-du-var";1;0;1
"titres-de-sejours";1;0;1
"haut-reseaux-tres-haut-debit";1;0;1
"convention-citoyenne";1;0;1
"bannes-pratiques";1;0;1
"cafes";1;0;1
"repit";1;0;1
"aeroport-bordeaux";1;0;1
"gare-bordeaux";1;0;1
"produit-4c";1;0;1
"haute-garonne-environnement";1;0;1
"liste-article-36";1;0;1
"composteurs-en-pavillon";1;0;1
"malay-le-grand";1;0;1
"indemnite-entretien";1;0;1
"scdl-catalogue";1;0;1
"enfants-parents";1;0;1
"incarceration";1;0;1
"lien-enfants-parents";1;0;1
"visite-en-presence-dun-tiers-en-detention";1;0;1
"marches-marches-publics";1;0;1
"castelnau-destretefonds";1;0;1
"fontenilles";1;0;1
"pollinarium-sentinelle";1;0;1
"pupolation";1;0;1
"ramonville-saint-agne";1;0;1
"val-aigo";1;0;1
"grand-senonais";1;0;1
"architecture-contemporaine";1;0;1
"accessoires-camping";0;1;1
"accessoires-caravaning";0;1;1
"amenagement-camping";0;1;1
"materiel-camping-car";0;1;1
"motorhome";0;1;1
"commissions-consultatives-paritaires";1;0;1
"representations-syndicales";1;0;1
"location-chapiteau-de-cirque";0;1;1
"location-guirlande-guinguette";0;1;1
"location-guirlande-lumineuse";0;1;1
"location-plafond-lumineux";0;1;1
"additifs-alimentaires";0;1;1
"grand-chatellerault";1;0;1
"am";1;0;1
"bdsol";1;0;1
"bicycle";1;0;1
"charges-courantes";1;0;1
"dicrim";1;0;1
"election-democratie";1;0;1
"entrepreneurs";1;0;1
"faju";1;0;1
"fond-daide-au-logement";1;0;1
"fslcc";1;0;1
"information-touristique";1;0;1
"lme";1;0;1
"pedopaysages";1;0;1
"plan-plan-local-urbanisme";1;0;1
"plans-communaux-de-sauvegarde";1;0;1
"proprietes-departementales";1;0;1
"repere-de-crues";1;0;1
"ruisselement";1;0;1
"su";1;0;1
"thermes";1;0;1
"utasi";1;0;1
"voies-voies-cyclables";1;0;1
"conseill";0;1;1
"baugeois";1;0;1
"challans";1;0;1
"agritox";1;0;1
"estimateur";0;1;1
"estimateurenligne";0;1;1
"nestenn";0;1;1
"prix-rue";0;1;1
"epci-grand-senonais";1;0;1
"timeserie";0;1;1
"aides-economiques";1;0;1
"batiments-agricoles";1;0;1
"cordons-dunaires";1;0;1
"diagnostic-de-vulnerabilite";1;0;1
"dispositifs-assurantiels";1;0;1
"eish";1;0;1
"etablissements-sensibles";1;0;1
"froid-renouvelable";1;0;1
"installations-polluantes";1;0;1
"installations-portuaires";1;0;1
"reseaux-de-froid";1;0;1
"revenu-median";1;0;1
"saliculture";1;0;1
"services-publics-strategiques";1;0;1
"systemes-dendiguement";1;0;1
"prix-par-rue";0;1;1
"grande-motte";1;0;1
"val-claret";1;0;1
"2009-2018";1;0;1
"arpege-modele";0;1;1
"meteogramme";0;1;1
"epr";1;0;1
"reseau-cuivre";1;0;1
"zonage-a-risques-naturels";1;0;1
"stations-de-telephonie-mobile";1;0;1
"peche-lagonaire";1;0;1
"zpr";1;0;1
"clients-industriels";1;0;1
"chauffeur-prive";1;0;1
"tourisme-professionnel";1;0;1
"transport-par-taxi";1;0;1
"sdsei";1;0;1
"utd";1;0;1
"terrorisme";1;0;1
"risques-inondations";1;0;1
"slgri";1;0;1
"pre-constructions";1;0;1
"cout-commune-inondation";1;0;1
"cout-inondation";1;0;1
"cout-sinistres";1;0;1
"center";1;0;1
"dinsi";1;0;1
"capacite-en-reanimation";0;1;1
"facteur-de-reproduction";0;1;1
"taux-de-positivite";0;1;1
"puydarrieux";1;0;1
"sites-de-stockage";1;0;1
"cout-habitants-inondation";1;0;1
"frequence-inondation";1;0;1
"risques-habitants";1;0;1
"sinistres-inondation";1;0;1
"feux-de-circulation-ferroviaire";1;0;1
"produit-biomethane-annuel";1;0;1
"systemx";1;0;1
"didiermaignan";0;1;1
"r-0";0;1;1
"reproduction";0;1;1
"igc";1;0;1
"biocontrole";1;0;1
"bnv-d";1;0;1
"phytosnitaire";1;0;1
"premier-pilier";0;1;1
"604-2013";1;0;1
"reglement-dublin";0;1;1
"navette-valberg";1;0;1
"gtx";1;0;1
"arche-agglo";1;0;1
"lalouvesc";1;0;1
"lr11";1;0;1
"st-felicien";1;0;1
"tournon";1;0;1
"veille-parlementaire";0;1;1
"francophone";0;1;1
"nombre-dutilisateurs";0;1;1
"transport-public-de-voyageur";1;0;1
"reseaux-de-communication";1;0;1
"plf-jaune";0;1;1
"bay-of-biscay";1;0;1
"western-mediterranean";1;0;1
"fetes-votives";1;0;1
"distributeurs-sacs-canins";1;0;1
"devenir";0;1;1
"former";0;1;1
"naturopathe";0;1;1
"naturopathie";0;1;1
"inf36kva";1;0;1
"sup36kva";1;0;1
"ecrivaine";0;1;1
"voirons";1;0;1
"unions";1;0;1
"bria";1;0;1
"label-tiers-lieux-normandie";1;0;1
"architecture-industrielle";0;1;1
"conseil-superieur-de-leducation";1;0;1
"comptabilite-nationale";0;1;1
"gex";1;0;1
"information-preventive";1;0;1
"angoisse-du";1;0;1
"cash-flow";0;1;1
"mission-cinema";1;0;1
"irve-01";1;0;1
"herault-mediterranee";1;0;1
"congestion";1;0;1
"menoge";1;0;1
"thy";1;0;1
"viarhona";1;0;1
"zone-tarifaire";0;1;1
"zone-tarifaire-de-gaz";0;1;1
"communaute-de-communes-cluses-arve-et-montagnes-cluses";1;0;1
"alberta";1;0;1
"accueil-velo";1;0;1
"action-medicosociale";1;0;1
"equipe-territoriale";1;0;1
"powerslide";0;1;1
"xgboost";0;1;1
"entrees-parking";1;0;1
"pan";1;0;1
"etudes-apec";1;0;1
"ems";1;0;1
"figeac";1;0;1
"conventions-dobjectifs";1;0;1
"protection-individuelle";1;0;1
"beaupreau-en-mauges";1;0;1
"chemille-en-anjou";1;0;1
"mauges-communaute";1;0;1
"mauges-sur-loire";1;0;1
"montrevault-sur-evre";1;0;1
"oree-d-anjou";1;0;1
"sevremoine";1;0;1
"action-social";1;0;1
"activites-financieres-et-dassurance";1;0;1
"activites-immobilieres";1;0;1
"cendrier";1;0;1
"cigarette";1;0;1
"information-et-communication";1;0;1
"reparation-automobile";1;0;1
"services-aux-menages";1;0;1
"avenir-jeune";1;0;1
"credit-a-lexportation";1;0;1
"saint-martin-vesubie";1;0;1
"chercheurs-en-science-de-gestion";0;1;1
"communautes-thematiques";0;1;1
"reseau-lexical";0;1;1
"sciences-technologie-societe";0;1;1
"semantique-lexicale";0;1;1
"chenal";1;0;1
"embouchure-argens";1;0;1
"monofaisceaux";1;0;1
"blog-voyage";0;1;1
"camping-ile-de-france";0;1;1
"made-in-hobbies";0;1;1
"pole-d-039-equilibre-territorial-et-rural";1;0;1
"fre";1;0;1
"pmm";1;0;1
"la-turballe";1;0;1
"retraite-solidarite";1;0;1
"metropolitain";1;0;1
"oosteo";0;1;1
"osteopathes";0;1;1
"reseau-osteopathes";0;1;1
"trackers";1;0;1
"bagneres-de-bigorre";1;0;1
"mongie";1;0;1
"stations-de-gonflage";1;0;1
"rea";1;0;1
"economie-equine";1;0;1
"nautique";1;0;1
"mineurs-non-accompagnes";1;0;1
"car-bd-carthage";1;0;1
"points-darrets-transport-scolaire";1;0;1
"ascadv2";1;0;1
"topnymies";1;0;1
"troisieme-republique";1;0;1
"roadcompanion";0;1;1
"geotribu";0;1;1
"digestif";0;1;1
"osteopathie";0;1;1
"viceral";0;1;1
"alsacien";1;0;1
"42002";1;0;1
"42006";1;0;1
"ailleux";1;0;1
"apinac";1;0;1
"42009";1;0;1
"42012";1;0;1
"42020";1;0;1
"42034";1;0;1
"42035";1;0;1
"42037";1;0;1
"42038";1;0;1
"42039";1;0;1
"42040";1;0;1
"42045";1;0;1
"42050";1;0;1
"42054";1;0;1
"42058";1;0;1
"42072";1;0;1
"42075";1;0;1
"42084";1;0;1
"42087";1;0;1
"42089";1;0;1
"42091";1;0;1
"42105";1;0;1
"42107";1;0;1
"42108";1;0;1
"42119";1;0;1
"42121";1;0;1
"42126";1;0;1
"42130";1;0;1
"42136";1;0;1
"arthun";1;0;1
"bard";1;0;1
"boisset-les-montrond";1;0;1
"boisset-st-priest";1;0;1
"bussy-albieux";1;0;1
"cervieres";1;0;1
"cezay";1;0;1
"chalain-duzore";1;0;1
"chalain-le-comtal";1;0;1
"chalmazel";1;0;1
"chazelles";1;0;1
"chazelles-sur-lavieu";1;0;1
"craintilleux";1;0;1
"debats-riviere-dorpra";1;0;1
"ecotay";1;0;1
"ecotay-lolme";1;0;1
"essertines";1;0;1
"essertines-en-chatelneuf";1;0;1
"estivareilles";1;0;1
"fromental";1;0;1
"grezieux";1;0;1
"grezieux-le-fromental";1;0;1
"gumieres";1;0;1
"haute-rive";1;0;1
"hauterive";1;0;1
"jeansagniere";1;0;1
"la-chamba";1;0;1
"la-chambonie";1;0;1
"la-chapelle-en-lafaye";1;0;1
"la-cote-en-couzan";1;0;1
"lavieu";1;0;1
"leigneux";1;0;1
"lerigneux";1;0;1
"lhopital-le-grand";1;0;1
"luriecq";1;0;1
"magneux";1;0;1
"magneux-haute-rive";1;0;1
"marcoux";1;0;1
"olme";1;0;1
"orpra";1;0;1
"42019";1;0;1
"42042";1;0;1
"42137";1;0;1
"42140";1;0;1
"42147";1;0;1
"42150";1;0;1
"42151";1;0;1
"42159";1;0;1
"42164";1;0;1
"42169";1;0;1
"42179";1;0;1
"42188";1;0;1
"42205";1;0;1
"42217";1;0;1
"42219";1;0;1
"42221";1;0;1
"42227";1;0;1
"42228";1;0;1
"42238";1;0;1
"42247";1;0;1
"42252";1;0;1
"42256";1;0;1
"42269";1;0;1
"42278";1;0;1
"42288";1;0;1
"42290";1;0;1
"42298";1;0;1
"42299";1;0;1
"42301";1;0;1
"42304";1;0;1
"42312";1;0;1
"42313";1;0;1
"42321";1;0;1
"42328";1;0;1
"boen";1;0;1
"boen-sur-lignon";1;0;1
"chambles";1;0;1
"chantagret";1;0;1
"comtal";1;0;1
"courreau";1;0;1
"foy";1;0;1
"hauteville";1;0;1
"la-tourette";1;0;1
"la-valla-sur-rochefort";1;0;1
"lignon";1;0;1
"marcellin";1;0;1
"margerie";1;0;1
"margerie-chantagret";1;0;1
"marols";1;0;1
"montbrison";1;0;1
"montverdun";1;0;1
"mornand";1;0;1
"mornand-en-forez";1;0;1
"noiretable";1;0;1
"palogneux";1;0;1
"perigneux";1;0;1
"pralong";1;0;1
"priest";1;0;1
"saint-didier-syr-rochefort";1;0;1
"saint-etienne-le-molard";1;0;1
"saint-georges-en-couzan";1;0;1
"saint-georges-haute-ville";1;0;1
"saint-jean-la-vetre";1;0;1
"saint-just-en-bas";1;0;1
"saint-laurent-rochefort";1;0;1
"saint-marcellin-en-forez";1;0;1
"saint-paul-duzore";1;0;1
"saint-priest-la-vetre";1;0;1
"saint-thomas-la-garde";1;0;1
"sainte-foy-saint-sulpice";1;0;1
"sauvain";1;0;1
"savigneux";1;0;1
"sixte";1;0;1
"soleymieux";1;0;1
"st-bonnet-le-courreau";1;0;1
"st-didier-sur-rochefort";1;0;1
"st-sixte";1;0;1
"sulpice";1;0;1
"sury";1;0;1
"sury-le-comtal";1;0;1
"thomas";1;0;1
"tourette";1;0;1
"trelins";1;0;1
"uzore";1;0;1
"valla";1;0;1
"verrieres";1;0;1
"verrieres-en-forez";1;0;1
"openair";1;0;1
"paragliding";1;0;1
"trafic-avion";1;0;1
"vol-commercial";1;0;1
"base-immeuble";0;1;1
"lto";1;0;1
"xctrack";0;1;1
"xccontest";0;1;1
"e-service";1;0;1
"ballainvilliers";1;0;1
"buseolien";1;0;1
"champlan";1;0;1
"chilly-mazarin";1;0;1
"epinay-sur-orge";1;0;1
"gif-sur-yvette";1;0;1
"la-ville-du-bois";1;0;1
"longjumeau";1;0;1
"massy";1;0;1
"morangis";1;0;1
"palaiseau";1;0;1
"paris-saclay";1;0;1
"puteaux";1;0;1
"sitac-calais";1;0;1
"villejust";1;0;1
"capvendee";1;0;1
"achat-preservation";1;0;1
"alec-agences";1;0;1
"anti-crue";1;0;1
"baf";1;0;1
"debitex";1;0;1
"dmtm";1;0;1
"ecoresponsable";1;0;1
"lieu-evenement";1;0;1
"maitres";1;0;1
"murette";1;0;1
"nouveau";1;0;1
"opalys";1;0;1
"pancarte";1;0;1
"plaques";1;0;1
"pluviometre";1;0;1
"ressource-dechet";1;0;1
"sequantic";1;0;1
"fournisseur-denergie-verte";0;1;1
"journee-mondiale-de-lenergie";0;1;1
"economiedenergie";0;1;1
"aires-attraction";1;0;1
"maintenance-schedule";1;0;1
"operateurs-gaziers";1;0;1
"programme-travaux";1;0;1
"grille-densite";1;0;1
"cap-atlantique";1;0;1
"les-sables-dolonne-agglomeration";1;0;1
"lilapresquile";1;0;1
"nte";1;0;1
"reso";1;0;1
"saumur";1;0;1
"sncftad";1;0;1
"yeucontinent";1;0;1
"luneo";1;0;1
"transdev-grand-est";1;0;1
"hemevez";1;0;1
"dger";1;0;1
"ea";1;0;1
"composes-organiques-volatile-non-metalliques";1;0;1
"cov";1;0;1
"nh3";1;0;1
"gif";0;1;1
"horaire-de-bus";1;0;1
"phc";1;0;1
"sire-eolien";1;0;1
"reconfinement";0;1;1
"zone-sortie";0;1;1
"point-eau-potable";1;0;1
"appels-telephoniques";1;0;1
"centre-administratif-municipal";1;0;1
"corrida-de-noel";1;0;1
"delais-de-reponse";1;0;1
"depenses-de-fonctionnement";1;0;1
"dette-par-habitant";1;0;1
"ecogestes";1;0;1
"gaz-in-focus";1;0;1
"locataires";1;0;1
"non-paramunicipales";1;0;1
"paramunicipales";1;0;1
"reserve-narurelle";1;0;1
"appli-rayon-1-km-reconfinement";0;1;1
"application-1-km-autour-de-chez-soi";0;1;1
"calculer-rayon-1km";0;1;1
"carte-rayon-1km-autour-de-chez-soi";0;1;1
"comment-mesurer-1-km-de-chez-soi";0;1;1
"comment-voir-1-km-autour-de-mon-domicile";0;1;1
"confinement-1-km-autour-de-chez-moi";0;1;1
"distance-1-km-autour-du-domicile";0;1;1
"perimetre-1-km-autour-du-domicile";0;1;1
"sortie-1-km";0;1;1
"sortie-confinement-1-km";0;1;1
"zone-sortie-1-km";0;1;1
"fuck";1;0;1
"muslim";1;0;1
"medic";0;1;1
"medic-app";0;1;1
"medicapp";0;1;1
"medico-vet";0;1;1
"cholet";1;0;1
"tracing";1;0;1
"linemap";0;1;1
"habits";1;0;1
"offre-daide";0;1;1
"tests-antigenique";1;0;1
"estuaire-et-sillon";1;0;1
"numero-telephone";1;0;1
"service-audio-a-la-demande";1;0;1
"infection";0;1;1
"wave";0;1;1
"abymes";1;0;1
"baie-mahault";1;0;1
"depots-consignation";1;0;1
"depots-des-notaires";1;0;1
"desirade";1;0;1
"gosier";1;0;1
"implantation-geographique";1;0;1
"obligation-emploi";1;0;1
"pointe-a-pitre";1;0;1
"population-60-74-ans";1;0;1
"population-75-ans-et-plus";1;0;1
"professions-juridiques-reglementees";1;0;1
"rdl";1;0;1
"saint-francois";1;0;1
"sainte-anne";1;0;1
"smtpcsm";1;0;1
"stac";1;0;1
"syndicat-mixte-des-transports-du-petit-cul-de-sac-marin";1;0;1
"etat-de-nappe";1;0;1
"masses-eaux-souterraines";1;0;1
"pluie-efficace";1;0;1
"porosite";1;0;1
"systemes-aquiferes";1;0;1
"dataispower";0;1;1
"logiciel-de-facturation";0;1;1
"recherche-entreprise";0;1;1
"coaching";0;1;1
"masques-jetables";1;0;1
"masques-tissu";1;0;1
"broze";1;0;1
"convertissseur";0;1;1
"ht-ttc";0;1;1
"defribrillateur";1;0;1
"issysports-com";1;0;1
"issytourisme-com";1;0;1
"sortir-issy-com";1;0;1
"covidreport";0;1;1
"comment-devenir-auto-entrepreneur";0;1;1
"fond-communal";1;0;1
"topojson";1;0;1
"masques-en-tissu";1;0;1
"coupure";1;0;1
"pack";1;0;1
"picto";1;0;1
"renault";1;0;1
"81090";1;0;1
"norton-com-setup";0;1;1
"norton-com-setup-activate";0;1;1
"norton-com-setup-download-and-install";0;1;1
"norton-com-setup-install";0;1;1
"norton-com-setup-with-product-key";0;1;1
"norton-setup";0;1;1
"www-norton-com-setup";0;1;1
"ressources-electronique";1;0;1
"carte-test-covid";0;1;1
"depistage-covid";0;1;1
"laboratoire-test-covid";0;1;1
"test-covid-bordeaux";0;1;1
"test-covid-dijon";0;1;1
"test-covid-lille";0;1;1
"test-covid-marseille";0;1;1
"test-covid-nice";0;1;1
"test-covid-paris";0;1;1
"test-covid-saint-etienne";0;1;1
"test-covid-toulouse";0;1;1
"pokemon";1;0;1
"courtier";0;1;1
"colostrum";1;0;1
"lait-cru";1;0;1
"100m";0;1;1
"hachee";1;0;1
"lagomorphe";1;0;1
"mecaniquement";1;0;1
"preparations-de-viandes";1;0;1
"viandes-separees";1;0;1
"viandes-volaille";1;0;1
"bivalves";1;0;1
"boyaux-traites";1;0;1
"cap-excellence";1;0;1
"carl";1;0;1
"estomacs";1;0;1
"rapides-du-levant";1;0;1
"societe-de-transport-de-lagglomeration-centre";1;0;1
"translogdata";1;0;1
"vessies";1;0;1
"20-kilometres";0;1;1
"24-novembre-confinement-20-km";0;1;1
"calculer-20-km";0;1;1
"carte-20-km";0;1;1
"mesurer-20-km";0;1;1
"nouveau-confinement-20-km";0;1;1
"perimetre-20-km";0;1;1
"20-kms";0;1;1
"sites-mobile";0;1;1
"lens";1;0;1
"lens-lievin";1;0;1
"nicollin";1;0;1
"cercle-20-km";0;1;1
"sortie-20-km";0;1;1
"tracer-20-km";0;1;1
"canoe";1;0;1
"click-collect";1;0;1
"kite-surf";1;0;1
"pqe";1;0;1
"rapport-devaluation-des-politiques-de-securite-sociale";1;0;1
"repss";1;0;1
"cmafrance";0;1;1
"rncs";0;1;1
"sante-garches";1;0;1
"pays-vallee-de-la-sarthe";1;0;1
"commercants-garches";1;0;1
"appach";1;0;1
"30daymapchallenge";0;1;1
"breizh-go";1;0;1
"syndicat-departemental-denergies-de-la-manche";1;0;1
"arvieux";1;0;1
"garde-a-domicile";0;1;1
"81215";1;0;1
"aurignac";1;0;1
"castelnau-de-montmiral";1;0;1
"frausseilles";1;0;1
"amarens";1;0;1
"montans";1;0;1
"le-verdier";1;0;1
"vieux";1;0;1
"leau";1;0;1
"referentiel-geo";1;0;1
"voies-naviguables";1;0;1
"exploitant-de-lieu";1;0;1
"statut-de-licence";1;0;1
"cm-roissy-en-brie";1;0;1
"chateau-ville-vieille";1;0;1
"canal-seine-nord-europe";1;0;1
"espace-de-dialogue";1;0;1
"plateforme-trimodale";1;0;1
"pole-d-039-echange-multimodal";1;0;1
"roissy";1;0;1
"tergv";1;0;1
"tet";1;0;1
"train-d-039-equilibre-du-territoire";1;0;1
"train-express-regional-a-grande-vitesse";1;0;1
"transport-de-personne";1;0;1
"ccpf-budget-2001";1;0;1
"points-info-14";1;0;1
"bennes";1;0;1
"gespot";0;1;1
"reseaux-denergie";0;1;1
"cretons";1;0;1
"graisses-animales-fondues";1;0;1
"produits-a-base-de-viande";1;0;1
"grandmontauban";1;0;1
"agrement-communaitaire";1;0;1
"coquille-doeuf";1;0;1
"cuisse-grenouille";1;0;1
"escargot";1;0;1
"lait-cru-ayant-subi-un-traitement";1;0;1
"am-8-6-06";1;0;1
"fractions-avec-produits";1;0;1
"hors-viande-hachee";1;0;1
"lait-traite-thermiquement";1;0;1
"a-coeur";1;0;1
"agrees-ce";1;0;1
"hautement-raffines";1;0;1
"sup-20-mois";1;0;1
"sup-30-mois";1;0;1
"temperatures-sup-7degc";1;0;1
"viandes-de-bovins";1;0;1
"ontvb";1;0;1
"orientation-nationale";1;0;1
"zone-boisee";1;0;1
"aemor";1;0;1
"allocation-jeune-majeur";1;0;1
"use-case";1;0;1
"avis-infructueux";1;0;1
"h2s";1;0;1
"matchid";0;1;1
"milieux-forestiers";1;0;1
"sphere-sphere-publique";1;0;1
"uicn";1;0;1
"coefficients-de-pertes";1;0;1
"cabine";1;0;1
"air-sports";1;0;1
"hangliding";1;0;1
"sia-france";1;0;1
"beer";0;1;1
"heatmap";0;1;1
"arbes";1;0;1
"blablacar";1;0;1
"cacpb";1;0;1
"irve-95";1;0;1
"aeromodelisme";1;0;1
"armature";1;0;1
"bmx";1;0;1
"emd";1;0;1
"voirie-circulation-sens";1;0;1
"voirie-zone-20km-h-circulation";1;0;1
"voirie-zone-30-km-vitesse-limitation";1;0;1
"complement-de-remuneration";1;0;1
"fiscalite-immobiliere";1;0;1
"cote-d-039-opale";1;0;1
"moineaux";1;0;1
"data-studio";0;1;1
"google-cloud-platform";0;1;1
"test-covid-aix-en-provence";0;1;1
"test-covid-amiens";0;1;1
"test-covid-angers";0;1;1
"test-covid-annecy";0;1;1
"test-covid-brest";0;1;1
"test-covid-clermont-ferrand";0;1;1
"test-covid-grenoble";0;1;1
"test-covid-le-havre";0;1;1
"test-covid-le-mans";0;1;1
"test-covid-limoges";0;1;1
"test-covid-metz";0;1;1
"test-covid-montpellier";0;1;1
"test-covid-nantes";0;1;1
"test-covid-nimes";0;1;1
"test-covid-orleans";0;1;1
"test-covid-perpignan";0;1;1
"test-covid-reims";0;1;1
"test-covid-rennes";0;1;1
"test-covid-strasbourg";0;1;1
"test-covid-toulon";0;1;1
"test-covid-tours";0;1;1
"test-covid-villeurbanne";0;1;1
"testcovid-boulogne-billancourt";0;1;1
"campagnac";1;0;1
"languedoc-rouissillon";1;0;1
"geoallo";0;1;1
"medecin-de-garde";0;1;1
"medecin-garde";0;1;1
"kourou-guyane-tig-ctg-monbus-gf";1;0;1
"protection-du-patrimoine-natruel";1;0;1
"prestations-solidarite";1;0;1
"certificat-dimmatriculation";0;1;1
"agglodebrive";1;0;1
"lasgraisses";1;0;1
"barometre-resultats";1;0;1
"licencie";1;0;1
"eptb-vilaine";1;0;1
"mac-donald";1;0;1
"universite-paris-descartes";1;0;1
"zorcomir";0;1;1
"ea-prive-autres";1;0;1
"asthme";0;1;1
"hyeres";1;0;1
"pgs";1;0;1
"groupe-d-039-action-locale";1;0;1
"francois-fillon";0;1;1
"building-information-model";1;0;1
"maquette-3d";1;0;1
"systeme-dinformation-geographique";1;0;1
"cfd";0;1;1
"coupe-federale-de-distance";0;1;1
"tourne-a-droite-velo";1;0;1
"appel-a-idee";1;0;1
"idee";1;0;1
"a-emporter";1;0;1
"amenagement-cours-deau";1;0;1
"communes-parc";1;0;1
"communes-partenaires";1;0;1
"contrat-global";1;0;1
"contrat-global-cure-yonne";1;0;1
"ct-aron";1;0;1
"developpement-des-territoires";1;0;1
"drive";1;0;1
"ecosysteme-aquatique";1;0;1
"entretien-cours-deau";1;0;1
"especes-remarquables";1;0;1
"marque-valeurs-parcs";1;0;1
"patrimoine-historique-bati";1;0;1
"paysages-du-morvan";1;0;1
"produits-du-terroir";1;0;1
"qualite-des-rivieres";1;0;1
"reserve-naturelle-regionale-des-tourbieres-du-morvan";1;0;1
"ressource-eau";1;0;1
"tourbieres";1;0;1
"centres-de-depistage";1;0;1
"depistages";1;0;1
"vaccinodrome";1;0;1
"taux-de-vaccination";0;1;1
"centres-vaccination-aixe-n-provence";0;1;1
"centres-vaccination-amiens";0;1;1
"centres-vaccination-angers";0;1;1
"centres-vaccination-annecy";0;1;1
"centres-vaccination-bordeaux";0;1;1
"centres-vaccination-boulogne-billancourt";0;1;1
"centres-vaccination-brest";0;1;1
"centres-vaccination-clermont-ferran";0;1;1
"centres-vaccination-dijon";0;1;1
"centres-vaccination-grenoble";0;1;1
"centres-vaccination-le-havre";0;1;1
"centres-vaccination-le-mans";0;1;1
"centres-vaccination-lille";0;1;1
"centres-vaccination-limoges";0;1;1
"centres-vaccination-lyon";0;1;1
"centres-vaccination-marseille";0;1;1
"centres-vaccination-metz";0;1;1
"centres-vaccination-montpellier";0;1;1
"centres-vaccination-nantes";0;1;1
"centres-vaccination-nice";0;1;1
"centres-vaccination-nimes";0;1;1
"centres-vaccination-orleans";0;1;1
"centres-vaccination-paris";0;1;1
"centres-vaccination-perpignan";0;1;1
"centres-vaccination-reims";0;1;1
"centres-vaccination-rennes";0;1;1
"centres-vaccination-saint-etienne";0;1;1
"centres-vaccination-strasbourg";0;1;1
"centres-vaccination-toulon";0;1;1
"centres-vaccination-toulouse";0;1;1
"centres-vaccination-tours";0;1;1
"centres-vaccination-villeurbanne";0;1;1
"ou-se-faire-vacciner";0;1;1
"beautiful-in-italian";0;1;1
"how-to";0;1;1
"how-to-say";0;1;1
"learning";0;1;1
"say-beautiful-in-italian";0;1;1
"comedie";1;0;1
"humour";1;0;1
"tele-realite";1;0;1
"telerealite";1;0;1
"mery-sur-marne";1;0;1
"port-de-caen-ouistreham";1;0;1
"port-de-cherbourg";1;0;1
"port-de-dieppe";1;0;1
"ports-de-normandie";1;0;1
"instrument-de-recherche";1;0;1
"art-urbain";1;0;1
"abers-cotes-des-legendes";1;0;1
"activites-humaines-pollution";1;0;1
"enrichissement";1;0;1
"sainte-cecile-du-cayrou";1;0;1
"donnazac";1;0;1
"jardin-collectif";1;0;1
"jardin-familial";1;0;1
"sigeif";1;0;1
"vallouise-pelvoux";1;0;1
"territoires-et-innovations";1;0;1
"heures-supplementaires";1;0;1
"larroque";1;0;1
"plom";1;0;1
"baag";1;0;1
"rdv";1;0;1
"occitanie-pyrenees-en-intelligence-geomatique";1;0;1
"freissinieres";1;0;1
"andillac";1;0;1
"mission-bothorel";1;0;1
"administratio";1;0;1
"climat-air-et-energie";1;0;1
"dircrim";1;0;1
"maison-de-sante";1;0;1
"maison-de-services";1;0;1
"propriete-departementale";1;0;1
"contrat-de-securisation-professionnel";1;0;1
"licenciement-economique";1;0;1
"statcovid";0;1;1
"entomologie";1;0;1
"petites-villes-de-demains";1;0;1
"peintre";1;0;1
"janvier-2021";1;0;1
"epidemiques";0;1;1
"hospitalieres";0;1;1
"transport-fluvio-maritime";1;0;1
"traversee-de-loire";1;0;1
"05108";1;0;1
"boite-de-lingettes-humides";1;0;1
"lingettes-humides";1;0;1
"tissu-non-tisse-spunlace";1;0;1
"wet-wipes";1;0;1
"ecrivons-angers";1;0;1
"virtual-tour-360";0;1;1
"virtual-tour-360-immobili";0;1;1
"virtual-tour-360deg";0;1;1
"zozios";1;0;1
"arboretums";1;0;1
"cabines";1;0;1
"cite-jardins";1;0;1
"collections-botaniques";1;0;1
"ecluse-belvedere";1;0;1
"inventaires-botaniques";1;0;1
"paa";1;0;1
"plans-dalignements-approuves";1;0;1
"plans-de-gestion-paysagers";1;0;1
"stations-hydrobiologiques";1;0;1
"vallee-aux-loups";1;0;1
"eau-eau-potable";1;0;1
"premiere-page";1;0;1
"surfaces-de-plancher";1;0;1
"coteaux-stop";1;0;1
"oeuvres-urbaines";1;0;1
"vie-des-quartiers";1;0;1
"sonar";1;0;1
"services-solidarites-territoriales";1;0;1
"hebergement-locatif";1;0;1
"elementaire-neuville-saint-remy";1;0;1
"les-ptits-futes";1;0;1
"attribuant";1;0;1
"call";1;0;1
"finance-des-collectivites";1;0;1
"parkings-en-sous-sols";1;0;1
"retauration";1;0;1
"romans-pour-adultes";1;0;1
"zones-de-livraison";1;0;1
"zones-de-stationnement";1;0;1
"commerce-local";1;0;1
"occurrence";1;0;1
"diagramme";0;1;1
"banco";1;0;1
"assitants";0;1;1
"neuville-sainy-remy";0;1;1
"bebergement-de-plein-air";0;1;1
"bethune-shop";0;1;1
"hotellerie-plein-air";0;1;1
"mairies-call";0;1;1
"equibreizh";1;0;1
"annuites-de-la-dette";0;1;1
"le-quesnoy";0;1;1
"mormal";0;1;1
"profil-des-acheteurs";0;1;1
"paleontolgie";1;0;1
"site-patrimonial";1;0;1
"spotair";0;1;1
"render";1;0;1
"render-3d";1;0;1
"rendering";1;0;1
"rendering-3d";1;0;1
"abreuvoir";1;0;1
"deneigement";1;0;1
"espaces-culturels";1;0;1
"haltes-garderies";1;0;1
"informations-pratiques";1;0;1
"mangeoir";1;0;1
"megots";1;0;1
"neffes";1;0;1
"nichoir";1;0;1
"occupation-du-domaine-public";1;0;1
"pij";1;0;1
"plaxtil";1;0;1
"blablacar-bus";1;0;1
"ametis";1;0;1
"puy-sanieres";1;0;1
"projets-subventions";1;0;1
"devoluy";1;0;1
"saint-laurent-du-cros";1;0;1
"department-du-lot";1;0;1
"oppidum";1;0;1
"protohistoire";1;0;1
"salons-virtuels";1;0;1
"voie-domitienne";1;0;1
"produit-4d";1;0;1
"grd-electricite";0;1;1
"grd-gaz";0;1;1
"lardier-et-valenca";1;0;1
"epfif";1;0;1
"perimetre-administratif";1;0;1
"rrn-non-concede";1;0;1
"5-km";0;1;1
"5km";0;1;1
"carte-5-km";0;1;1
"rayon-5-km";0;1;1
"rayon-de-5-km";0;1;1
"foret-recente";1;0;1
"100-milles-marins";1;0;1
"3-milles-marins";1;0;1
"6-milles-marins";1;0;1
"archeologie-preventive";1;0;1
"bande-cotiere-de-peche";1;0;1
"owid";0;1;1
"orcieres";1;0;1
"strategie-urbaine";1;0;1
"commabde-publique";1;0;1
"saint-maurice-en-valgodemar";1;0;1
"irve-borne";1;0;1
"impots-professionnels";1;0;1
"saint-julien-en-beauchene";1;0;1
"blender";1;0;1
"meshroom";1;0;1
"reconstruction3d";1;0;1
"fragiltie-numerique";1;0;1
"voirie-moblite-velo-reseau-cyclable";1;0;1
"acr";1;0;1
"organic";1;0;1
"acces-numerique";1;0;1
"stpierre-datagouv";1;0;1
"wifi4eu";1;0;1
"saint-firmin";1;0;1
"agence-nationale-de-la-cohesion-des-territoire";1;0;1
"ens-patrimoine-naturel-biodiversite-ecologie-especes-environnement";1;0;1
"pdipr-randonnee-promenade-vtt-pedestre-chemin-drome";1;0;1
"les-orres";1;0;1
"calcul-de-dispersion";1;0;1
"reporting-europeen";1;0;1
"le-glaizil";1;0;1
"sambre-avesnois";1;0;1
"dp";1;0;1
"ict";1;0;1
"cultural-activities";0;1;1
"handcraft";0;1;1
"revest-saint-martin";1;0;1
"sigonce";1;0;1
"champoleon";1;0;1
"la-rochette";1;0;1
"le-noyer";1;0;1
"montmaur";1;0;1
"poligny";1;0;1
"radiofrequence";1;0;1
"adresses-adresses-locales";1;0;1
"oscour";0;1;1
"sursaud";0;1;1
"montlaux";1;0;1
"cruis";1;0;1
"fontienne";1;0;1
"lardiers";1;0;1
"ongles";1;0;1
"hors-baignade";1;0;1
"centrale-charbon";1;0;1
"centrale-electrique";1;0;1
"centrale-nucleaire";1;0;1
"aide-social";1;0;1
"dei";1;0;1
"echographie";1;0;1
"hexagone";1;0;1
"infirmerie";1;0;1
"odontologie";1;0;1
"pediatrie";1;0;1
"podologie";1;0;1
"porteurs";1;0;1
"psychologie";1;0;1
"impacts-sur-la-sante";1;0;1
"ctec";1;0;1
"donnees-de-laboratoires-pour-le-depistage";1;0;1
"loubers";1;0;1
"retn";1;0;1
"turbine";1;0;1
"wind";1;0;1
"carte-e-france";0;1;1
"occupation-des-hopitaux";0;1;1
"saturation-des-hopitaux";0;1;1
"taux-doccupation-des-lits-de-reanimation";0;1;1
"covi-19";0;1;1
"autorites-organisatrices";1;0;1
"effilogis";1;0;1
"espace-conseiller-faire";1;0;1
"keryado";1;0;1
"ptre";1;0;1
"circabc";1;0;1
"enchastrayes";1;0;1
"les-thuiles";1;0;1
"prunieres";1;0;1
"saint-pons";1;0;1
"ubaye-serre-poncon";1;0;1
"assistant-google";0;1;1
"eceonomie";0;1;1
"google-assistant";0;1;1
"google-home";0;1;1
"google-nest";0;1;1
"hey-google";0;1;1
"tracking-gps";1;0;1
"distribution-publique";1;0;1
"dgfip-rei-fdl";1;0;1
"ram-rap";1;0;1
"dgscgc";1;0;1
"oloron";1;0;1
"sainte-marie";1;0;1
"pont-saint-nazaire";1;0;1
"les-independants";1;0;1
"tests-antigeniques";1;0;1
"tests-rt-pcr";1;0;1
"gnc";1;0;1
"saint-apollinaire";1;0;1
"blog-de-linsee";1;0;1
"surmoratalite";1;0;1
"apiculteur";1;0;1
"25-000-et-40-000-eur-ht";1;0;1
"liste-des-marches";1;0;1
"saint-leger-les-melezes";1;0;1
"rayon-30-km";0;1;1
"zone-sortie-30-km";0;1;1
"carte-rayon-10-kilometres";0;1;1
"carte-rayon-10-km";0;1;1
"rayon-10-kilometres";0;1;1
"rayon-10km";0;1;1
"politique-de-soins";1;0;1
"limites-limites-administratives";1;0;1
"potentiel-energie";0;1;1
"entreprises-locales-distribution";0;1;1
"repartition-par-classe-dage";0;1;1
"donnees-locales-energie";0;1;1
"energie-pv";0;1;1
"grand-paris-sud";0;1;1
"never-gonna-give-you-up";1;0;1
"ecoles-publiques";1;0;1
"lieux-de-vie";1;0;1
"operateur-ferroviaire";1;0;1
"revenu-pour-les-jeunes-actifs";1;0;1
"rja";1;0;1
"signalisation-verticale";1;0;1
"statistiques-et-regulation-des-informations-economiques";1;0;1
"usage-du-reseau";1;0;1
"carte-10-km";0;1;1
"10-kilometres";0;1;1
"30-kilometres";0;1;1
"carte-30-km";0;1;1
"cadastrales";1;0;1
"ecole-art";1;0;1
"faculte";1;0;1
"relai";1;0;1
"10-km-autour-de-chez-moi";0;1;1
"10-km-autour-du-domicile";0;1;1
"mrac";1;0;1
"dsrh-drc";1;0;1
"paie-et-famille";1;0;1
"decret-ndeg2019-665";1;0;1
"acb";1;0;1
"bioethanol";1;0;1
"mermoz";1;0;1
"unversite";1;0;1
"accessibilite-aux-voyageurs-handicapes";1;0;1
"jarjayes";1;0;1
"lettre-du-maire";1;0;1
"maillages";1;0;1
"covid-trocqueur";1;0;1
"covidtracker-fr";1;0;1
"vite-ma-dose";1;0;1
"vitemadose";1;0;1
"amelioration-de-l-039-habitat";1;0;1
"unites-gazieres";1;0;1
"antibes";1;0;1
"newmotion";1;0;1
"bornes-a-verre";1;0;1
"casud";1;0;1
"aspres-sur-buech";1;0;1
"question-reponse-assemblee-nationale";1;0;1
"question-reponse-parlementaire";1;0;1
"reponse-parlementaire";1;0;1
"saint-bonnet-en-champsaur";1;0;1
"saint-julien-en-champsaur";1;0;1
"remaniement";1;0;1
"rfu";0;1;1
"sommet-rfu";0;1;1
"ciel-etoile";1;0;1
"parc-naturel-regional-du-morvan";1;0;1
"parc-parc-naturel-regional";1;0;1
"pollution-lumineuse";1;0;1
"reserve-internationale-de-ciel-etoile";1;0;1
"rice";1;0;1
"zone-coeur";1;0;1
"preproduction";1;0;1
"la-fare-en-champsaur";1;0;1
"extraits";1;0;1
"jugement-suppletif";1;0;1
"abris-velos";1;0;1
"mosaiquage";1;0;1
"roue";1;0;1
"rts";1;0;1
"aspres-les-corps";1;0;1
"arrets-minute";1;0;1
"belarga";1;0;1
"bregancon";1;0;1
"coherence-coherence-ecologique";1;0;1
"etang-de-berre";1;0;1
"le-pouget";1;0;1
"port-cros";1;0;1
"puilacher";1;0;1
"rouviere";1;0;1
"sauvian";1;0;1
"serignan";1;0;1
"vendemian";1;0;1
"vendres";1;0;1
"zonages-zonages-amenagement";1;0;1
"restaurateurs";1;0;1
"agenda-rural";0;1;1
"petites-ville-de-demain";0;1;1
"zones-de-montagne";0;1;1
"jeudi";1;0;1
"documents-durba";1;0;1
"credit-impot-innovation";0;1;1
"credit-impot-recherche";0;1;1
"r2c";1;0;1
"r2ciris-insee";1;0;1
"knowledge-discovery";0;1;1
"knowledge-management";0;1;1
"abris-bus";1;0;1
"propagation";1;0;1
"radar-feu-rouge";0;1;1
"andrea-soria";1;0;1
"django-reinhardt";1;0;1
"duved-sunayevsky";1;0;1
"guillaume-antonini";1;0;1
"manuel-doutrelant";1;0;1
"michel-warlop";1;0;1
"scott-koehler";1;0;1
"swing-symphonique";1;0;1
"restaurantsscolaires";1;0;1
"sauce";1;0;1
"seconde";1;0;1
"tiket";1;0;1
"vanne";1;0;1
"fisheries";1;0;1
"isscaap";1;0;1
"enfance-et-jeunesse";1;0;1
"service-public-pour-l-039-emploi";1;0;1
"spel";1;0;1
"acces-au-reseau";1;0;1
"droit-a-linjection";1;0;1
"forest-saint-julien";1;0;1
"iptcc";1;0;1
"donnees-hospitalieres";0;1;1
"mobilygreen";1;0;1
"calcul-mensualite";1;0;1
"tests-salivaires";1;0;1
"anticorps-monoclonaux";1;0;1
"boi";1;0;1
"commentaires";1;0;1
"convention-dobjectifs-et-de-gestion";1;0;1
"doctrine-fiscale";1;0;1
"kit";1;0;1
"rescrits";1;0;1
"unite-denseignement";1;0;1
"lune";0;1;1
"infracommunal";1;0;1
"autorite-organisatrice-transports";1;0;1
"maison-neuve";1;0;1
"web-crawling";1;0;1
"dataposters";0;1;1
"appellation";1;0;1
"cochon";1;0;1
"commune-ods";1;0;1
"ensemble-des-exploitations";1;0;1
"hierarchise";1;0;1
"iraty";1;0;1
"irouleguy";1;0;1
"irulegi";1;0;1
"kiwi";1;0;1
"lait-pur-brebis";1;0;1
"moyenne-et-grandes-exploitations";1;0;1
"ossau";1;0;1
"petite-exploitation";1;0;1
"piment-despelette";1;0;1
"piquant";1;0;1
"porc-fernier";1;0;1
"signe-officiel";1;0;1
"tannat";1;0;1
"transformation-agroalimentaire";1;0;1
"fonctionnalites";1;0;1
"service-local-de-solidarite";1;0;1
"05114";1;0;1
"reallon";1;0;1
"doctolib";1;0;1
"06079";1;0;1
"carriere-et-maternite";0;1;1
"conge-maternite";0;1;1
"femmes-carriere";0;1;1
"vie-personnelle";0;1;1
"communaute-agglomeration-var-esterel-mediterranee";1;0;1
"gazeification-hydrothermale";1;0;1
"grt";1;0;1
"methane-renouvelable";1;0;1
"programme-investissement";1;0;1
"stock-quotidien";1;0;1
"people-with-disabilities";1;0;1
"public-figure";1;0;1
"seminars";1;0;1
"saint-michel-de-chaillol";1;0;1
"rendez-vous-vaccin";0;1;1
"mobe";1;0;1
"oze";1;0;1
"chateauneuf-d-oze";1;0;1
"saint-auban-d-oze";1;0;1
"forcalquier";1;0;1
"venterol";1;0;1
"agglomeration-provence-verte";1;0;1
"mouvenbus";1;0;1
"pharmacie-france";0;1;1
"pharmacie-vaccin";0;1;1
"delberations";1;0;1
"stations-de-mesure";1;0;1
"stations-de-mesures";1;0;1
"saint-brevin";1;0;1
"saint-brevin-les-pins";1;0;1
"gbif";1;0;1
"nogent";1;0;1
"nogent-le-rotrou";1;0;1
"guingamp-paimpol-agglomeration";1;0;1
"noailles";1;0;1
"civid-par-departement";0;1;1
"covid-en-france";0;1;1
"gestion-immobiliere";1;0;1
"installateur";1;0;1
"nettoyage-chamonix";1;0;1
"saint-beauzile";1;0;1
"aixe-sur-vienne";1;0;1
"aide-urgence";1;0;1
"chantier-dinsertion";1;0;1
"cheque-alimentaire";1;0;1
"colis-aide-alimentaire";1;0;1
"declic-energie";1;0;1
"defi-foyer-alimentation-positive";1;0;1
"glanage";1;0;1
"panier-solidaire";1;0;1
"zonage-paysager";1;0;1
"geopal";1;0;1
"region-pays-de-la-loire";1;0;1
"prelevment";1;0;1
"niozelles";1;0;1
"attenuation";1;0;1
"premiere-generale";1;0;1
"terminale-generale";1;0;1
"eutl";1;0;1
"seqe-ue";1;0;1
"deuxieme-dose";0;1;1
"disponibilite-des-centres-en-pourcentage";0;1;1
"premiere-dose";0;1;1
"moins-cher";0;1;1
"abdo";1;0;1
"cordes";1;0;1
"elliptique";1;0;1
"grimpe";1;0;1
"jeu-a-ressort";1;0;1
"jeu-de-manipulation";1;0;1
"jeux-de-plein-air";1;0;1
"maisonnette";1;0;1
"panier-de-basket";1;0;1
"pumper";1;0;1
"rameur";1;0;1
"terrain-multisports";1;0;1
"tourniquet";1;0;1
"2030";1;0;1
"2035";1;0;1
"2050";1;0;1
"montataire-hta";1;0;1
"rccem-hta";1;0;1
"jybus";1;0;1
"rumilly";1;0;1
"04161";1;0;1
"meolans-revel";1;0;1
"fayssac";1;0;1
"assemblage";1;0;1
"cgh";1;0;1
"presentation";1;0;1
"boites-a-dons";1;0;1
"totalement-vaccines";0;1;1
"volcalodges";1;0;1
"saint-pierre-le-chastel";1;0;1
"inventaire-des-zones-humides";1;0;1
"arn-messager";0;1;1
"arns";0;1;1
"05046";1;0;1
"embrun";1;0;1
"epci-lfa";1;0;1
"lfa";1;0;1
"loire-forez-agglomeration";1;0;1
"commune-historique";1;0;1
"intentions-de-vote";0;1;1
"reseaux-gaziers";0;1;1
"rochebrune";1;0;1
"limans";1;0;1
"la-batie-vieille";1;0;1
"saint-jean-saint-nicolas";1;0;1
"classe-preparatoire";1;0;1
"e2c";1;0;1
"ecole-de-la-2e-chance";1;0;1
"ifas";1;0;1
"ifsi";1;0;1
"maison-familiale-et-rurale";1;0;1
"irep";1;0;1
"preparation-test";1;0;1
"alternance-marno-calcaire";1;0;1
"flysh";1;0;1
"regime-de-vichy";1;0;1
"cahuzac-sur-vere";1;0;1
"e55c";1;0;1
"reseau-e55c";1;0;1
"option";1;0;1
"ligne-grande-vitesse";1;0;1
"liste-nominative";1;0;1
"emprise-voie-publique";1;0;1
"impact-sur-la-circulation";1;0;1
"route-fermee";1;0;1
"prix-location";0;1;1
"champcella";1;0;1
"culture-numerique";1;0;1
"ciril-group";0;1;1
"elections-regionales-2021";0;1;1
"bonloc";1;0;1
"04062";1;0;1
"la-condamine-chatelard";1;0;1
"codes-ape";1;0;1
"electorales";1;0;1
"brumisateurs";1;0;1
"saint-pierre-d-argencon";1;0;1
"04120";1;0;1
"val-doronaye";1;0;1
"certif-info";1;0;1
"dinan-agglomeration";1;0;1
"lamballe-terre-et-mer";1;0;1
"directeurs";1;0;1
"encaissements";1;0;1
"lcti";1;0;1
"liste-des-directrices-et-des-directeurs";1;0;1
"liste-des-presidentes-et-des-presidents";1;0;1
"presidentes";1;0;1
"redressements";1;0;1
"sites-des-urssaf";1;0;1
"travail-dissimule";1;0;1
"insi";1;0;1
"masante2022";1;0;1
"segur";1;0;1
"virage";1;0;1
"anctt";1;0;1
"saint-martin-de-queyrieres";1;0;1
"centre-de-donnees";1;0;1
"cloud";1;0;1
"datacenter";1;0;1
"reseaux-et-telecommunication";1;0;1
"defaillance";0;1;1
"faillite";0;1;1
"circulation-apaisee";1;0;1
"scandiberique";1;0;1
"bifaces";1;0;1
"lazaret";1;0;1
"administration-centrale";1;0;1
"bilan-contentieux";1;0;1
"liste-daptitude";1;0;1
"rer-a";0;1;1
"rer-b";0;1;1
"rer-c";0;1;1
"democratie-citoyennete";1;0;1
"discussions";1;0;1
"medpol";1;0;1
"surval";1;0;1
"vitesses";0;1;1
"saint-veran";1;0;1
"lagrave";1;0;1
"tranche-deffectif-salarie-de-letablissement";1;0;1
"droppingzone";1;0;1
"helistation";1;0;1
"sherg";0;1;1
"passe-piege";1;0;1
"piegeage";1;0;1
"station-de-controle";1;0;1
"video-comptage";1;0;1
"datamart";1;0;1
"effectifs-justice";1;0;1
"dataanalytics";0;1;1
"opendataanalytics";0;1;1
"ins";1;0;1
"04086";1;0;1
"faucon-de-barcelonnette";1;0;1
"vallee-de-seine";1;0;1
"vetibox";1;0;1
"edvard-grieg";1;0;1
"aiko-miyamoto";1;0;1
"alexandre-roussel";1;0;1
"amaury-vanlancker";1;0;1
"arthur-rimbaud";1;0;1
"carl-reinecke";1;0;1
"carlo-collodi";1;0;1
"darius-milhaud";1;0;1
"emilie-tison";1;0;1
"franz-schubert";1;0;1
"henri-vachey";1;0;1
"laurent-dewaele";1;0;1
"leigh-sauerwein";1;0;1
"louis-dunoyer-de-segonzac";1;0;1
"luc-mangholz";1;0;1
"marie-jo-billet";1;0;1
"mathieu-carpentier";1;0;1
"mathilde-cardon";1;0;1
"mickey";1;0;1
"orchestre-de-picardi";1;0;1
"pinocchio";1;0;1
"ralph-szigeti";1;0;1
"serge-prokofiev";1;0;1
"walt-disney";1;0;1
"comite-opendata";1;0;1
"05163";1;0;1
"le-sauze-du-lac";1;0;1
"aubessagne";1;0;1
"acoss-ussaf";0;1;1
"esparron";1;0;1
"sable-sur-sarthe";1;0;1
"ante";1;0;1
"offre-de-sante";1;0;1
"tablette-de-radiateur";1;0;1
"accessoires-de-maison";0;1;1
"bal-hosta";1;0;1
"hosta";1;0;1
"troncons-voie";1;0;1
"animation-magicien";1;0;1
"magieenligne-spectacleenligne-spectaclevisuel-magicienvisioconference-spectacle-virtuel";1;0;1
"mentaliste";1;0;1
"mentaliste-a-lyon";1;0;1
"mentaliste-lyon";1;0;1
"magicien-visioconference";0;1;1
"magicienvisioconference";0;1;1
"magie-en-ligne";0;1;1
"magieenligne";0;1;1
"spectacle-en-ligne";0;1;1
"spectacle-virtuel";0;1;1
"spectacle-visuel";0;1;1
"spectacleenligne";0;1;1
"spectaclevisuel";0;1;1
"buru-belza";1;0;1
"dares";1;0;1
"estive";1;0;1
"manex-a-tete-noire";1;0;1
"deeptech";1;0;1
"i-phd";1;0;1
"iphd";1;0;1
"arme";1;0;1
"descriptif";1;0;1
"vigneaux";1;0;1
"derniere-semaine";0;1;1
"saint-etienne-le-laus";1;0;1
"furmeyer";1;0;1
"domaine-de-fonbeauzard";1;0;1
"foret-de-bouconne";1;0;1
"foret-departementale-de-buzet";1;0;1
"mont-calem";1;0;1
"zone-du-plateau-duls";1;0;1
"caddeau";1;0;1
"forage-domestique";1;0;1
"sage-bdpv";1;0;1
"vulnerabilite";1;0;1
"zsnea";1;0;1
"alea-minier";1;0;1
"apres-mine";1;0;1
"gorges-de-la-save-et-vallee-de-la-seygouade";1;0;1
"source-code";0;1;1
"05012";1;0;1
"baratier";1;0;1
"consommation-mondiale";1;0;1
"tso";1;0;1
"bp-01";1;0;1
"cofiroute";1;0;1
"garenne";1;0;1
"lhsm";1;0;1
"shell";1;0;1
"smoys";1;0;1
"syder";1;0;1
"unibail";1;0;1
"zenpark";1;0;1
"assistants-vocaux";1;0;1
"enceintes-connectees";1;0;1
"05045";1;0;1
"crots";1;0;1
"eurobserver";1;0;1
"independance-energetique";1;0;1
"occupationdusol";1;0;1
"collex-persee";1;0;1
"porteur";1;0;1
"places-de-marches";1;0;1
"avaloir";1;0;1
"pluviale";1;0;1
"inspe";1;0;1
"professorat";1;0;1
"sineta";1;0;1
"locarno";1;0;1
"recolte";1;0;1
"sorties-de-chais";1;0;1
"aides-nationales";1;0;1
"commercialaisation";1;0;1
"feaga";1;0;1
"hectare";1;0;1
"hectolitre";1;0;1
"nombre-dexploitations";1;0;1
"oiv";1;0;1
"secteur-viticole";1;0;1
"ventes-annuelles";1;0;1
"ventes-regionales";1;0;1
"si007";1;0;1
"climatisation-reversible";0;1;1
"bassin-viticole";1;0;1
"arts-appliques";1;0;1
"document-historique";1;0;1
"lescale";1;0;1
"bassin-public";1;0;1
"cap-sizun-pointe-du-raz";1;0;1
"douarnenez-communaute";1;0;1
"espace-detente";1;0;1
"haut-pays-bigouden";1;0;1
"ouest-cornouaille";1;0;1
"enregistrement-pole-musiques-actuelles";1;0;1
"representations-theatrales";1;0;1
"salle-naldini";1;0;1
"salle-ravel";1;0;1
"spectacles-jeune-public";1;0;1
"spectacles-vivants";1;0;1
"theatre-odyssee";1;0;1
"lrbh-mn-lntrnt";1;0;1
"word";0;1;1
"wordwide";0;1;1
"energie-primaire";1;0;1
"arbres-dalignement";1;0;1
"arbustives";1;0;1
"bulbes";1;0;1
"ceremonie";1;0;1
"chrysanthemes";1;0;1
"main-courante";1;0;1
"operations-tranquillite-vacances";1;0;1
"points-ecoles";1;0;1
"poste-de-police";1;0;1
"rapports-de-police";1;0;1
"rondes";1;0;1
"rosiers";1;0;1
"vivaces";1;0;1
"adresses-recensees";1;0;1
"arretes-individuels-dalignement";1;0;1
"attestations-daccueil-dossiers-de-regroupements-familiaux";1;0;1
"bulletins-individuels";1;0;1
"cartes-didentite";1;0;1
"certificat-de-vie";1;0;1
"certificats-de-concubinage";1;0;1
"certificats-de-demenagement";1;0;1
"certificats-de-residence";1;0;1
"changement-dusage-des-locaux";1;0;1
"classes-a-horaires-amenages-musique-cham";1;0;1
"declarations-dintention-daliener";1;0;1
"declarations-meubles-touristiques";1;0;1
"declarations-prealables";1;0;1
"demarches-administratives";1;0;1
"feuilles-de-logements";1;0;1
"heures-denseignement";1;0;1
"legalisations-de-signature";1;0;1
"listes-electorales";1;0;1
"livrets-de-famille";1;0;1
"population-totale";1;0;1
"recensements-militaires";1;0;1
"services-au-quotidien";1;0;1
"vie-civique";1;0;1
"aides-aux-projets";1;0;1
"bureau-dinformation-jeunesse";1;0;1
"bureautique";1;0;1
"chantiers-solidaires";1;0;1
"jeunes-diplomes";1;0;1
"jeunes-salaries";1;0;1
"jobs";1;0;1
"jobs-dete";1;0;1
"jobs-etudiants";1;0;1
"mini-sejours";1;0;1
"reseaux-soutien-scolaire-bb-sitting";1;0;1
"tables-rondes";1;0;1
"covid-word";0;1;1
"covidword";0;1;1
"page-daccueil";0;1;1
"autoformation";1;0;1
"espace-multimedia";1;0;1
"espace-musique";1;0;1
"levalloisirs";1;0;1
"methodes-de-langues";1;0;1
"pre-inscriptions";1;0;1
"telecharge";1;0;1
"videotheque";1;0;1
"bilan-thermique";0;1;1
"faible-emissions-co2";1;0;1
"accotement-revetu";1;0;1
"chaussee-a-voie-centrale-banalisee";1;0;1
"double-sens-cyclable";1;0;1
"79";1;0;1
"86";1;0;1
"87";1;0;1
"affleurant";1;0;1
"amenagements-pietonniers";1;0;1
"billets-vpass";1;0;1
"distributeur-automatique-de-titres";1;0;1
"donnees-ouverte";1;0;1
"eaux-usees-issues-dun-reseau-dassainissement-unitaire";1;0;1
"etron";1;0;1
"maboutique-grandpoitiers-fr";1;0;1
"pietions";1;0;1
"station-depuration-des-eaux-usees";1;0;1
"titres-vpass";1;0;1
"effectif-permanent";1;0;1
"pointe";1;0;1
"douaisis-agglo";1;0;1
"eveole";1;0;1
"smtd";1;0;1
"stad";1;0;1
"parc-de-ranse";1;0;1
"zonages-zonages-naturels";1;0;1
"gentile";1;0;1
"multiservices";1;0;1
"operateur-mobilite-durable";1;0;1
"stations-e";1;0;1
"communuaute-de-commune";1;0;1
"puycelsi";1;0;1
"gua-sha";1;0;1
"gua-sha-scraping";1;0;1
"skin-care";1;0;1
"04019";1;0;1
"barcelonnette";1;0;1
"webcam";1;0;1
"bal-commune-de-uhart-mixe";1;0;1
"bal-uhart-mixe";1;0;1
"troncons-voies-uhart-mixe";1;0;1
"schneider";1;0;1
"pause";1;0;1
"fouday";0;1;1
"bal-aincille";1;0;1
"bal-commune-de-aincille";1;0;1
"canto";1;0;1
"json-aincille";1;0;1
"shape-troncons-voie-aincille";1;0;1
"troncons-voies-aincille";1;0;1
"lineaire-voies-aincille";1;0;1
"voie-aincille-shape";1;0;1
"voies-commune-daincille";1;0;1
"base-adresse-locale-urepel";1;0;1
"json-trocons-voies";1;0;1
"lineaire-voies";1;0;1
"shape-troncons-voies";1;0;1
"assemblee-generale";1;0;1
"base-adresse-locale-de-lantabat";1;0;1
"lineaire-de-voie-commune-de-lantabat";1;0;1
"shape-voies-lantabat";1;0;1
"troncons-voies-lantabat";1;0;1
"automated-external-defibrillator";1;0;1
"shop";1;0;1
"delibreations";1;0;1
"apcp";1;0;1
"1000";1;0;1
"siarv";1;0;1
"lieux-nommes";1;0;1
"vectorielle";1;0;1
"je-te-vois";0;1;1
"cars-region";1;0;1
"divorce-en-france";0;1;1
"divorce-france";0;1;1
"pourcentage-de-divorce";0;1;1
"taux-de-divorce";0;1;1
"accor-hotels";1;0;1
"louvre-hotels-group";1;0;1
"totalenergies";1;0;1
"pilotage";0;1;1
"webapi";0;1;1
"accompagnement-a-la-creation";1;0;1
"licence-4";1;0;1
"pepinieres-dentreprises";1;0;1
"peupleraie";1;0;1
"renouvellement-parc";1;0;1
"massification";0;1;1
"bulles";1;0;1
"communaute-dagglomeartion-sophia-antipolis";1;0;1
"horaires-et-parcours-theoriques";1;0;1
"mainteneur";1;0;1
"aiguilles";1;0;1
"ffth";1;0;1
"se007";1;0;1
"vtfe";1;0;1
"effectif-interieur-ministere-publique-corps-grade-etat";1;0;1
"rangecourt-52416";1;0;1
"comelec";1;0;1
"debelec";1;0;1
"l2b";1;0;1
"shapef";1;0;1
"lam";1;0;1
"lieux-dacces-multimedia";1;0;1
"liquefie";1;0;1
"pony";1;0;1
"tier";1;0;1
"trilib";1;0;1
"ambiance";1;0;1
"couches-lavables";1;0;1
"maringouins";1;0;1
"poule";1;0;1
"nomad";0;1;1
"eni";1;0;1
"extinction-eclairage-public";1;0;1
"cap-azur";1;0;1
"reporting-lom";1;0;1
"judicaire";1;0;1
"penitentiaire";1;0;1
"safety";1;0;1
"certification-des-comptes";1;0;1
"finances-publiques-locales";1;0;1
"groupements-hospitaliers-de-territoire";1;0;1
"institut-de-france";1;0;1
"unedic";1;0;1
"sds";1;0;1
"ouverture-des-marches";1;0;1
"taux-pression";1;0;1
"espaces-naturels-dinterets";1;0;1
"doctrine";0;1;1
"topic-models";0;1;1
"metropolis";1;0;1
"formation-superieure";1;0;1
"velolib";1;0;1
"puys";1;0;1
"40-000-et-90-000-eur-ht";1;0;1
"residu";1;0;1
"fdee19";1;0;1
"sdeer17";1;0;1
"sdeg16";1;0;1
"sydec40";1;0;1
"ouestcharge22";1;0;1
"ouestcharge29";1;0;1
"ouestcharge35";1;0;1
"te47";1;0;1
"sixt";1;0;1
"leclerc";1;0;1
"picoty";1;0;1
"superu";1;0;1
"rumilly-terre-de-savoie";1;0;1
"base-de-donnees-medico-administrative";1;0;1
"egbs";1;0;1
"multimorbidite";1;0;1
"population-generale";1;0;1
"systeme-national-des-donnees-de-sante";1;0;1
"table-de-mortalite";1;0;1
"ecrirure-site-web";0;1;1
"langage-c";0;1;1
"cantonal";1;0;1
"taux-de-remplissage";1;0;1
"estimer-sa-maison";0;1;1
"estimer-sa-maison-en-ligne";0;1;1
"estimer-son-appartement";0;1;1
"estimer-son-appartement-en-ligne";0;1;1
"proptech";0;1;1
"prix-de-limmoblier";0;1;1
"prix-de-limmoblier-en-france";0;1;1
"bal-commune-dascain";1;0;1
"pbd";1;0;1
"phb";1;0;1
"zmd";1;0;1
"ztd";1;0;1
"faible-emission";1;0;1
"intrusion-detection";1;0;1
"security";1;0;1
"variot";1;0;1
"bal-juxue";1;0;1
"voie-commune-de-juxues";1;0;1
"films-gratuit";0;1;1
"films-streaming";0;1;1
"dotation-investissement";1;0;1
"dsid";1;0;1
"metrople-rouen-normandie";1;0;1
"zones-a-faibles-emissions";1;0;1
"punitions";1;0;1
"rationalite";1;0;1
"conseiller-numerique-france-services";1;0;1
"rennepont-52419";1;0;1
"velo-assistance-electrique";1;0;1
"lot-46";1;0;1
"p2g";1;0;1
"gmp";1;0;1
"bump";1;0;1
"duree-de-vacance";1;0;1
"tadao";1;0;1
"bercyhub";1;0;1
"services-a-la-personne";0;1;1
"avenir-montagnes-ingenierie";1;0;1
"decisions-modificatives";1;0;1
"premium";1;0;1
"p-bus";1;0;1
"p-r";1;0;1
"grande-echelle";1;0;1
"bdpr";1;0;1
"arbres-urbains";1;0;1
"eurometropole-metz";1;0;1
"article-blog";0;1;1
"ecriture-scenario";0;1;1
"simplyrappel";0;1;1
"festival-court";1;0;1
"film-court";1;0;1
"film-publicitaire";1;0;1
"atelier-ecriture";1;0;1
"atelier-scenario";1;0;1
"comment-faire-un-film";1;0;1
"creer-un-film";1;0;1
"creer-un-podcast";1;0;1
"filmer-avec-mon-telephone-portable";1;0;1
"format-vertical";1;0;1
"personnages-fiction";1;0;1
"ccommerces";1;0;1
"cartobio";0;1;1
"pids-lourd";1;0;1
"poid-lourd";1;0;1
"entsog";1;0;1
"grd-eld";1;0;1
"tms";1;0;1
"vecteur-tuile";1;0;1
"extinction";1;0;1
"1972";1;0;1
"cadran-solaire";1;0;1
"canal-puy";1;0;1
"jae";1;0;1
"off";1;0;1
"place-pour-personne-a-mobilite-reduite";1;0;1
"associations-loi-1901";1;0;1
"repertoire-national-des-associations";1;0;1
"surface-cultivee";0;1;1
"localisants";1;0;1
"films-complet";0;1;1
"hds-streaming";0;1;1
"streaming-vf";0;1;1
"streeaming";0;1;1
"val-dessonne";1;0;1
"l-224-12";1;0;1
"idecycle";1;0;1
"le-suresnois";1;0;1
"suresnes";1;0;1
"fertreve-58270";1;0;1
"archives-numerisees";1;0;1
"daj";0;1;1
"agence-de-developpement-de-la-normandie";1;0;1
"agence-nationale-de-la-cohesion-des-territoires-anct";1;0;1
"bd-topo-r-bdto";1;0;1
"bureau-d-etudes";1;0;1
"circuit-de-bus";1;0;1
"classe-trafic";1;0;1
"coordination-regionale-de-l-information-geographique-en-normandie-crige";1;0;1
"ecole-secondaire";1;0;1
"ecrit";1;0;1
"ecriture-1";1;0;1
"equipement-1";1;0;1
"equipements-publics-1";1;0;1
"esa";1;0;1
"etablissement-public-1";1;0;1
"etablissements-publics-de-cooperation-intercommunale-epci-1";1;0;1
"fonds-europeen-agricole-pour-le-developpement-rural-feader";1;0;1
"groupement-territorial";1;0;1
"hierarchisation-du-reseau";1;0;1
"hopital-1";1;0;1
"livre-et-lecture";1;0;1
"maison-d-assistants-maternels";1;0;1
"musiques-actuelles";1;0;1
"open-equipement-14";1;0;1
"photo-aerienne-1";1;0;1
"point-kilometrique";1;0;1
"pole-sante";1;0;1
"schema-de-coherence-territoriale-scot";1;0;1
"service-d-aide-a-domicile";1;0;1
"theatre-1";1;0;1
"tourisme-et-loisirs";1;0;1
"transports-maritimes";1;0;1
"validation-des-acquis-de-l-experience-vae";1;0;1
"bolbec";1;0;1
"lillebonne";1;0;1
"port-jerome-sur-seine";1;0;1
"agglo-brive";1;0;1
"analyse-technique";1;0;1
"backlinks";1;0;1
"manifestations-culturelles";1;0;1
"organique";1;0;1
"vehicules-impliques";1;0;1
"arcgis-sever";1;0;1
"bal-labets-biscay";1;0;1
"bandes-cyclables";1;0;1
"bruxelles-capiltale";1;0;1
"business-geographic";1;0;1
"cabines-mobiles";1;0;1
"couloirs-de-bus-ouverts-aux-velos";1;0;1
"environnement-hors-loiret";1;0;1
"especes-d-arbres";1;0;1
"fiches-completes";1;0;1
"flandres";1;0;1
"fontaines-albien";1;0;1
"fontaines-arceau";1;0;1
"fontaines-bois";1;0;1
"fontaines-millenaire";1;0;1
"fontaines-petillante";1;0;1
"fontaines-point-d-eau";1;0;1
"fontaines-totem";1;0;1
"fontaines-wallace";1;0;1
"genres-d-arbres";1;0;1
"interreg-transstat";1;0;1
"jo-paris-2024";1;0;1
"lavatory";1;0;1
"pietons-1";1;0;1
"profil-environnemental-regional";1;0;1
"qgisserver";1;0;1
"server-inconnu";1;0;1
"suivi-environnemental";1;0;1
"thematique-equipements";1;0;1
"troncons-de-voies-labets-biscay";1;0;1
"urinoirs";1;0;1
"urinoirs-mobiles";1;0;1
"wallonie";1;0;1
"wc-publics-permanents";1;0;1
"groupements-intercommunaux";1;0;1
"syndicat-intercommunal-a-vocation-multiple-sivom";1;0;1
"syndicat-intercommunal-a-vocation-unique-sivu";1;0;1
"lpm";1;0;1
"souverainete";1;0;1
"parcel";0;1;1
"services-pratiques";1;0;1
"activite-sociale";1;0;1
"divertissements";1;0;1
"sorties-culturelles";1;0;1
"sorties-ludiques";1;0;1
"sortir-a-saint-marcellin";1;0;1
"vivre-a-saint-marcellin";1;0;1
"date-et-heure-de-controle";1;0;1
"localisation-du-controle";1;0;1
"vitesse-maximale-autorisee-du-point-de-controle";1;0;1
"vitesse-pratiquee-par-le-vehicule-controle";1;0;1
"carte-scolaire-communale";1;0;1
"code-siret";1;0;1
"mobilitedouce";1;0;1
"premiersecours";1;0;1
"larochelle";1;0;1
"absent";1;0;1
"apparentes";1;0;1
"autoroutier";1;0;1
"avenants";1;0;1
"bacalan";1;0;1
"bastide";1;0;1
"boises";1;0;1
"borne-information";1;0;1
"cadastral";1;0;1
"corroyage";1;0;1
"couloir";1;0;1
"flexo";1;0;1
"inolia";1;0;1
"matricules";1;0;1
"message";1;0;1
"nvalides";1;0;1
"symbole";1;0;1
"topos";1;0;1
"tuyaux";1;0;1
"z";1;0;1
"activites-de-loisir";1;0;1
"marseillan";0;1;1
"premier-tour-2017";0;1;1
"buget";0;1;1
"enzo";0;1;1
"jacques";0;1;1
"jean";0;1;1
"laura";0;1;1
"mathieu";0;1;1
"sigalisation-tricolore";0;1;1
"delegation-de-service-public";1;0;1
"adjoint";1;0;1
"developpement-economique-et-urbain";1;0;1
"cours-de-skateboard";0;1;1
"entrainement";0;1;1
"moniteur-de-skateboard";0;1;1
"skateboard";0;1;1
"skateclub";0;1;1
"lurs";1;0;1
"pierrerue";1;0;1
"demilotion";1;0;1
"demolition";1;0;1
"electricicte";1;0;1
"plomberie-cvc";1;0;1
"cloison";1;0;1
"doublage";1;0;1
"categorie-de-rd";1;0;1
"points-repere";1;0;1
"conseil-darrondissement";1;0;1
"communaute-dagglomeration-cannes-lerins";1;0;1
"aristide-berges";1;0;1
"art-nouveau";1;0;1
"art-religieux";1;0;1
"beaux-art";1;0;1
"dauphine";1;0;1
"egyptologie";1;0;1
"ernest-hebert";1;0;1
"ethnologie";1;0;1
"hippolyte-muller";1;0;1
"jacques-joseph-champollion-dit-champollion-figeac";1;0;1
"jean-francois-champollion-dit-champollion-le-jeune";1;0;1
"jean-marie-pirot-alias-arcabas";1;0;1
"maisons-des-illustres";1;0;1
"pes-marches";1;0;1
"revolution-francaise";1;0;1
"egaliteprofessionnelle";1;0;1
"egalitesalariale";1;0;1
"codes-barres";1;0;1
"ean";1;0;1
"gtin";1;0;1
"arto-gorria";1;0;1
"arto-gorria-elkartea";1;0;1
"mais-grand-roux-basque";1;0;1
"gas-in-focus";1;0;1
"rgesn";0;1;1
"certification-environnementale";1;0;1
"green-deal";1;0;1
"saint-clement-sur-durance";1;0;1
"arrondissement-departemental-haute-garonne";1;0;1
"eygliers";1;0;1
"pleaides";1;0;1
"krav-maga";0;1;1
"transition-economique";1;0;1
"a-verifier-1";1;0;1
"territoire-intelligent";0;1;1
"e-cig";0;1;1
"vape";0;1;1
"nowigo-app";1;0;1
"echafaudage";1;0;1
"f-i-s-a-c";1;0;1
"fisac";1;0;1
"la-roque-alric";1;0;1
"mode-de-deplacement";1;0;1
"modene";1;0;1
"magie-blanche-argent";1;0;1
"mots-magiques-pour-attirer-l-argent";1;0;1
"mots-magiques-pour-attirer-largent";1;0;1
"rituel-argent";1;0;1
"rituel-d-argent";1;0;1
"rituel-dargent";1;0;1
"rituel-magie-pour-etre-belle";1;0;1
"rituel-pour-attirer-largent-en-urgence";1;0;1
"rituel-pour-avoir-de-largent-chaque-jour";1;0;1
"rituel-pour-avoir-un-travail";1;0;1
"rituel-pour-devenir-attirant";1;0;1
"rituel-pour-devenir-belle";1;0;1
"rituel-pour-devenir-immortel";1;0;1
"rituel-pour-devenir-loup-garou";1;0;1
"rituel-pour-devenir-magicien";1;0;1
"rituel-pour-devenir-millionnaire";1;0;1
"rituel-pour-devenir-riche";1;0;1
"rituel-pour-devenir-riche-pdf";1;0;1
"rituel-pour-devenir-sorcier";1;0;1
"rituel-pour-devenir-sorciere";1;0;1
"rituel-pour-devenir-un-chat";1;0;1
"rituel-pour-devenir-un-genie";1;0;1
"rituel-pour-devenir-un-loup";1;0;1
"rituel-pour-devenir-un-loup-garou";1;0;1
"rituel-pour-devenir-un-lycan";1;0;1
"rituel-pour-devenir-un-sorcier";1;0;1
"rituel-pour-devenir-une-sorciere";1;0;1
"rituel-pour-devenir-vampire";1;0;1
"rituel-pour-etre-heureux";1;0;1
"rituel-pour-le-travail";1;0;1
"rituel-pour-realiser-un-souhait";1;0;1
"rituel-pour-travail";1;0;1
"rituel-pour-une-metamorphose";1;0;1
"un-rituel";1;0;1
"asn";1;0;1
"avis-dincident";1;0;1
"curietherapie";1;0;1
"inspections";1;0;1
"medecine-nucleaire";1;0;1
"radiotherapie";1;0;1
"e-cfr";1;0;1
"imagerie-ct";1;0;1
"contrat-dintegration-republicaine";1;0;1
"ofii";1;0;1
"actions-phares";1;0;1
"si014";1;0;1
"alliance-athena";1;0;1
"alliances-de-recherche";1;0;1
"maisons-des-sciences-de-lhomme";1;0;1
"ministere-de-lenseignement-superieur-de-la-recherche-et-de-linnovation";1;0;1
"unite-mixte-de-recherche";1;0;1
"environnement-haute-garonne";0;1;1
"inventaires-faune-et-flore";0;1;1
"photos-naturalistes";0;1;1
"forces-de-securite";1;0;1
"equipements-pedagogiques";1;0;1
"frais-de-concours";1;0;1
"estimations-and-identification";0;1;1
"modeling-and-simulation";0;1;1
"autocompletion";0;1;1
"place-de-marche";0;1;1
"suggestion";0;1;1
"lab";1;0;1
"sdev";1;0;1
"decile-remuneration-ministere-interieur";1;0;1
"effectif-ministere-interieur-region";1;0;1
"effectif-ministere-interieur-drh";1;0;1
"extra-financier";1;0;1
"hebergements-des-personnes-agees";1;0;1
"indice-brut";1;0;1
"indice-brut-de-la-fonction-publique";1;0;1
"indice-majore";1;0;1
"indice-majore-de-la-fonction-publique";1;0;1
"indices-bruts";1;0;1
"indices-bruts-de-la-fonction-publique";1;0;1
"indices-majores";1;0;1
"indices-majores-de-la-fonction-publique";1;0;1
"reseaux-et-resilience";1;0;1
"ascenseurs";1;0;1
"equipements-et-services-en-gares";1;0;1
"fanzone";1;0;1
"metiers-de-la-donnee";0;1;1
"comptage-vehicules";1;0;1
"barn";1;0;1
"bic";1;0;1
"bic-is";1;0;1
"bnc";1;0;1
"dgi";1;0;1
"ecoscore";0;1;1
"indice-nova";0;1;1
"listes-de-courses";0;1;1
"produits-indesirables";0;1;1
"point-dindice-majore";1;0;1
"point-dindice-majore-de-la-fonction-publique";1;0;1
"branderion";1;0;1
"invasives";1;0;1
"larmor-plage-1";1;0;1
"locmiquelic-1";1;0;1
"points-d-apport-volontaires";1;0;1
"pont-scorff";1;0;1
"port-louis-1";1;0;1
"queven-1";1;0;1
"reperes-1";1;0;1
"risque-et-securite-risques-sanitaires";1;0;1
"services-et-equipements-publics-points-d-interets";1;0;1
"wikicode";0;1;1
"piscine-1";1;0;1
"radiologie";1;0;1
"sens-interdit";1;0;1
"buszoom";1;0;1
"piegut";1;0;1
"statistiques-cng";1;0;1
"fdl";1;0;1
"fiscalite-locale";1;0;1
"vere-gresigne";1;0;1
"liste-des-marches-2021";1;0;1
"theses-fr";1;0;1
"cd64";1;0;1
"milieux-milieux-naturels";1;0;1
"justificatif";1;0;1
"bureau-de-change";1;0;1
"ze-watt";1;0;1
"arts-vivants";1;0;1
"environemment";1;0;1
"equipement-equipement-collectif";1;0;1
"navigo";1;0;1
"fontainebleau-archives-nationales";1;0;1
"pierrefitte-saint-denis-archives-nationales";1;0;1
"donnees-du-repertoire-des-logements-locatifs-des-bailleurs-sociaux";1;0;1
"rpls2020";1;0;1
"gorenove";0;1;1
"sql";0;1;1
"consommant";0;1;1
"reparateurs";1;0;1
"base-adresse-locale-chelles";1;0;1
"zone-de-cooperation";1;0;1
"hockey";1;0;1
"tir";1;0;1
"mvelo";1;0;1
"elctrical-resistivity";1;0;1
"la-napoule";1;0;1
"3ds";0;1;1
"clavim";1;0;1
"lyceee";1;0;1
"fact";1;0;1
"howmet";1;0;1
"economie-de-proximite";1;0;1
"gestion-de-la-relation-usagers";1;0;1
"gru";1;0;1
"internet-des-objets";1;0;1
"smart-territoires";1;0;1
"reotier";1;0;1
"lait-aop";1;0;1
"lait-fermier";1;0;1
"lait-ossau-iraty";1;0;1
"ossau-iraty";1;0;1
"territoires-connectes";1;0;1
"territoires-intelligents";1;0;1
"usages-innovants";1;0;1
"adjudication";0;1;1
"mobilier-urbain-dinformation";1;0;1
"mui";1;0;1
"petits-pots-pour-bebe";0;1;1
"ptit-baba-bio";0;1;1
"balades-vertes";1;0;1
"convivialisme";0;1;1
"online-slots";1;0;1
"service-telephonique-crous";1;0;1
"services-et-equipements-publics-points-dinterets";1;0;1
"classement-annuel";1;0;1
"contribuer-io";1;0;1
"resistance-to-antibiotics";1;0;1
"referendum-dinitiative-partagee";1;0;1
"liste-des-communes";1;0;1
"brens";1;0;1
"cathelain-abbeville";1;0;1
"lignes-de-transport-scolaire";1;0;1
"conference-de-consensus";1;0;1
"maison-des-citoyens";1;0;1
"pelleautier";1;0;1
"menages-modestes";1;0;1
"anta-hotel";1;0;1
"gyrokinesis";1;0;1
"top100";1;0;1
"musee-picasso";1;0;1
"peril";1;0;1
"cor";1;0;1
"cour-dassises";1;0;1
"fonds-daide-aux-jeunes";1;0;1
"ecole-voile";1;0;1
"fraude-cb";1;0;1
"bond-dissociation-energies";1;0;1
"couche-geologie";1;0;1
"srj";1;0;1
"comcable";1;0;1
"ondes-electromagnatiques";1;0;1
"institut-confucius";1;0;1
"index-de-rues";1;0;1
"decisions-du-president-dagglopolys";1;0;1
"mayre";1;0;1
"hors-echelle";1;0;1
"education-orientation-enseignement-superieur-etudiants-formations-formation-parcoursup-sts-cpge-dut-licence-uai-boursiers-boursier-endo-recrutement-rang-admis-admissibles-places-voeux-demande-offre-etablissement-etablissements-paces-capacite-propositions-proposition-voeu-voeux-voeu-bts-ecole-de-commerce-cpge-integree-a-luniversite-deust-dcg";1;0;1
"servicepublic-fr";1;0;1
"vivre-dans-le-64";1;0;1
"du-travail-et-des-solidarites-de-charente-maritime-direction-departementale-de-lemploi";1;0;1
"50-km-h";1;0;1
"nns";1;0;1
"vehicules-propres";1;0;1
"du-travail-et-des-solidarites-de-lindre-et-loire-direction-departementale-de-lemploi";1;0;1
"zonage-medecin";1;0;1
"du-travail-et-des-solidarites-de-la-moselle-direction-departementale-de-lemploi";1;0;1
"parc-de-camargue";1;0;1
"plans-historiques";1;0;1
"baronnies-provencales";1;0;1
"cico";1;0;1
"du-travail-et-des-solidarites-du-val-doise-direction-departementale-de-lemploi";1;0;1
"risques-sociaux";1;0;1
"direction-regionale-de-lenvironnement-de-lamenagement-et-du-logement-dauvergne-rhone-alpes-dreal-auvergne-rhone-alpes";1;0;1
"komunak";1;0;1
"terres-de-jeux";1;0;1
"main-courrante";1;0;1
"du-travail-et-des-solidarites-des-pyrenees-atlantiques-direction-departementale-de-lemploi";1;0;1
"du-travail-et-des-solidarites-de-la-loire-direction-departementale-de-lemploi";1;0;1
"liste-elus";1;0;1
"magistrat";1;0;1
"atmo-france";1;0;1
"rfp";1;0;1
"controle-biologique";1;0;1
"points-de-regroupement";1;0;1
"grands-sites-de-france";1;0;1
"1968";1;0;1
"nom-habitants";1;0;1
"itinerances";1;0;1
"trevoux";1;0;1
"sde35";1;0;1
"formations-engagees";1;0;1
"territoires-et-ruralites";1;0;1
"environnement-sonore";1;0;1
"ccmp-miribel";1;0;1
"grand-dax";1;0;1
"rpls-par-commune";1;0;1
"landslides";1;0;1
"relation-citoyens";1;0;1
"paio";1;0;1
"foix-varilhes";1;0;1
"argentiere";1;0;1
"technologogies";1;0;1
"donnees-locales";1;0;1
"points-dindices";1;0;1
"appelation-d-039-origine-protegee";1;0;1
"ttk";1;0;1
"me-deplacer";1;0;1
"la-metropole-mobilite";1;0;1
"educateur-technique-specialise";1;0;1
"gonfleur";1;0;1
"qualifications-penales";1;0;1
"cipav";1;0;1
"proch-039-emploi";1;0;1
"habitat-inclusif";1;0;1
"taxe-compensatoire";1;0;1
"conte";1;0;1
"specialites-premiere-generale-effectifs-enseignements-eleves";1;0;1
"direction-generale-pe";1;0;1
"structures-et-ressources-humaines";1;0;1
"pass-num";1;0;1
"drh-titulaire-departs";1;0;1
"photographies-anciennes";1;0;1
"wms-1-3-0";1;0;1
"best-western-gradignan";1;0;1
"zones-de-preemption";1;0;1
"formation-de-sante-ecole-personnel-paramedical";1;0;1
"du-travail-et-des-solidarites-du-var-direction-departementale-de-lemploi";1;0;1
"prix-loyers";1;0;1
"barometre-de-la-science-ouverte";1;0;1
"du-travail-et-des-solidarites-de-la-seine-et-marne-direction-departementale-de-lemploi";1;0;1
"ministere-de-la-transition-ecologique-et-solidaire";1;0;1
"ministere-transports";1;0;1
"pavillon-bleu";1;0;1
"bornes-a-textile";1;0;1
"professeur-des-ecoles";1;0;1
"polyaffiliation";1;0;1
"sites-geologiques";1;0;1
"proxima";1;0;1
"modelling";1;0;1
"direction-departementale-des-territoires-et-de-la-mer";1;0;1
"mutations-a-titre-onereux";1;0;1
"alpe-huez";1;0;1
"regime-de-versement";1;0;1
"saint-crepin";1;0;1
"centre-des-impots";1;0;1
"fonciere-de-parc";1;0;1
"molines";1;0;1
"compteur-electriques";1;0;1
"ers";1;0;1
"smtc-ac";1;0;1
"cedre";1;0;1
"auxiliaires-de-vie";1;0;1
"marche-entree";1;0;1
"trip-updates";1;0;1
"armuriers";1;0;1
"equipements-de-transport";1;0;1
"mesdroitssociaux-gouv-fr";1;0;1
"bioraffinerie";1;0;1
"ngpf";1;0;1
"panneaux-de-signalisation";1;0;1
"bonnespratiques";1;0;1
"france-connect";1;0;1
"bande-podoctatile";1;0;1
"marches-2022";1;0;1
"admnistratif";1;0;1
"caracteristiques-des-retraites";1;0;1
"changement-nom";1;0;1
"motorisees";1;0;1
"direction-du-service-national-et-de-la-jeunesse";1;0;1
"centre-est-isolation";1;0;1
"age-conjoncturel";1;0;1
"beranger-luynes";1;0;1
"restaurant-universitaire";1;0;1
"rnia";1;0;1
"nivellement-general-de-la-polynesie-francaise";1;0;1
"intitule-usager-de-lindicateur";1;0;1
"prevention-des-incendies";1;0;1
"audioprothesiste";1;0;1
"adoux";1;0;1
"paddle";1;0;1
"gauche-republicaine-et-ecologique";1;0;1
"indigo-proprete";1;0;1
"point-dacces-au-droit";1;0;1
"du-travail-et-des-solidarites-de-lherault-direction-departementale-de-lemploi";1;0;1
"pr-sentier-de-promenade-et-randonnee";1;0;1
"cueillette";1;0;1
"prime-a-la-casse";1;0;1
"bornes-de-recharges-pour-vehicules-electrique";1;0;1
"vehicules-faibles-emissions";1;0;1
"pension-totale";1;0;1
"du-travail-et-des-solidarites-de-lisere-direction-departementale-de-lemploi";1;0;1
"gagneraud-salon-2";1;0;1
"eaq";1;0;1
"momunent";1;0;1
"cannes-pays-de-lerins";1;0;1
"valdurenque";1;0;1
"conseil-detat";1;0;1
"risoul";1;0;1
"versement-forfaitaire-unique";1;0;1
"saint-paul-sur-ubaye";1;0;1
"parking-p2";1;0;1
"prime-air-bois";1;0;1
"mecanisme-de-marche";1;0;1
"analgesie";1;0;1
"duree-de-levaluation";1;0;1
"6e";1;0;1
"panneau-solaire";1;0;1
"ministere-ecologie";1;0;1
"credit-dimpot-collaboration-de-recherche";1;0;1
"trafic-voyageurs";1;0;1
"rwanda";1;0;1
"societe-themis";1;0;1
"conseil-administration";1;0;1
"groupes-hors-echelle";1;0;1
"parking-p4";1;0;1
"chabottes";1;0;1
"sso";1;0;1
"point-dindice-brut";1;0;1
"aeroport-beauvais";1;0;1
"gagneraud-petit-quevilly";1;0;1
"cannes-urban-trail";1;0;1
"vallee-des-aux-alpilles";1;0;1
"groupe-demaux";1;0;1
"aide-soignant";1;0;1
"secretariat-general-des-menjs-mesri-departement-de-la-modernisation";1;0;1
"besoin-de-logement";1;0;1
"station-de-potabilisation-de-leau";1;0;1
"situation-economique-et-sociale";1;0;1
"loyer-moyen";1;0;1
"masculin";1;0;1
"electiricte";1;0;1
"du-travail-et-des-solidarites-du-rhone-direction-departementale-de-lemploi";1;0;1
"taux-plein-mv";1;0;1
"aide-medico-psychologique";1;0;1
"rrtl";1;0;1
"biface";1;0;1
"rends-largent";1;0;1
"vinci-autoroutes";1;0;1
"monilinia";1;0;1
"chamonix-bus";1;0;1
"jeunes-non-inseres";1;0;1
"gestion-durable";1;0;1
"autmobile";1;0;1
"rassemblement-national-independants-et-apparentes";1;0;1
"voies-sur-berges";1;0;1
"opticien-lunetier";1;0;1
"gentiles-par-commune";1;0;1
"courcouronnes";1;0;1
"25360";1;0;1
"paes";1;0;1
"xyz";1;0;1
"guillestre";1;0;1
"structures-unites-denseignement-etablissements-ecoles-eple-public-prive-internat-demi-pension-restauration-cite-scolaire-cfa-lycees-colleges-lycees-professionnels";1;0;1
"prenoms-2021";1;0;1
"max-jeune";1;0;1
"perimetres-de-dpu";1;0;1
"technicien-de-laboratoire";1;0;1
"hors-structures";1;0;1
"activites-de-loisirs";1;0;1
"garde-a-domicile-de-jeunes-enfants";1;0;1
"rafp";1;0;1
"faire-gouv-fr";1;0;1
"entreprises-par-commune";1;0;1
"fond-de-perequation";1;0;1
"guide-services-numeriques";1;0;1
"avtns";1;0;1
"dggn";1;0;1
"ministere-cohesion";1;0;1
"action-sociale-et-medico-sociale";1;0;1
"tese";1;0;1
"bande-daide-a-loriantation";1;0;1
"parking-p1";1;0;1
"urban-area";1;0;1
"kone";1;0;1
"primaire-populaire";1;0;1
"tribunaux-de-proximite";1;0;1
"montgaillard";1;0;1
"cvec";1;0;1
"lutte-contre-la-pauvrete-et-les-exclusions";1;0;1
"logement-provisoire";1;0;1
"du-travail-et-des-solidarites-du-puy-de-dome-direction-departementale-de-lemploi";1;0;1
"architecture-remarquable-contemporaine";1;0;1
"enfance-culture";1;0;1
"schema-directeur";1;0;1
"classification-des-cumulants";1;0;1
"lisle-sur-tarn";1;0;1
"ccvba";1;0;1
"population-distribution-demography";1;0;1
"broyage";1;0;1
"trafic-marchandises";1;0;1
"panneaux-cyclables";1;0;1
"info-douanes";1;0;1
"oligarques";1;0;1
"salagon";1;0;1
"infrastructure-recharge-vehicules-electriques";1;0;1
"maroc";1;0;1
"20";1;0;1
"loyer-hlm";1;0;1
"pour-le-climat-et-pour-l-039-emploi";1;0;1
"73213";1;0;1
"sancy";1;0;1
"gentiles-de-france";1;0;1
"arrondissements-haute-garonne";1;0;1
"itzac";1;0;1
"amberieu-en-bugey";1;0;1
"caisse-de-retraite";1;0;1
"jardin-rermarquable";1;0;1
"regime-par-capitalisation";1;0;1
"ville-ecologique";1;0;1
"aspects-sociaux-population";1;0;1
"du-travail-et-des-solidarites-de-la-loire-atlantique-direction-departementale-de-lemploi";1;0;1
"interet-public";1;0;1
"aides-directes";1;0;1
"initiale";1;0;1
"geo-scientifique";1;0;1
"guichet-entreprises-fr";1;0;1
"operation-de-revitalisation-de-territoire";1;0;1
"parc-evenementiel";1;0;1
"services-de-soins-infirmiers";1;0;1
"minutes-notariales";1;0;1
"dg-onacvg";1;0;1
"modem";1;0;1
"orfevre";1;0;1
"matrenite";1;0;1
"du-travail-et-des-solidarites-des-pyrenees-orientales-direction-departementale-de-lemploi";1;0;1
"schema-dintention";1;0;1
"etlab";1;0;1
"urban-hydroecosystems";1;0;1
"secretariat-general-du-ministere-de-la-justice";1;0;1
"perimetres-eligibles";1;0;1
"hauteur-de-marche";1;0;1
"pajemploi";1;0;1
"commune-de-la-possession";1;0;1
"lois-penales";1;0;1
"point-justice";1;0;1
"abdos";1;0;1
"donnees-a-caractere-personnel";1;0;1
"cote-divoire";1;0;1
"resto-u";1;0;1
"du-travail-et-des-solidarites-de-la-saone-et-loire-direction-departementale-de-lemploi";1;0;1
"examen-theorique-general";1;0;1
"conseiller-en-economie-sociale-et-familiale";1;0;1
"fruits-de-mer";1;0;1
"du-travail-et-des-solidarites-de-la-seine-maritime-direction-departementale-de-lemploi";1;0;1
"fauche";1;0;1
"libellus";1;0;1
"chirurgiens-dentiste";1;0;1
"fournisseur-didentite";1;0;1
"substances-naturelles";1;0;1
"colonnes-de-verre";1;0;1
"dft";1;0;1
"fermeture-hivernale";1;0;1
"programme-detudes";1;0;1
"montels";1;0;1
"index-btp";1;0;1
"tribunal-paritaire-des-baux-ruraux";1;0;1
"ponctuelle";1;0;1
"cathelain-hermies";1;0;1
"certificat-de-non-exigibilite";1;0;1
"mutualite-sociale-agricole";1;0;1
"demarches-plaisance-gouv-fr";1;0;1
"personnel-paramedical";1;0;1
"mediateurs-chimiques";1;0;1
"zones-urbanisees";1;0;1
"cour-administrative-dappel";1;0;1
"remollon";1;0;1
"emploi-du-goudron";1;0;1
"s-s-e-s-a-d";1;0;1
"micro-folies";1;0;1
"marc-sa-bruz";1;0;1
"esterel-cote-dazur-agglomeration";1;0;1
"ptit-dej-hotel-bruges";1;0;1
"hlm-loues";1;0;1
"espace-forestier";1;0;1
"nuit-blanche";1;0;1
"saint-palais";1;0;1
"poursuite-detudes";1;0;1
"perimetres-de-droit-de-preemption";1;0;1
"3939";1;0;1
"videofutur";1;0;1
"du-travail-et-des-solidarites-du-nord-direction-departementale-de-lemploi";1;0;1
"tds";1;0;1
"mdpaad";1;0;1
"sarlatbus";1;0;1
"du-travail-et-des-solidarites-de-lain-direction-departementale-de-lemploi";1;0;1
"jeux-federes";1;0;1
"delegataire";1;0;1
"service-daide-et-daccompagnement-a-domicile-pour-personnes-agees";1;0;1
"tissu";1;0;1
"economie-maritime";1;0;1
"parlement-de-toulouse";1;0;1
"tribunaux-judiciaires";1;0;1
"ice-core";1;0;1
"prix-de-loyers";1;0;1
"sdis76";1;0;1
"dlpno-ccsdt";1;0;1
"defm";1;0;1
"regime-par-repartition";1;0;1
"sols-argileux";1;0;1
"datapass";1;0;1
"permis-conduire";1;0;1
"agreges";1;0;1
"direction-generale-de-linsee";1;0;1
"artillerie";1;0;1
"contrat-territoire-lecture";1;0;1
"federation-didentite";1;0;1
"8-tranches";1;0;1
"interpretation";1;0;1
"sante-des-vegetaux";1;0;1
"exploitation-routiere";1;0;1
"decor-surfacique";1;0;1
"releve";1;0;1
"subventions-2022";1;0;1
"eir2012";1;0;1
"alpage";1;0;1
"base-donnees-locales";1;0;1
"senegal-gambie";1;0;1
"rptd";1;0;1
"soins-non-programmes";1;0;1
"congo-rdc";1;0;1
"population-selon-age";1;0;1
"evenement-routier";1;0;1
"production-de-spectacles";1;0;1
"inclusion-financiere";1;0;1
"dos-dane";1;0;1
"podoctatile";1;0;1
"sip";1;0;1
"lisse";1;0;1
"retraite-complementaire";1;0;1
"responsable-de-traitement";1;0;1
"taux-de-vacance";1;0;1
"du-travail-et-des-solidarites-de-cote-dor-direction-departementale-de-lemploi";1;0;1
"quetigny";1;0;1
"rpls2021";1;0;1
"pru-camelias";1;0;1
"cuturel";1;0;1
"ndeg";1;0;1
"cas-usage";1;0;1
"exception-zone-30";1;0;1
"directe";1;0;1
"communaute-de-communes-vallee-des-baux-alpilles";1;0;1
"cat-a";1;0;1
"etablissement-dhebergement-pour-personnes-agees";1;0;1
"datacity";1;0;1
"retraite-etranger";1;0;1
"halle-de-sport";1;0;1
"type-dindicateur";1;0;1
"coeur-de-tarentaise";1;0;1
"10-tranches";1;0;1
"foret-domaniale";1;0;1
"agence-nationale-de-lhabitat";1;0;1
"marie-helene-lafon-bibliotheque-universitaire-lettres";1;0;1
"service-dinsertion-et-de-probation";1;0;1
"observation-participative-et-partagee";1;0;1
"prenoms-2018";1;0;1
"conseils-departementaux-dacces-au-droit";1;0;1
"etablissement-culturel";1;0;1
"zones-a-urbaniser";1;0;1
"lyrique";1;0;1
"le-lauzet-ubaye";1;0;1
"contravention";1;0;1
"tendances";1;0;1
"volontaires-de-paris";1;0;1
"services-du-premier-ministre";1;0;1
"murets";1;0;1
"site-web-dile-de-france-mobilites";1;0;1
"carte-citoyenne";1;0;1
"loi-elan";1;0;1
"age-population";1;0;1
"incunable";1;0;1
"prevoyance";1;0;1
"assis";1;0;1
"circuits-de-bus";1;0;1
"itineraires-de-promenades";1;0;1
"voxusagers";1;0;1
"agenda-de-ministre";1;0;1
"perimetres-de-droit-de-preemption-urbain";1;0;1
"tissus-economique";1;0;1
"defenseur-des-droits";1;0;1
"conventions-de-subventions";1;0;1
"04193";1;0;1
"atd24";1;0;1
"dreets";1;0;1
"demarche-simplifiees";1;0;1
"31-notes-dete";1;0;1
"sud-foncier-eco";1;0;1
"busazur";1;0;1
"communes-deleguees";1;0;1
"pluivalantscot";1;0;1
"agirc";1;0;1
"geopark";1;0;1
"ensembles-intercommunaux";1;0;1
"du-travail-et-des-solidarites-de-la-haute-garonne-direction-departementale-de-lemploi";1;0;1
"aura";1;0;1
"itineraires-de-randonnees";1;0;1
"communes-2022";1;0;1
"plan-regulateur";1;0;1
"lagglo-bus";1;0;1
"data-tourisme";1;0;1
"activite-physique";1;0;1
"du-travail-et-des-solidarites-de-la-manche-direction-departementale-de-lemploi";1;0;1
"faibleemission";1;0;1
"musculaire";1;0;1
"wfs-1-3-0";1;0;1
"webinaire";1;0;1
"reseau-telephonique-mobile";1;0;1
"borne-de-re";1;0;1
"macro-organismes";1;0;1
"maison-dassistants-maternels";1;0;1
"cadre-de-lintervention-socio-educative";1;0;1
"futsal";1;0;1
"segregation-sociale";1;0;1
"haute-provence";1;0;1
"coefficients-des-gradients-dynamiques";1;0;1
"jeux-de-table";1;0;1
"professionnel-de-lappareillage";1;0;1
"captages-sensibles";1;0;1
"pdc";1;0;1
"du-travail-et-des-solidarites-ducalvados-direction-departementale-de-lemploi";1;0;1
"referentiel-structure";1;0;1
"macs";1;0;1
"bdcavite";1;0;1
"occupation-place";1;0;1
"est-ensemble";1;0;1
"5e";1;0;1
"agent-municipal";1;0;1
"diagnostic-energetique-hlm";1;0;1
"monts-dore";1;0;1
"aft";1;0;1
"lanans";1;0;1
"ouvertures-dominicales";1;0;1
"surveillance-continue";1;0;1
"119";1;0;1
"ampoules";1;0;1
"effectifs-allocataires";1;0;1
"cantine-des-ecoles";1;0;1
"inventaire-gestion-et-conservation-des-sols";1;0;1
"domaine-public-routier";1;0;1
"soustons";1;0;1
"information-sonore";1;0;1
"country-dancing-club-lievin";1;0;1
"station-nautique";1;0;1
"du-travail-et-des-solidarites-de-leure-direction-departementale-de-lemploi";1;0;1
"bloctel-gouv";1;0;1
"cadastre-gouv-fr";1;0;1
"administration-et-citoyennete";1;0;1
"rablez";1;0;1
"vars";1;0;1
"micro-organismes";1;0;1
"thlv";1;0;1
"ministere-agriculture";1;0;1
"parkings-securises";1;0;1
"asv";1;0;1
"policier";1;0;1
"gentiles";1;0;1
"du-travail-et-des-solidarites-de-la-vienne-direction-departementale-de-lemploi";1;0;1
"cnmss";1;0;1
"semafibre";1;0;1
"foret-urbaine";1;0;1
"charte-forestiere";1;0;1
"circonsriptions";1;0;1
"maison-de-service-au-public";1;0;1
"caudry";1;0;1
"mra";1;0;1
"demarches-simplifiees";1;0;1
"udi";1;0;1
"peuplier";1;0;1
"zero-gaspillage";1;0;1
"allocataires-de-minima-sociaux";1;0;1
"ppg";1;0;1
"commun-numerique";1;0;1
"politique-ville";1;0;1
"tribunal-administratif";1;0;1
"orizo";1;0;1
"pate-de-maison";1;0;1
"debout";1;0;1
"fauteuil";1;0;1
"mt";1;0;1
"infonet";1;0;1
"61mobility";1;0;1
"cispd";1;0;1
"de-sciences-politiques-et-de-gestion-faculte-de-geographie-et-damenagement-faculte-de-medecine";1;0;1
"sediment-transport";1;0;1
"francerenov";1;0;1
"gouvtech";1;0;1
"vikidia";1;0;1
"vdp";1;0;1
"referendum-initiative";1;0;1
"sir-energie";1;0;1
"comblanchien";1;0;1
"age-insee";1;0;1
"magendarmerie-fr";1;0;1
"tags2";1;0;1
"public-services";1;0;1
"du-travail-et-des-solidarites-du-pas-de-calais-direction-departementale-de-lemploi";1;0;1
"bel-age";1;0;1
"horaires-amenagees";1;0;1
"uritrottoir";1;0;1
"passage-de-lhiver";1;0;1
"du-travail-et-des-solidarites-de-laisne-direction-departementale-de-lemploi";1;0;1
"7e";1;0;1
"habillage-du-plan-surfacique";1;0;1
"liste-des-typologies";1;0;1
"saint-christophe-du-bois";1;0;1
"caisse-nationale-des-allocations-familiales";1;0;1
"islam";1;0;1
"chabestan";1;0;1
"revenu-dactivite";1;0;1
"majoration";1;0;1
"arbre-remarquable";1;0;1
"territoire-corse";1;0;1
"economie-de-la-sante";1;0;1
"fontaine-decorative";1;0;1
"granuleux";1;0;1
"site-internet-cd76";1;0;1
"allobus";1;0;1
"coriolis-telecom";1;0;1
"territoire-zero-chomeur";1;0;1
"labenne";1;0;1
"louhans";1;0;1
"ligne-de-metro";1;0;1
"mentions-legales";1;0;1
"acces-libre";1;0;1
"planification-urbanisme";1;0;1
"decisions-justice";1;0;1
"elecricite";1;0;1
"du-travail-et-des-solidarites-de-la-vendee-direction-departementale-de-lemploi";1;0;1
"infocoverageaccessservice";1;0;1
"du-travail-et-des-solidarites-de-la-somme-direction-departementale-de-lemploi";1;0;1
"psychomotricien";1;0;1
"grand-tranche-age";1;0;1
"debouche";1;0;1
"communaute-de-communes-eguzon-argenton-vallee-de-la-creuse";1;0;1
"fouillouse";1;0;1
"secab-bellignies";1;0;1
"taux-de-remplacement";1;0;1
"evaluation-de-limpact-sur-lenvironnement";1;0;1
"du-ccmacs";1;0;1
"gagneraud-harfleur";1;0;1
"1290";1;0;1
"radar-pedagogique";1;0;1
"green-home";1;0;1
"menages-pauvres";1;0;1
"station-touristique";1;0;1
"rues-aux-ecoles";1;0;1
"srdeii";1;0;1
"gabon";1;0;1
"laboratoire-des-usages-numeriques";1;0;1
"telecomande";1;0;1
"du-travail-et-des-solidarites-de-la-drome-direction-departementale-de-lemploi";1;0;1
"projet-educatif-de-territoire";1;0;1
"speleo";1;0;1
"adr";1;0;1
"1-jeune-1-solution";1;0;1
"outre-mers";1;0;1
"mod";1;0;1
"gentiles-communes";1;0;1
"bsse";1;0;1
"du-travail-et-des-solidarites-de-la-haute-savoie-direction-departementale-de-lemploi";1;0;1
"poincons";1;0;1
"operations-programmees-damelioration-de-lhabitat";1;0;1
"inauguration";1;0;1
"service-de-sante-au-travail";1;0;1
"droit-de-lurbanisme";1;0;1
"h3c";1;0;1
"catalogue-complet";1;0;1
"ippme-absl";1;0;1
"aiguefonde";1;0;1
"contribuer";1;0;1
"deep-ice-cores";1;0;1
"donnees-referentiels";1;0;1
"ville-du-quart-dheure";1;0;1
"saint-martin-de-crau";1;0;1
"nombre-dentreprises";1;0;1
"combien-dentreprise-sur-ma-commune";1;0;1
"service-public-plus";1;0;1
"azimut";1;0;1
"limites-de-territoire";1;0;1
"du-travail-et-des-solidarites-des-alpes-maritimes-direction-departementale-de-lemploi";1;0;1
"commission-daccessibilite";1;0;1
"donnees-standards";1;0;1
"espace-fraicheur";1;0;1
"accords-mets";1;0;1
"natinf";1;0;1
"trotinettes";1;0;1
"racine";1;0;1
"non-permanent";1;0;1
"dhup";1;0;1
"encheres-domaine-gouv-fr";1;0;1
"carte-geologique";1;0;1
"bande-de-delimitation";1;0;1
"carte-nationale-didentite";1;0;1
"espace-candidat-fonction-publique";1;0;1
"allocataires-en-couple";1;0;1
"kenya";1;0;1
"compteur-eau";1;0;1
"bornes-puisage";1;0;1
"eco-paturage";1;0;1
"aquaboulevard";1;0;1
"multifonctionnalite";1;0;1
"rythmes-de-validation";1;0;1
"zone-a-faibles-emissions";1;0;1
"sd-irve";1;0;1
"habitat-urbanisme";1;0;1
"sidec";1;0;1
"dephy";1;0;1
"sonepar";1;0;1
"enseignant-associe";1;0;1
"strategie-marine";1;0;1
"noms-habitants-commune";1;0;1
"age-de-la-population";1;0;1
"opinion-de-la-population";1;0;1
"assemblee-constitutive";1;0;1
"jantan69";1;0;1
"enseignants-titulaires";1;0;1
"allocataires-isoles";1;0;1
"sehv87";1;0;1
"reseau-t2c";1;0;1
"gagneraud-mondeville";1;0;1
"ligne-metro";1;0;1
"vacheres";1;0;1
"label-de-qualite";1;0;1
"oda";1;0;1
"modem-radicaux-et-apparentes";1;0;1
"unite-fonciere";1;0;1
"montvalezan";1;0;1
"provisions-mathematiques";1;0;1
"biocide";1;0;1
"modele-numerique-delevation";1;0;1
"communication-des-archives";1;0;1
"depenses-des-menages";1;0;1
"rousset";1;0;1
"rente-de-reversion";1;0;1
"identification-chat";1;0;1
"securecharge";1;0;1
"universite-de-toulouse";1;0;1
"geographie-2022";1;0;1
"plan-indicateur";1;0;1
"slot-online";1;0;1
"conseiller-formation";1;0;1
"valbus";1;0;1
"expulsions-locatives";1;0;1
"jeunes-diplomes-de-lenseignement-superieur";1;0;1
"filor";1;0;1
"rivage";1;0;1
"soins-critiques";1;0;1
"paleolithique-inferieur";1;0;1
"noailhac";1;0;1
"chef-detablissement-scolaire";1;0;1
"1er-etage";1;0;1
"fructicola";1;0;1
"cannes-data";1;0;1
"extrait-de-casier";1;0;1
"sethd";1;0;1
"kyriad";1;0;1
"puits-de-mine";1;0;1
"maison-dopera";1;0;1
"kaala-gomen";1;0;1
"caisse-dallocation";1;0;1
"maitrise-de-lenergie";1;0;1
"communaute-de-communes-bassin-auterivain";1;0;1
"salin";1;0;1
"lagglo-foix-varilhes";1;0;1
"du-travail-et-des-solidarites-du-gard-direction-departementale-de-lemploi";1;0;1
"rente";1;0;1
"code-sp-indicateur";1;0;1
"ecobox";1;0;1
"station-verte";1;0;1
"nichoirs";1;0;1
"electrical-resistivity";1;0;1
"pna";1;0;1
"age-moyen-hlm";1;0;1
"vichy";1;0;1
"luminosite";1;0;1
"points-dapport-volontaires";1;0;1
"attractivite-des-territoires";1;0;1
"ma-gendarmerie";1;0;1
"igra";1;0;1
"hyper-boissons";1;0;1
"swimrun";1;0;1
"ccfl";1;0;1
"immeuble-en-copropriete";1;0;1
"algerie";1;0;1
"mesures-qualite-eau";1;0;1
"23000-euros";1;0;1
"initiation";1;0;1
"ruch";1;0;1
"saint-etienne-les-orgues";1;0;1
"sages-femme";1;0;1
"politique-donnee";1;0;1
"qovoltis";1;0;1
"voxusager";1;0;1
"73081";1;0;1
"service-telephonique-du-crous";1;0;1
"neem";1;0;1
"bouquin";1;0;1
"assemblee-administrative";1;0;1
"greenland";1;0;1
"educateur-specialise";1;0;1
"ehis";1;0;1
"ergotherapeute";1;0;1
"1860";1;0;1
"cucq";1;0;1
"hotel-de-france";1;0;1
"du-travail-et-des-solidarites-du-vaucluse-direction-departementale-de-lemploi";1;0;1
"anti-bruit";1;0;1
"poussiere-damiante";1;0;1
"gipa";1;0;1
"lire";1;0;1
"details-population-age";1;0;1
"congo-rc";1;0;1
"urssaf-caisse-nationale";1;0;1
"dieteticien";1;0;1
"ffa";1;0;1
"ilot-urbain";1;0;1
"reseau-geodesique";1;0;1
"schema-directeur-des-infrastructures-de-recharge-pour-vehicules-electriques";1;0;1
"depenses-de-minima-sociaux-et-de-la-prime-dactivite";1;0;1
"jamia-madina-tul-nabi";1;0;1
"preproduction-energie";1;0;1
"centre-dincendie-et-de-secours";1;0;1
"irve-sdec23";1;0;1
"egalite-des-chances";1;0;1
"legislatives-election";1;0;1
"collectivites-territoriales-departements";1;0;1
"professionnel-socio-educatif";1;0;1
"du-travail-et-des-solidarites-de-la-gironde-direction-departementale-de-lemploi";1;0;1
"modelis";1;0;1
"caisse-allocation";1;0;1
"aires-de-covoiturages";1;0;1
"lavage";1;0;1
"k-net";1;0;1
"dechet-vegetal";1;0;1
"authentification";1;0;1
"audit-energetique";1;0;1
"du-travail-et-des-solidarites-de-lille-et-vilaine-direction-departementale-de-lemploi";1;0;1
"calcaire";1;0;1
"financements-de-protection-sociale";1;0;1
"mi-ate-national";1;0;1
"sacs-a-proces";1;0;1
"deld";1;0;1
"feuille-de-route-numerique";1;0;1
"goudron";1;0;1
"bachelor-universitaire-de-technologie";1;0;1
"buissard";1;0;1
"agenda-actualite";1;0;1
"plan-rhone";1;0;1
"donneesroutieres";1;0;1
"union-des-democrates-et-independants";1;0;1
"bureau-de-la-communication-et-de-laccueil-des-publics";1;0;1
"materiau-routier";1;0;1
"futur-ligne-de-metro";1;0;1
"du-travail-et-des-solidarites-des-yvelines-direction-departementale-de-lemploi";1;0;1
"jcdecaux";1;0;1
"gel-des-avoirs";1;0;1
"pcpe";1;0;1
"republique-centrafricaine";1;0;1
"picasso";1;0;1
"apa-en-etablissement";1;0;1
"mesures-de-reduction-de-vitesse-en-zone-residentielle";1;0;1
"ados";1;0;1
"2025";1;0;1
"agape-hotel-niort-bessines";1;0;1
"16e";1;0;1
"adml";1;0;1
"week-end";1;0;1
"prix-a-la-consommation";1;0;1
"pimms";1;0;1
"du-travail-et-des-solidarites-du-bas-rhin-direction-departementale-de-lemploi";1;0;1
"points-darrets";1;0;1
"seashore";1;0;1
"habillage-surfacique";1;0;1
"bourgoin-jallieu";1;0;1
"direction-interministerielle-de-transformation-publique";1;0;1
"crevoux";1;0;1
"borne-public";1;0;1
"tonnac";1;0;1
"population-5ans";1;0;1
"velyceo";1;0;1
"fructigena";1;0;1
"projet-dequipement";1;0;1
"colibri";1;0;1
"services-dutilite-publique-communication";1;0;1
"086";1;0;1
"numero-de-telephone";1;0;1
"publication-imprimee";1;0;1
"voie-respiratoire";1;0;1
"perimetre-ort";1;0;1
"cesf";1;0;1
"elecritite";1;0;1
"marque-qualite-tourisme";1;0;1
"openstreetmap-osm";1;0;1
"ecomusee";1;0;1
"qv3";1;0;1
"effia";1;0;1
"gagneraud-st-etienne-du-rouvray";1;0;1
"place-de-lapprentissage-et-des-stages";1;0;1
"patrimoine-mondial-de-l-039-unesco";1;0;1
"ecomoi";1;0;1
"prunel";1;0;1
"maison-du-departement";1;0;1
"liste-des-marches-2022";1;0;1
"audioconf";1;0;1
"fonds-de-carte";1;0;1
"gcms";1;0;1
"services-administratifs";1;0;1
"marche-2022";1;0;1
"vox-usager";1;0;1
"tribunal-pour-enfants";1;0;1
"redistribution";1;0;1
"conciliation-vie-familiale-et-professionnelle";1;0;1
"qowatt";1;0;1
"qualite-des-services-publics";1;0;1
"du-travail-et-des-solidarites-de-la-sarthe-direction-departementale-de-lemploi";1;0;1
"pauvrete-logement-beneficiaires-de-minima-sociaux-et-de-la-prime-dactivite";1;0;1
"organismes-publics-agrees";1;0;1
"direction-des-francais-letranger-et-de-ladministration-consulaire";1;0;1
"statut-lors-du-depart";1;0;1
"frequentation-centre-ville";1;0;1
"politique-associative-et-a-lacces-au-droit";1;0;1
"assistant-de-service-social";1;0;1
"residu-de-broyage";1;0;1
"golbey";1;0;1
"passage-geographie";1;0;1
"conseil-departemental-58";1;0;1
"points-repos";1;0;1
"arbre-a-feuilles-caduques";1;0;1
"manipulateur-erm";1;0;1
"la-baule-escoublac";1;0;1
"slot-online-gacor";1;0;1
"action-logement";1;0;1
"minimum-de-pension";1;0;1
"sno-observil";1;0;1
"cd23";1;0;1
"guerre-1870-1871";1;0;1
"bourgoin";1;0;1
"clicrdv";1;0;1
"dpef";1;0;1
"canons";1;0;1
"secours-viager";1;0;1
"neutralite-carbone";1;0;1
"protection-des-personnes";1;0;1
"inpi-institut-national-de-la-propriete-industrielle";1;0;1
"actes-administratif";1;0;1
"ethiopie";1;0;1
"service-commande-publique";1;0;1
"eco-responsable";1;0;1
"patrimoine-patrimoine-culturel";1;0;1
"autorecharge";1;0;1
"aej";1;0;1
"marc-sa-brest";1;0;1
"sembreizh";1;0;1
"du-travail-et-des-solidarites-de-loise-direction-departementale-de-lemploi";1;0;1
"aiguillage";1;0;1
"canon";1;0;1
"portail-de-lalternance";1;0;1
"sgare";1;0;1
"centre-de-formation-dapprentis-cfa";1;0;1
"lieu-culturel";1;0;1
"machines-a-sous";1;0;1
"ancien-combattant";1;0;1
"salarie-agricole";1;0;1
"acces-au-livre";1;0;1
"cre-pe-dtd-sce-des-plateformes-nord";1;0;1
"indication-geographique-protegee";1;0;1
"services-de-police";1;0;1
"conteneur-enterre";1;0;1
"syndicat-departemental-energie";1;0;1
"automates";1;0;1
"du-travail-et-des-solidarites-du-finistere-direction-departementale-de-lemploi";1;0;1
"georeferencees";1;0;1
"personnel-social-et-educatif";1;0;1
"patrimoine-naturel-zonages-de-protection-de-gestion-ou-dintervention";1;0;1
"nez-de-marche";1;0;1
"elements-de-taxation";1;0;1
"chargepoint";1;0;1
"prime-conversion";1;0;1
"zones-urbaines";1;0;1
"autorisation-durbanisme";1;0;1
"reseaux-hydrographiques";1;0;1
"sciences-de-la-terre";1;0;1
"co-compostage";1;0;1
"analyse-des-besoins-sociaux";1;0;1
"arrondissement-departemental";1;0;1
"renoncements-aux-soins";1;0;1
"parc-d-039-innovation";1;0;1
"professeurs-des-ecoles";1;0;1
"etablissements-sncf";1;0;1
"certificat-de-non-exigibilite-des-droits-de-mutation";1;0;1
"cmuc";1;0;1
"direction-affaires-foncieres";1;0;1
"ecarts-femmes-hommes";1;0;1
"rene-even";1;0;1
"titres-restaurants";1;0;1
"ecophysiology";1;0;1
"creation-artistique";1;0;1
"beneficiaires-de-minima-sociaux";1;0;1
"mairie-caudebec-les-elbeuf";1;0;1
"slot-gacor-online";1;0;1
"degat";1;0;1
"habitat-logement";1;0;1
"info-retraite";1;0;1
"communaute-dagglomeration-accm";1;0;1
"hybride-rechargeable";1;0;1
"cameroun";1;0;1
"moniteur-educateur";1;0;1
"travail-temporaire";1;0;1
"le-chesnay";1;0;1
"ministere-de-lagriculture";1;0;1
"phare";1;0;1
"lignes-expresses-regionales";1;0;1
"pass-culture";1;0;1
"stran";1;0;1
"attaques";1;0;1
"groupement-de-cms";1;0;1
"mutuelles";1;0;1
"bureau-detudes";1;0;1
"anciennete-hlm";1;0;1
"knet";1;0;1
"trimestres-assimiles";1;0;1
"bassin-decoratif";1;0;1
"droit-de-preemption-urbain";1;0;1
"nouvelle-technologie";1;0;1
"dispositifs-dentreprises";1;0;1
"operation-libre";1;0;1
"tags3";1;0;1
"arretes-de-voirie";1;0;1
"dpe-hlm";1;0;1
"laxa";1;0;1
"technicien-de-lintervention-sociale-et-familiale";1;0;1
"budget-primitif-2022";1;0;1
"centre-de-doc";1;0;1
"population-selon-lage";1;0;1
"educateur-de-jeunes-enfants";1;0;1
"bases-de-donnees";1;0;1
"soft-power";1;0;1
"paiement-cb";1;0;1
"cam-autobus-monaco-monegasque-principaute-reseau";1;0;1
"aides-indirectes";1;0;1
"voie-exceptionnelle";1;0;1
"infectious-emergence";1;0;1
"instituteur";1;0;1
"bapteme";1;0;1
"la-roche-des-arnauds";1;0;1
"prime-a-la-conversion";1;0;1
"encheres-domaine";1;0;1
"base-dadresses-locales";1;0;1
"etablissement-daide-sociale-a-lenfance";1;0;1
"region-bretagne";1;0;1
"algo";1;0;1
"examen-concours";1;0;1
"hagetmau";1;0;1
"personnel-medical";1;0;1
"valleuses";1;0;1
"base-donnees-locales-service-public-fr";1;0;1
"jeunes-en-difficulte-de-lecture";1;0;1
"du-travail-et-des-solidarites-des-bouches-du-rhone-direction-departementale-de-lemploi";1;0;1
"acte-etat-civil";1;0;1
"microentreprises";1;0;1
"tnl";1;0;1
"cite-emploi";1;0;1
"reduction-des-dechets-a-la-source";1;0;1
"structure-administrative";1;0;1
"place-reservee";1;0;1
"arceaux-velos";1;0;1
"parking-p3";1;0;1
"direction-departementale-des-territoires";1;0;1
"laye";1;0;1
"commission-du-contentieux-stationnement-payant";1;0;1
"liste-entreprises";1;0;1
"transport-marchandise";1;0;1
"bornes-de-recharges";1;0;1
"espaces-jeunes";1;0;1
"assistant-social";1;0;1
"pourriture-brune-de-la-peche";1;0;1
"du-travail-et-des-solidarites-des-cotes-darmor-direction-departementale-de-lemploi";1;0;1
"ascension";1;0;1
"du-travail-et-des-solidarites-du-loiret-direction-departementale-de-lemploi";1;0;1
"salle-de-cinema";1;0;1
"je-reside-a-letranger";1;0;1
"place-de-lemploi-public";1;0;1
"tlv";1;0;1
"conseil-de-lordre";1;0;1
"bassin-de-retenue";1;0;1
"pouembout";1;0;1
"cheque-emploi";1;0;1
"amp";1;0;1
"fablio";1;0;1
"series-longues";1;0;1
"pleine-nature";1;0;1
"avts";1;0;1
"curbans";1;0;1
"cletc";1;0;1
"valenciennes";1;0;1
"mairie-de-secteur";1;0;1
"commissaires-aux-comptes";1;0;1
"protection-de-la-sante";1;0;1
"droit-de-preemption";1;0;1
"ceillac";1;0;1
"opposition-demarchage-telephonique";1;0;1
"yego";1;0;1
"lidl";1;0;1
"muslims";1;0;1
"tourisme-et-handicap";1;0;1
"choeur";1;0;1
"budget-des-collectivites";1;0;1
"reseauroutier";1;0;1
"potentiel-de-minimisation-des-dechets";1;0;1
"jantan-69";1;0;1
"cour-criminelle-departementale";1;0;1
"adresses-couverture-temporelle-ne-rien-renseigner";1;0;1
"publicite-fonciere";1;0;1
"jeux-dargent";1;0;1
"igrs";1;0;1
"nombre-de-salaries";1;0;1
"brones-de-recharge-electrique";1;0;1
"poste-monitore";1;0;1
"cacpl";1;0;1
"usuel";1;0;1
"identification-chien";1;0;1
"marc-sa-pleutuit";1;0;1
"arbre-signal";1;0;1
"eleves-handicapes";1;0;1
"pretraitement";1;0;1
"amberieu";1;0;1
"schema-regional-de-developpement-economique-d-039-innovation-et-d-039-internationalisation";1;0;1
"guinee-equatoriale";1;0;1
"identite-numerique";1;0;1
"gares-de-voyageurs-sncf";1;0;1
"points-dindices-bruts";1;0;1
"utilisation-domestique";1;0;1
"mediterranean-coastal-river";1;0;1
"plantes-de-services";1;0;1
"compte-ameli";1;0;1
"vagney";1;0;1
"imprimerie";1;0;1
"age-quinquennal";1;0;1
"zonage-zonage-paysager";1;0;1
"tribunal-de-proximite";1;0;1
"dcm";1;0;1
"saint-pierre-de-mezoargues";1;0;1
"si006";1;0;1
"bloctel";1;0;1
"73222";1;0;1
"la-boutique-du-menuisier";1;0;1
"plans-anciens";1;0;1
"loi-de-programmation-militaire";1;0;1
"acrretion";1;0;1
"habitabilite";1;0;1
"etablissement-pour-adultes-en-difficulte-sociale";1;0;1
"candidats-conseil-conseil-constitutionnel-constitution-constitutionnel-election-presidentielle-elections-parrainages-presidentielle-presidentielle2022";1;0;1
"enseignant-invite";1;0;1
"relation-sante-environnement";1;0;1
"agence-france-tresor";1;0;1
"age-detaille";1;0;1
"halles";1;0;1
"mdr";1;0;1
"accessibilite-geographique";1;0;1
"production-consolidee";1;0;1
"services-numeriques-intermodaux";1;0;1
"gardien-de-la-paix";1;0;1
"pouvoir-de-police";1;0;1
"mandat-regional";1;0;1
"generation-1958";1;0;1
"communicatio";1;0;1
"tranche-deffectif-salarie-de-lentreprise";1;0;1
"observil";1;0;1
"vox";1;0;1
"titre-emploi-service-entreprise";1;0;1
"bouygues-telecom";1;0;1
"rubis";1;0;1
"interet-historique";1;0;1
"age-par-grande-tranche";1;0;1
"max-senior";1;0;1
"eqcc";1;0;1
"seance-pmi";1;0;1
"insurtech";1;0;1
"victimation";1;0;1
"alerts";1;0;1
"centre-de-formalites-des-entreprises";1;0;1
"viager";1;0;1
"val-disere";1;0;1
"vitesses-maximales";1;0;1
"cite-educative";1;0;1
"couverture-du-sol";1;0;1
"domaine-de-joreau";1;0;1
"soins-intensifs";1;0;1
"sondes";1;0;1
"la-roche-de-rame";1;0;1
"medecine-du-travail";1;0;1
"wild-fauna";1;0;1
"population-quinquennal";1;0;1
"acide-dilue";1;0;1
"3cm";1;0;1
"service-daide-a-domicile";1;0;1
"ddt";1;0;1
"urbanisme-foncier";1;0;1
"patrimoine-mondial-de-l-039-humanite";1;0;1
"rives-de-saone";1;0;1
"du-travail-et-des-solidarites-de-la-meurthe-et-moselle-direction-departementale-de-lemploi";1;0;1
"residences-universitaires";1;0;1
"bassin-de-retention-des-crues";1;0;1
"nomade";1;0;1
"afg";1;0;1
"etablissements-petit-enfance";1;0;1
"vehicules-hybride-rechargeables";1;0;1
"asi";1;0;1
"brumisateur";1;0;1
"lecompteasso-associations-gouv-fr";1;0;1
"pack-communautaire";1;0;1
"igrm";1;0;1
"orientation-et-accompagnement";1;0;1
"contraste-visuel";1;0;1
"action-sociale-communale";1;0;1
"geopackage";1;0;1
"equipements-publics-equipements-publics";1;0;1
"passage-etroit";1;0;1
"atelier-artistique";1;0;1
"majorite-regionale-republicains-et-independants";1;0;1
"voie-ferree-a-grande-vitesse";1;0;1
"rthr";1;0;1
"v2014";1;0;1
"20-km-h";1;0;1
"la-possession";1;0;1
"info-escroqueries";1;0;1
"printemps";1;0;1
"04102";1;0;1
"tribunal-de-commerce";1;0;1
"direction-generale-des-douanes-et-droits-indirects";1;0;1
"musee-darcheologie";1;0;1
"gentiles-commune";1;0;1
"evolutions-des-surfaces";1;0;1
"resistant";1;0;1
"comptes-financiers";1;0;1
"objectifs-de-developpement-durable";1;0;1
"produits-retraite-supplementaire";1;0;1
"saonibus";1;0;1
"neobus";1;0;1
"taille-entreprise";1;0;1
"date-de-debut-de-levaluation";1;0;1
"operation-grand-site";1;0;1
"gennes";1;0;1
"ntru";1;0;1
"dbt";1;0;1
"affaires-militaires";1;0;1
"jhabite-a-letranger";1;0;1
"data-inclusion";1;0;1
"mets";1;0;1
"villaines-sous-bois";1;0;1
"cumul-emploi-retraites";1;0;1
"accouchements";1;0;1
"framalibre";1;0;1
"du-travail-et-des-solidarites-du-morbihan-direction-departementale-de-lemploi";1;0;1
"centre-exploitation";1;0;1
"prime-dactivite";1;0;1
"beauvais-sur-tescou";1;0;1
"morvan";1;0;1
"mrri";1;0;1
"perceval";1;0;1
"standard-cnig-cc";1;0;1
"fondation-de-demain";1;0;1
"30-km-h";1;0;1
"rfn";1;0;1
"madina";1;0;1
"wcs";1;0;1
"point-apport-volontaire";1;0;1
"formation-sociale";1;0;1
"mtfp";1;0;1
"changement-de-patronyme";1;0;1
"commissariat-de-police";1;0;1
"densite-infirmiers";1;0;1
"liquidant";1;0;1
"regime-principal";1;0;1
"plus-beaux-detours-de-france";1;0;1
"meteo-synop-omm-meteorologie-temperature-pression-humidite-vent-athmospherique";1;0;1
"organisme-associe";1;0;1
"dss";1;0;1
"jet-deau";1;0;1
"communaute-de-communes-du-val-dessonne";1;0;1
"politiques-educatives";1;0;1
"05044";1;0;1
"comptages-pietons";1;0;1
"sport-jeux-olympiques-label";1;0;1
"du-travail-et-des-solidarites-de-la-maine-et-loire-direction-departementale-de-lemploi";1;0;1
"seine-essonne-tres-haut-debit";1;0;1
"contentieux-stationnement";1;0;1
"equipements-batiments-logements-et-services-publics";1;0;1
"intitule-original-de-lindicateur";1;0;1
"zone-20";1;0;1
"aic";1;0;1
"arretes-temporaires-de-circulation";1;0;1
"label-alimentaire";1;0;1
"population-5-ans";1;0;1
"fessier";1;0;1
"alpha-cie";1;0;1
"schema-accessibilite";1;0;1
"niveau-detudes";1;0;1
"8e";1;0;1
"guinee";1;0;1
"28000";1;0;1
"gre";1;0;1
"maquis";1;0;1
"prix-des-carburants";1;0;1
"dissolution-pacs";1;0;1
"poin-de-vente";1;0;1
"fit";1;0;1
"jeunes-non-diplomes";1;0;1
"peripherique";1;0;1
"wms-1-1-1";1;0;1
"ruban";1;0;1
"centres-de-sante-sexuelle";1;0;1
"nombre-d-entreprises";1;0;1
"cabrache";1;0;1
"yannick-jadot";0;1;1
"vaccination-monkeypox";0;1;1
"carte-radars-fixes";0;1;1
"desigeo";0;1;1
"cyberharcelement";0;1;1
"prix-carburants-stations-electiques";0;1;1
"repertoire-specifique";0;1;1
"addon";0;1;1
"nicolas-dupont-aignan";0;1;1
"resultats-presidentielles-2022";0;1;1
"adoptions-internationales";0;1;1
"aide-domicile";0;1;1
"laboratoire-analyse";0;1;1
"czechia";0;1;1
"jean-lassalle";0;1;1
"data4good";0;1;1
"arbre-en-ville";0;1;1
"henoo";0;1;1
"altimetre";0;1;1
"pharmacies-bordeaux";0;1;1
"trame-arboree";0;1;1
"data-analyst";0;1;1
"vacciner-pharmacie";0;1;1
"eric-zemmour";0;1;1
"timelapse";0;1;1
"imprimeurs";0;1;1
"zipcode";0;1;1
"vallee-sud-grand-paris";0;1;1
"annuaire-cliniques";0;1;1
"validation";0;1;1
"potentiel-radon";0;1;1
"postal-codes";0;1;1
"presidentiel";0;1;1
"emplacement-radars-automatiques";0;1;1
"annuaire-entreprise";0;1;1
"vaccination-variole-singe";0;1;1
"2eme-tour-presidentielle-2022";0;1;1
"carte-parking-covoit";0;1;1
"radiactivite";0;1;1
"controle-technique-voiture";0;1;1
"ksptv-computer-studio";0;1;1
"reprise-entreprise";0;1;1
"ehpad-france";0;1;1
"prsf";0;1;1
"nodejs";0;1;1
"proleads";0;1;1
"prix-de-limmobilier-en-france";0;1;1
"irl";0;1;1
"couches";0;1;1
"legislatives-2022";0;1;1
"emplacement-radars";0;1;1
"laboratoire-analyse-autour-de-ma-position";0;1;1
"carburant-prix-coutant";0;1;1
"vacciner-grippe";0;1;1
"impot-locaux";0;1;1
"prix-carburant-moins-cher";0;1;1
"reseau-immobilier";0;1;1
"landerneau";0;1;1
"prix-ehpad";0;1;1
"tool";0;1;1
"trouver-clinique-proche";0;1;1
"metre";0;1;1
"bnzfe";0;1;1
"bd-topo-ign";0;1;1
"velo-en-libre-service";0;1;1
"pharmacies-paris";0;1;1
"klaxit";0;1;1
"machine-actionable-dmp";0;1;1
"bailly";0;1;1
"estimation-gratuite-de-bien-immobilier";0;1;1
"pharmacies-marseille";0;1;1
"vacciner-grippe-pharmacie";0;1;1
"deco";0;1;1
"ehpad-paris";0;1;1
"service-securite";0;1;1
"dechets-nuleaires";0;1;1
"essence-prix-coutant";0;1;1
"pharmacies-nice";0;1;1
"inventaire-forestier";0;1;1
"controle-technique-pas-cher";0;1;1
"pharmacies-lyon";0;1;1
"spatial";0;1;1
"point-de-recharge-electrique";0;1;1
"cout-ehpad";0;1;1
"finland";0;1;1
"douarnenez";0;1;1
"passsanitaire";0;1;1
"auray";0;1;1
"vaccin-grippe";0;1;1
"rgdp";0;1;1
"francerelance";0;1;1
"zones-franches-urbaines";0;1;1
"moteur-de-recherche-entreprise";0;1;1
"discord";0;1;1
"pharmacies-dijon";0;1;1
"lissage";0;1;1
"radars-fixes";0;1;1
"etudes-scientifiques";0;1;1
"trouver-aide-domicile";0;1;1
"pgd";0;1;1
"vitre";0;1;1
"autocerfa";0;1;1
"pharmacies-lille";0;1;1
"carte-parking-covoiturage";0;1;1
"philippe-poutou";0;1;1
"observation-de-la-terre";0;1;1
"zone-a-faibles-emissions-mobilite";0;1;1
"centres-de-sante";0;1;1
"avis-restaurant";0;1;1
"tableau-parrainages";0;1;1
"annuaire-clinique";0;1;1
"frenchfab";0;1;1
"zone-abc";0;1;1
"valerie-pecresse";0;1;1
"requetes-get";0;1;1
"permis-1-euro-par-jour";0;1;1
"silhouette";0;1;1
"carte-aires-covoiturage";0;1;1
"fonds-publics";0;1;1
"eige";0;1;1
"dfi";0;1;1
"pgd-activable";0;1;1
"bande-annonce";0;1;1
"programme-147";0;1;1
"recherche-juridique";0;1;1
"parrainage-presidentielle";0;1;1
"plan-de-gestion-de-donnees";0;1;1
"metiers-darts";0;1;1
"emplacement-radars-fixes";0;1;1
"centre-de-sante-position";0;1;1
"centre-de-sante-autour";0;1;1
"vegetation-rubaine";0;1;1
"postcode";0;1;1
"annuaire-ehpad";0;1;1
"borne-recharge";0;1;1
"data-gov-uk";0;1;1
"centre-vaccination-variole-singe";0;1;1
"vaccin-variole-singe";0;1;1
"observable";0;1;1
"penurie-carburant";0;1;1
"service-aide-domicile";0;1;1
"validator";0;1;1
"annuaire-hopitaux";0;1;1
"borne-recharge-electrique";0;1;1
"crm";0;1;1
"swi";0;1;1
"prix-carburant-pas-cher";0;1;1
"parrainages-jean-lassalle";0;1;1
"estimation-gratuite-appartement";0;1;1
"resultats-presidentielle-2017";0;1;1
"parrainages-anne-hidalgo";0;1;1
"french-fab";0;1;1
"elections2022";0;1;1
"trouver-laboratoire-analyse";0;1;1
"centre-de-sante-proche";0;1;1
"switzerland";0;1;1
"trouver-soins-infirmeirs-domicile";0;1;1
"features-importances";0;1;1
"carburant-moins-cher";0;1;1
"vaccin-monkeypox";0;1;1
"plans-exposition-bruit";0;1;1
"prix-carburant";0;1;1
"united-kingdom";0;1;1
"peers";0;1;1
"parking-covoiturage";0;1;1
"repertoire-parc-locatif-bailleurs-sociaux";0;1;1
"pharmacies-rennes";0;1;1
"activites-locales";0;1;1
"application-web";0;1;1
"social-environment";0;1;1
"estonia";0;1;1
"vaccin-grippe-pharmacie";0;1;1
"zip-codes";0;1;1
"road-safety";0;1;1
"eau-baignade";0;1;1
"hopital-proche";0;1;1
"nathalie-arthaud";0;1;1
"cout-du-m2";0;1;1
"vaccination-pharmacie";0;1;1
"numpy";0;1;1
"indice-uv";0;1;1
"elections-france";0;1;1
"libraires";0;1;1
"estimation-gratuite-avec-base-dvf";0;1;1
"ressources-florales";0;1;1
"prix-essence-moins-cher";0;1;1
"morlaix";0;1;1
"chronophage";0;1;1
"cartographie-de-la-vegetation";0;1;1
"carte-des-bornes-de-recharge";0;1;1
"bash";0;1;1
"norway";0;1;1
"zones-revitalisation-rurale";0;1;1
"pharmacies-toulouse";0;1;1
"laboratoire-analyse-autour";0;1;1
"quimperle";0;1;1
"resultats-2nd-tour-presidentielle-2022";0;1;1
"langue-francaise";0;1;1
"neologismes";0;1;1
"trustii";0;1;1
"entreprises-locales";0;1;1
"gouvernance-de-la-donnee";0;1;1
"metro-paris";0;1;1
"lien-dinteret";0;1;1
"fabien-roussel";0;1;1
"metro-france";0;1;1
"extrait-d1";0;1;1
"pollution-visuelle";0;1;1
"npm";0;1;1
"monitoring";0;1;1
"ph-d-students";0;1;1
"anne-hidalgo";0;1;1
"svg";0;1;1
"carte-choroplethe";0;1;1
"arz";0;1;1
"lignes-sncf";0;1;1
"financement-permis";0;1;1
"politique-de-la-donnee";0;1;1
"regex";0;1;1
"annuaire-hopital";0;1;1
"qualiopi";0;1;1
"cideoprotection";0;1;1
"ploermel";0;1;1
"chrome";0;1;1
"pgi";0;1;1
"avis-auto-ecole";0;1;1
"oad";0;1;1
"parrainages-nathalie-arthaud";0;1;1
"data-management-plan";0;1;1
"presidentielles-2022";0;1;1
"nombre-parrainages";0;1;1
"cap-cotentin";0;1;1
"vaccin-pharmacie";0;1;1
"augmentation-annuelle-des-loyers";0;1;1
"annuaire-maisons-de-retraite";0;1;1
"indice-de-position-sociale";0;1;1
"controle-technique-contre-visite";0;1;1
"laboratoire-analyse-proche";0;1;1
"odre";0;1;1
"edof";0;1;1
"maison-de-retraite-france";0;1;1
"dublines";0;1;1
"iceland";0;1;1
"rshiny";0;1;1
"supervisor";0;1;1
"dgefp";0;1;1
"italy";0;1;1
"acces-au-droit";0;1;1
"dmp";0;1;1
"sirse";0;1;1
"metrique";0;1;1
"parrainages-departement";0;1;1
"connexion-internet";0;1;1
"vente-de-site";0;1;1
"densification";0;1;1
"prix-essence-pas-cher";0;1;1
"financement-politique";0;1;1
"web-app";0;1;1
"clinique-proche";0;1;1
"resultats-2eme-tour-presidentielle-2022";0;1;1
"rsch";0;1;1
"estimation-gratuite-maison";0;1;1
"google-chrome";0;1;1
"api-adresses";0;1;1
"recharge-voiture-hybride";0;1;1
"campagnes-de-mesures";0;1;1
"dix-neuvieme-siecle";0;1;1
"auto-ecole-de-conduite";0;1;1
"prix-maison-de-retraite";0;1;1
"parrainages-presidentielle-2022";0;1;1
"centre-sante";0;1;1
"certification-professionnelle";0;1;1
"resultats-presidentielle-2022";0;1;1
"sans-voiture";0;1;1
"pci-image";0;1;1
"lieu-vaccination-variole-singe";0;1;1
"belgium";0;1;1
"vaccination-grippe-pharmacie";0;1;1
"parrainages-valerie-pecresse";0;1;1
"penurie-essence";0;1;1
"plan-canopee";0;1;1
"laboratoire-analyse-autour-de-moi";0;1;1
"address-validation";0;1;1
"2nd-tour-presidentielle-2022";0;1;1
"api-dfi";0;1;1
"trouver-hopital-proche";0;1;1
"tarif-ehpad";0;1;1
"add-on";0;1;1
"recharge-voiture-electrique";0;1;1
"nombre-de-voix";0;1;1
"koumoul";0;1;1
"ecole-de-management";0;1;1
"formation-permis";0;1;1
"liste-parrainages";0;1;1
"carte-radars-automatiques";0;1;1
"aires-covoit";0;1;1
"productivity-determinants";0;1;1
"egalite-de-genre";0;1;1
"scoring";0;1;1
"variole-du-singe";0;1;1
"point-dancrage";0;1;1
"parrainages-emmanuel-macron";0;1;1
"syndic";0;1;1
"pharmacies-st-etienne";0;1;1
"soin-infirmier";0;1;1
"regular-expression";0;1;1
"quizz";0;1;1
"2010-2017";1;0;1
"zones-administratives-de-surveillance";1;0;1
"expo-pop";1;0;1
"contrat-dapprentissage";1;0;1
"voies-et-zones-bruyantes";1;0;1
"voies-sonores";1;0;1
"blls";1;0;1
"lieu-de-stationnement";1;0;1
"schema-bal";1;0;1
"service-consommateur";0;1;1
"vigneron";0;1;1
"cnfs";1;0;1
"capl";1;0;1
"preventive";1;0;1
"acheologie";1;0;1
"doleance";1;0;1
"share-capital";1;0;1
"permanence-de-proximite";1;0;1
"nuclear";1;0;1
"reserve-secondaire";1;0;1
"secondary-reserve";1;0;1
"e-totem";1;0;1
"requeteur";0;1;1
"livestock";1;0;1
"feeding";1;0;1
"drinking";1;0;1
"rench-national-mortality-database";0;1;1
"medical-informatics-applications";0;1;1
"medical-record-linkage";0;1;1
"informatique-medicale";0;1;1
"entrepot-de-donnee-de-sante";0;1;1
"chainage";0;1;1
"data-reuse";0;1;1
"clinical-informatics";0;1;1
"clinical-data-warehouse";0;1;1
"data-warehousing";0;1;1
"french-national-moratlity-database";0;1;1
"borne-pu";1;0;1
"trace-tcsp";1;0;1
"decor-ponctuel";1;0;1
"tansport";1;0;1
"gares-tgv";0;1;1
"sallanches";1;0;1
"donnees-peronnelles";1;0;1
"gtfs-flex";1;0;1
"perimetre-debroussaillement";1;0;1
"obligations-legales-debroussaillement";1;0;1
"old";1;0;1
"irve77";1;0;1
"loi-climat-et-resilience";1;0;1
"droits-demarches";1;0;1
"marketing-digital";1;0;1
"mbamci";1;0;1
"yea";1;0;1
"installations-sportives";1;0;1
"lyon-parc-auto";1;0;1
"thd-tres-haut-debit";1;0;1
"revenu-de-solidarite-active-rsa";1;0;1
"blod-boucle-locale-optique-dediee";1;0;1
"rebooteille";1;0;1
"ftto-fiber-to-the-office";1;0;1
"dsp-delegation-de-service-public";1;0;1
"topographies";1;0;1
"grand-lyon-thd";1;0;1
"finances-publiques-compte-administratif-compte-de-gestion-fiscalite-locale";1;0;1
"lpa-co";1;0;1
"rip-reseau-dinitiative-publique";1;0;1
"culture-services-utilite-publique-et-services-publics";1;0;1
"cmp";1;0;1
"effet-climatique";1;0;1
"lpa-and-co";1;0;1
"kauin";1;0;1
"mot-clee";0;1;1
"cd04";1;0;1
"bac-a-vetements";1;0;1
"jhayatahatyunium";1;0;1
"transdev-rouen";1;0;1
"mot1";1;0;1
"cd22";1;0;1
"mot2";1;0;1
"ipv6";1;0;1
"ipv4";1;0;1
"carte-ipv6";1;0;1
"utilisation-ipv6";1;0;1
"top100-ipv6";1;0;1
"apnic";1;0;1
"alamai";1;0;1
"scrip-script-t-img-src-q-onerror-prompt-8";1;0;1
"teara";1;0;1
"cambrai";1;0;1
"communaute-dagglomeration-de-cambrai";1;0;1
"tuc";1;0;1
"biographie";1;0;1
"recueil-des-arretes-et-decisions";1;0;1
"presidence-du-conseil-regional";1;0;1
"lemet";1;0;1
"conseiller-numerique";1;0;1
"epidemiosurveillance";0;1;1
"recepisse";0;1;1
"reconnu-garant-de-lenvironnement";0;1;1
"professionels-du-bio";0;1;1
"certificat";0;1;1
"agencebio";0;1;1
"annuaire-des-elus";1;0;1
"executif";1;0;1
"liste-des-marches-2023";1;0;1
"decouvertes";1;0;1
"meconduites";0;1;1
"fleuves";0;1;1
"dataframe";0;1;1
"kd";1;0;1
"maisons-dedition";0;1;1
"sensibilite-eolienne";1;0;1
"123";1;0;1
"bassins-dair";1;0;1
"oxyde-dazote";1;0;1
"houppier";1;0;1
"mairie-lille";1;0;1
"stations-de-tramway";1;0;1
"etudes-de-sols";1;0;1
"damo";1;0;1
"surface-arboree";1;0;1
"la-batie-neuve";1;0;1
"metiers-de-la-securite-sociale";1;0;1
"afd-groupe";1;0;1
"fiber-to-the-home";1;0;1
"mandataire-immobilier";1;0;1
"bsk-immobilier";1;0;1
"reseau-mandataire-immobilier";1;0;1
"agent-commercial-immobilier";1;0;1
"bouloc";1;0;1
"france-service";0;1;1
"structures-amdinitratives";0;1;1
"besoin-de-main-doeuvre";0;1;1
"forets-publiques";0;1;1
"greffiers";1;0;1
"0111z";1;0;1
"securite-1";1;0;1
"donnees-ouvertes-2";1;0;1
"sdis64";1;0;1
"effets-indesirables";0;1;1
"erreurs-medicamenteuses";0;1;1
"rupture-de-stock";0;1;1
"entrepreneurs-dinteret-general";0;1;1
"base-adresses-locale";1;0;1
"recherche-et-innovation";1;0;1
"affaires-sociales";1;0;1
"ssim";1;0;1
"schema-gouv-fr";1;0;1
"sdage2016";1;0;1
"edl2013";1;0;1
"edl2019";1;0;1
"raman";1;0;1
"evoo";1;0;1
"derivation";1;0;1
"pressions-morphologiques";1;0;1
"mefm";1;0;1
"sdde";1;0;1
"population-20-64-ans-evolution";1;0;1
"agriculture-restauration-collective-offre-demande-lait";1;0;1
"0119z";1;0;1
"air-qualite-index-so2";1;0;1
"agriculture-restauration-collective-offre-demande-oeufs";1;0;1
"occupation-des-sols-impermeabilisation-des-sols";1;0;1
"population-65-ans-taux-de-dependance-economique";1;0;1
"agriculture-restauration-collective-offre-demande-pommes-de-terre";1;0;1
"gastronomie-restaurants-etoile-verte-tourisme-michelin";1;0;1
"agriculture-restauration-collective-demande-fruits";1;0;1
"eau-souterraine-etat";1;0;1
"population-65-ans";1;0;1
"administration-entites-limites-2022";1;0;1
"infrastructure-transport";1;0;1
"infrastructure-transport-marchandises-supraregional";1;0;1
"unesco-culture-tourisme";1;0;1
"agriculture-restauration-collective-offre-legumes";1;0;1
"amenagement-du-territoire-zones-fonctionnelles-transfrontalieres";1;0;1
"80-ans-places-dhebergement-personnes-agees";1;0;1
"unigr-formations-transfrontalieres-ingenierie-production-construction";1;0;1
"population-taux-de-croissance-annuel-moyen";1;0;1
"tourisme-culture-sites-memoire-guerre";1;0;1
"agriculture-restauration-collective-offre-fruits";1;0;1
"energie-eolien";1;0;1
"nature-environnement-protection-reserve-de-biosphere-delimitation";1;0;1
"nature-environnement-grille-eea";1;0;1
"accessibilite-transport-individuel-motorise-poles-superieurs";1;0;1
"sunflower";1;0;1
"nature-environnement-euplagia-quadripunctaria";1;0;1
"agriculture-agriculture-biologique";1;0;1
"vehicules-electriques-bornes-de-recharge-transport";1;0;1
"entites-administratives-limites";1;0;1
"accessibilite-rail-supraregional-poles-superieurs";1;0;1
"nature-environnement-transitions-ecologiques";1;0;1
"nature-environnement-protection-parc-national-delimitation";1;0;1
"attractivite-culture-tourisme";1;0;1
"infrastructure-transport-personnes-supraregional";1;0;1
"culture-tourisme-nuitees-touristiques";1;0;1
"air-qualite-index-o3";1;0;1
"agriculture-restauration-collective-offre-demande-fruits";1;0;1
"gastronomie-restaurants-tourisme-michelin";1;0;1
"villes-cooperation-transfrontaliere";1;0;1
"seveso-centrales-nucleaires";1;0;1
"eau-gestion-inondation";1;0;1
"agriculture-restauration-collective-offre-demande-oleagineux";1;0;1
"agriculture-restauration-collective-offre-demande-legumes";1;0;1
"peste-porcine-zonage";1;0;1
"reseau-hydrographique-surfacique";1;0;1
"eau-surface-etat-potentiel";1;0;1
"0121z";1;0;1
"nature-environnement-lycaena-dispar";1;0;1
"junge-menschen-ausbildung";1;0;1
"population-20-ans";1;0;1
"energie-renouvelable-puissance-electricite";1;0;1
"pedagogie-histoire-sciences-tourisme";1;0;1
"administration-limites-rhin-superieur";1;0;1
"eau-gestion";1;0;1
"energie-eolien-hydroelectricite-bioenergie-photovoltaique";1;0;1
"accessibilite-rail-intraregional-poles-superieurs";1;0;1
"unigr-formations-enseignement-superieur";1;0;1
"air-qualite-index-no2";1;0;1
"culture-tourisme-patrimoine-mondial-unesco";1;0;1
"agriculture-restauration-collective-offre-viandes";1;0;1
"nature-environnement-protection-ramsar";1;0;1
"banque-de-savoie";1;0;1
"education-formation-jeunes-ayant-quitte-prematurement-leducation-et-la-formation";1;0;1
"population-65-ans-evolution";1;0;1
"environnement-education";1;0;1
"agriculture-restauration-collective-offre-demande-viandes";1;0;1
"credit-cooperatif";1;0;1
"agriculture-porcins-ugb";1;0;1
"sol-impermeabilisation-evolution";1;0;1
"demographie-population-agee-de-moins-de-20-ans";1;0;1
"transports-bornes-de-recharge";1;0;1
"projets-route-chemin-de-fer-navigation-fluviale-transport";1;0;1
"0113z";1;0;1
"base-adressse-locale";1;0;1
"agriculture-bovins-porcins-ugb";1;0;1
"education-developpement-durable";1;0;1
"nature-environnement-protection-reserve-de-biosphere-zone-de-transition";1;0;1
"peste-porcine-clotures";1;0;1
"0114z";1;0;1
"nuitees-touristiques-tourisme";1;0;1
"casden";1;0;1
"lieux-centraux-metropolisation-planification";1;0;1
"air-qualite-index-pm10";1;0;1
"emploi-industrie-evolution";1;0;1
"securite-prevention-risques-industriels-et-nucleaires";1;0;1
"nature-environnement-protection-natura-2000-directive-oiseaux";1;0;1
"agriculture-restauration-collective-demande-viandes";1;0;1
"nature-environnement-protection-reserve-de-biosphere-zone-centrale";1;0;1
"agriculture-production";1;0;1
"unigr-etudiants-diplome-enseignement-superieur";1;0;1
"air-qualite-index-pm2-5";1;0;1
"unigr-erasmus-mobilite-etudiants";1;0;1
"veloroutes-pistes-cyclables-transfronatlier-transport";1;0;1
"isfates-dfhi-formations-transfrontalieres-sciences-de-lingenieur-et-informatique";1;0;1
"unigr-formations-diplome-enseignement-superieur";1;0;1
"isfates-dfhi-formations-transfrontalieres-management";1;0;1
"transports-projets-de-transport-prioritaires-2013";1;0;1
"population-20-64-ans";1;0;1
"agriculture-bovins-ugb";1;0;1
"nature-environnement-protection-natura-2000-directive-habitat";1;0;1
"0115z";1;0;1
"nature-environnement-protection-parcs-naturels";1;0;1
"etudiants-enseignement-superieur";1;0;1
"sol-occupation-corine";1;0;1
"nature-environnement-protection-reserve-de-biosphere-zone-tampon";1;0;1
"0116z";1;0;1
"accessibilite-poles-superieurs-transport-supraregional";1;0;1
"cours-deau-environnement";1;0;1
"chomage-taux";1;0;1
"0112z";1;0;1
"agriculture-orientation-technico-economique";1;0;1
"nature-environnement-protection-natura-2000";1;0;1
"chomage-evolution";1;0;1
"reseau-hydrographique-lac-reservoir";1;0;1
"veloroutes-pistes-cyclables-national-regional-transport";1;0;1
"population-densite-commune";1;0;1
"pls-r";1;0;1
"enseig-sup-recherche-nombre-detudiants";1;0;1
"agriculture-restauration-collective-offre-demande-ble";1;0;1
"agriculture-restauration-collective-demande-legumes";1;0;1
"reseau-hydrographique-lineaire";1;0;1
"streamlit";0;1;1
"chateaubourg";0;1;1
"cinema-dans-ma-ville";0;1;1
"arzon";0;1;1
"cinema-toulouse";0;1;1
"cinema-nantes";0;1;1
"cinema-montpellier";0;1;1
"jmb";0;1;1
"carhaix";0;1;1
"beges";0;1;1
"cinema-strasbourg";0;1;1
"sapbm";0;1;1
"cinema-marseille";0;1;1
"cinema-lyon";0;1;1
"cinema-autour-de-moi";0;1;1
"landivisiau";0;1;1
"guerande";0;1;1
"cinema-paris";0;1;1
"dinard";0;1;1
"cinema-bordeaux";0;1;1
"cinema-autour-de-ma-position";0;1;1
"cinema-lille";0;1;1
"cinema-nice";0;1;1
"service-numerique";1;0;1
"nuit-europeenne-des-musees";1;0;1
"patrimoine-batimentaire";1;0;1
"office-national-des-forets-onf";1;0;1
"stations-gonflage";1;0;1
"prevention-incendies";1;0;1
"sdis31";1;0;1
"protection-des-forets";1;0;1
"materiel-informatique-a-disposition";1;0;1
"obligations-legales-de-debroussaillement-old";1;0;1
"labruguiere";1;0;1
"urbansimul";0;1;1
"ivac";1;0;1
"livrables-pcrs";1;0;1
"archives-spoliees";1;0;1
"social-media";1;0;1
"1200";1;0;1
"grand-pays";1;0;1
"abf";1;0;1
"boulon";1;0;1
"canide";1;0;1
"association-fonciere";1;0;1
"inspection";1;0;1
"infiltration";1;0;1
"a-o-c";1;0;1
"recollement";1;0;1
"modulo";1;0;1
"irve-55";1;0;1
"irve88";1;0;1
"tours-magazine";1;0;1
"question";1;0;1
"emporter";1;0;1
"insse";1;0;1
"jdd-tampon";1;0;1
"arborescence";1;0;1
"sans-abris";1;0;1
"terres-rares";1;0;1
"carbonate";1;0;1
"fonds-vert";1;0;1
"irve-51";1;0;1
"stas";1;0;1
"convention-de-subvention-departement-du-lot-2023";1;0;1
"camping-toulouse";0;1;1
"camping-paris";0;1;1
"hotel-marseille";0;1;1
"hotel-geolocalisation";0;1;1
"hotel-dans-ma-ville";0;1;1
"camping-montpellier";0;1;1
"camping-autour";0;1;1
"camping-geolocalisation";0;1;1
"hotel-lyon";0;1;1
"camping-lyon";0;1;1
"camping-position";0;1;1
"location-aire-de-camping";0;1;1
"camping-bordeaux";0;1;1
"camping-strasbourg";0;1;1
"location-camping";0;1;1
"camping-lille";0;1;1
"camping-nantes";0;1;1
"hotel-autour-de-ma-position";0;1;1
"camping-marseille";0;1;1
"camping-nice";0;1;1
"hotel-paris";0;1;1
"hotel-proximite";0;1;1
"hotel-autour";0;1;1
"entreprise-individuelle";0;1;1
"camping-proximite";0;1;1
"camping-geoloc";0;1;1
"aire-de-camping";0;1;1
"hotel-autour-de-moi";0;1;1
"terra-occitania";1;0;1
"bocc";1;0;1
"vernet";1;0;1
"inforepertoire";0;1;1
"livret-de-developpement-durable-et-solidaire";1;0;1
"medico-economie";1;0;1
"rpqs";1;0;1
"espace-d-039-innovation-partagee";1;0;1
"eip";1;0;1
"tlp";1;0;1
"lourdes";1;0;1
"tlp-mobilites";1;0;1
"zero-artificialisation-nette";0;1;1
"trenitalia";1;0;1
"neo";0;1;1
"coffre-fort";1;0;1
"contrat-electronique";0;1;1
"bulletin-de-salaire";0;1;1
"banque-moins-cher";0;1;1
"jardins-paysagers";1;0;1
"jardiniers";1;0;1
"ada";1;0;1
"codecom";1;0;1
"maison-de-la-solidarite";1;0;1
"lagarrigue";1;0;1
"le-vernet";1;0;1
"seine-eure-agglomeration";1;0;1
"seine-eure-mobilite";1;0;1
"semo";1;0;1
"relevage";1;0;1
"stabilisateurs";1;0;1
"bornes-incendie";1;0;1
"ventouses";1;0;1
"lagunes";1;0;1
"canalisations-de-refoulement";1;0;1
"puisards";1;0;1
"degrilleurs";1;0;1
"raccords";1;0;1
"ouvrages-de-stockage";1;0;1
"raccordements";1;0;1
"postes-de-relevage";1;0;1
"traitements-des-boues";1;0;1
"reserve-incendie";1;0;1
"robinets";1;0;1
"stations-de-pompage";1;0;1
"clapet";1;0;1
"sous-type-debitmetre";1;0;1
"captages-deau";1;0;1
"vidanges";1;0;1
"productions-deau-potable";1;0;1
"drains";1;0;1
"stations-depuration-des-eaux-usees";1;0;1
"regulations";1;0;1
"points-de-desserte";1;0;1
"ouvrages-de-regulation";1;0;1
"reducteurs";1;0;1
"poteaux-dincendie";1;0;1
"bouches-dincendie";1;0;1
"boites-de-branchement";1;0;1
"avaloirs";1;0;1
"stations-de-production";1;0;1
"salles-municipales";1;0;1
"indemnites-elus";1;0;1
"reservations";1;0;1
"decouvrabilite";1;0;1
"infiltration-deau-dans-le-sol";1;0;1
"points-de-charges-vehicules-electriques";1;0;1
"superethanol";0;1;1
"voyagiste";1;0;1
"conseils";1;0;1
"trafic-aerien";1;0;1
"tete-de-cordee";1;0;1
"cordee";1;0;1
"encordee";1;0;1
"intstagram";1;0;1
"localisation-des-bacs-individuels";1;0;1
"hydrographie-structures-sage";1;0;1
"inventaire-des-zones-boisees";1;0;1
"parcelles-historique";1;0;1
"addictologie";1;0;1
"zones-de-peche-en-rade-de-brest";1;0;1
"est-ouest";1;0;1
"informations-utiles-lignes";1;0;1
"contour-des-communes-du-pays-de-brest";1;0;1
"batiments-3d-emprise-3d-des-toits";1;0;1
"cantons-du-finistere-surfaces";1;0;1
"dalles-de-la-photographie-aerienne-2015";1;0;1
"distrinution";1;0;1
"napoleon";1;0;1
"mobil";1;0;1
"grande";1;0;1
"reglementation-de-la-circulation-et-du-stationnement-symbole-surfaciques";1;0;1
"chapelles";1;0;1
"zone-agglomeree";1;0;1
"bassins-versants-des-prises-deau-potable-en-bretagne";1;0;1
"emprise-des-sites-et-ouvrages-modelises-finement-en-3d";1;0;1
"medico-psycho-pedagogique";1;0;1
"stockbrest";1;0;1
"reseau-transport-collectif-a-long-terme";1;0;1
"collectes-ordures-tris-selectif-dechets-poubelles-bacs";1;0;1
"bassin-versant-principaux-sous-bassins-versants-de-la-rade-de-brest-contour";1;0;1
"appartement-habitation";1;0;1
"ciasse";1;0;1
"trasnports";1;0;1
"pinel-locatif-investissement-impot-iris";1;0;1
"psychiatrique";1;0;1
"localisation-des-emplois";1;0;1
"tdf21";1;0;1
"pprt-brest-metropole";1;0;1
"balises";1;0;1
"perimetre-des-quartiers-iris-2000";1;0;1
"protection-majeurs";1;0;1
"maillage-urbain";1;0;1
"patrimoine-bati";1;0;1
"conteneurs-textiles";1;0;1
"perimetres-protection-eaux-potables-milieux-naturels";1;0;1
"embarcadere";1;0;1
"panneaux-dexpression-libre";1;0;1
"surfaciques";1;0;1
"reseau-marin-de-surveillance-du-contrat-de-baie";1;0;1
"zonage-des-documents-durbanisme-du-pays-de-brest";1;0;1
"majic2";1;0;1
"prescriptions-se-superposant-aux-zonages-surfaces";1;0;1
"musicale";1;0;1
"bassins-versant-bassins-versants-de-la-rade-de-brest-surfaces";1;0;1
"rampes";1;0;1
"3d-decoupage-du-territoire-en-dalles-de-819";1;0;1
"servitudes-dutilite-publique-elements-surfaciques";1;0;1
"materiels-de-paiement-du-stationnement-sur-voirie";1;0;1
"inter-communalites-du-pays-de-brest-etiquettes";1;0;1
"speciale";1;0;1
"cartads";1;0;1
"carrefours-avec-signalisation-directionnelle";1;0;1
"ppi-perimetre-risques-technologiques-seveso";1;0;1
"bassins-versants-des-plages";1;0;1
"departements-de-louest";1;0;1
"perimetres-saip-alerte-population-sirenes-securite-risques-pics";1;0;1
"inventaire-local-zones-humides";1;0;1
"kynesitherapeute";1;0;1
"circonscriptions-du-finistere-surfaces";1;0;1
"entretiens";1;0;1
"squash";1;0;1
"sablage";1;0;1
"polarites-commerciales";1;0;1
"entreprises-du-port-enquete-emploi-2006";1;0;1
"habitations";1;0;1
"mediateurs";1;0;1
"bassins-versants-exutoires-hydrographie";1;0;1
"accueil-transporteur";1;0;1
"3d-decoupage-du-territoire-en-dalles-de-4915";1;0;1
"type-de-vegetation";1;0;1
"majic3";1;0;1
"pieds";1;0;1
"signaletique-plans-ville";1;0;1
"points-darrets-des-lignes-du-reseau-breizhgo-du-finistere";1;0;1
"ambulatoire";1;0;1
"polyvalent";1;0;1
"cure";1;0;1
"arretes-circulation-voirie";1;0;1
"signalisations";1;0;1
"lignes-de-transport-scolaire-hors-bibus";1;0;1
"implantation-dentreprises";1;0;1
"10cm";1;0;1
"espace-de-permeabilite";1;0;1
"trotinette";1;0;1
"1944-photo-historiques-archives-guerres";1;0;1
"reseau-de-points-de-prelevement";1;0;1
"prescriptions-se-superposant-aux-zonages-lineaire";1;0;1
"lotissements";1;0;1
"trame-verte-et-bleue-armature-verte-urbaine";1;0;1
"zonage-uc-du-plu";1;0;1
"village-densifiable";1;0;1
"trame-verte-et-bleue-connexions-a-assurer";1;0;1
"ateliers-relais";1;0;1
"reseau-de-capteurs-piezometres";1;0;1
"logement-magic2";1;0;1
"dyalise";1;0;1
"panneaux-relais-dinformation-services-ris";1;0;1
"zonage-du-plu-facteur-4";1;0;1
"zones-dagres";1;0;1
"sirenes-saip-alerte-population-pics-risques-securite-perimetres";1;0;1
"limite-dagglomeration";1;0;1
"dalles-de-la-photographie-aerienne-2015-20cm";1;0;1
"reseau-bassin-versant-du-contrat-de-baie";1;0;1
"directionnels";1;0;1
"gr34";1;0;1
"immobilier-municipal-et-communautaire";1;0;1
"depla";1;0;1
"espaces-proches-du-rivage";1;0;1
"3d-decoupage-du-territoire-en-dalles-de-409";1;0;1
"mise-a-jour";1;0;1
"nature-du-sol-vocation-plan-de-ville";1;0;1
"defibrillateurs-automatiques-externes";1;0;1
"sites-emblematiques";1;0;1
"lumieres";1;0;1
"catholiques";1;0;1
"trafic-routier-resultats-de-mesure-et-comptage";1;0;1
"heures-de-pointe";1;0;1
"plantes-invasives-inventaire-en-cours";1;0;1
"tdf2021";1;0;1
"domaine-prive";1;0;1
"agres";1;0;1
"lignes-regulieres-du-reseau-breizhgo-du-finistere";1;0;1
"de-la-circulation-et-du-stationnement-symbole-ssurfaciques";1;0;1
"porte-dentree";1;0;1
"pics";1;0;1
"emplois-ramenes-a-lilot-insee";1;0;1
"prescriptions-se-superposant-aux-zonages-points";1;0;1
"maison-blanche";1;0;1
"inventaire-du-lineaire-bocager";1;0;1
"velozef";1;0;1
"activite-economqie";1;0;1
"gazons";1;0;1
"lieux-dinteret";1;0;1
"emprise-geographique-du-pays-de-brest";1;0;1
"interface";1;0;1
"mode-doccupation-du-sol-bmo-vocation-urbanisme";1;0;1
"subdivisions";1;0;1
"quartier-triris-insee-recensement";1;0;1
"routes-reseaux-routiers-kilometrage-securite-deplacements";1;0;1
"systeme-dinformations-foncier-economique";1;0;1
"recharges";1;0;1
"mailles";1;0;1
"trait";1;0;1
"perimetres-de-protection-de-prise-deau-potable";1;0;1
"localisation-des-panneaux-publicitaires";1;0;1
"arrets-de-transports-en-commun-bus-et-tramway";1;0;1
"ludique";1;0;1
"street";1;0;1
"village-extensible";1;0;1
"mobilier-urbain-panneaux-dinformation";1;0;1
"1717005";1;0;1
"25cm";1;0;1
"egouts";1;0;1
"mitoyennete";1;0;1
"agglomeration-publicite-limite";1;0;1
"porches";1;0;1
"jeuness";1;0;1
"quartiers-administratifs-de-brest-surfaces";1;0;1
"pays-du-departement-du-finistere";1;0;1
"emblematique";1;0;1
"plu-f4";1;0;1
"eclairages";1;0;1
"exutoires-des-sous-bassins-points";1;0;1
"batiments-3d-limite-de-facade-2d-du-batiment";1;0;1
"diaf";1;0;1
"plan-particulier-dintervention-les-perimetres-de-securite";1;0;1
"ulissecondaire";1;0;1
"iinfirmier";1;0;1
"points-de-bouclage-du-ppi-plan-particulier-dintervention";1;0;1
"perimetres-de-recrutement-des-ecoles-publiques";1;0;1
"port-plaisance";1;0;1
"workout";1;0;1
"batiments-3d-ligne-de-faitage-des-toits";1;0;1
"decoupage-en-sous-bassins-surfaces";1;0;1
"communautess";1;0;1
"parc-naturel-regional-darmorique";1;0;1
"stationnement-velos";1;0;1
"servitudes-dutilite-publique-elements-lineaires";1;0;1
"servitudes-dutilite-publique-elements-ponctuels";1;0;1
"habitat-constructions-pavillons-lots-instruction-permis-amenager-lotissement";1;0;1
"npru";1;0;1
"kynesitherapie";1;0;1
"decoupage-des-lotissements-en-lots";1;0;1
"dacceuil";1;0;1
"tourelles";1;0;1
"fleches";1;0;1
"dalles-de-la-photographie-aerienne-2018";1;0;1
"espaces-de-circulation-apaisee";1;0;1
"suivi-qualite";1;0;1
"dalles-de-la-photographie-aerienne-2021";1;0;1
"reseau-structurant-voirie-a-long-terme";1;0;1
"pnra";1;0;1
"patronage";1;0;1
"sirenes-dalerte";1;0;1
"images-satellites";1;0;1
"armoires";1;0;1
"site-mutable";1;0;1
"symbole-de-mitoyennete";1;0;1
"imporgal";1;0;1
"poles-dechanges-du-reseau-tc-a-long-terme";1;0;1
"subdivision";1;0;1
"organisation-spatiale";1;0;1
"contours-des-lotissements-et-permis-damenager";1;0;1
"zones-de-stationnement-reglemente";1;0;1
"lineaire-de-facades-de-batiments-textures-en-haute-definition";1;0;1
"bassins-versants-de-prise-deau-brute";1;0;1
"reseau-littoral-du-contrat-de-baie";1;0;1
"laique";1;0;1
"perimetre-de-sage-bassins-versants";1;0;1
"emprise-des-espaces-verts";1;0;1
"bassins-versant-hydrographie";1;0;1
"perimetre-de-distribution-diode-a-la-population";1;0;1
"portage-immobilier";1;0;1
"escrime";1;0;1
"hameaux";1;0;1
"bureaux-de-vote-de-brest";1;0;1
"zones-de-jeux";1;0;1
"perimetre-de-portee-des-sirenes-dalerte";1;0;1
"decoupage-en-quartiers-triris-insee";1;0;1
"denormandie";1;0;1
"milieux-naturels-agricoles";1;0;1
"secteur-deja-urbanise";1;0;1
"circulation-accidents-securite-vehicules-velos-deux-roues-motos-voitures";1;0;1
"patrimoial";1;0;1
"adaptee";1;0;1
"ruptures";1;0;1
"armature-ecologique";1;0;1
"points-de-controle-des-eaux-de-baignade";1;0;1
"batiments-3d-emprises-des-porches";1;0;1
"mairies-des-quartiers-administratifs-de-brest";1;0;1
"convention-reserves-foncieres";1;0;1
"lieux-de-vote-de-brest";1;0;1
"kadrix";1;0;1
"perimetres-de-projets-urbains-a-letude";1;0;1
"espaces-naturels-remarquables";1;0;1
"informations-utiles-points";1;0;1
"sdma";0;1;1
"egalim";1;0;1
"rs";1;0;1
"centtre-social";1;0;1
"charge-corsica";0;1;1
"sobriete-numerique";1;0;1
"saint-amans-soult";1;0;1
"base-base-adresse-nationale";1;0;1
"base-base-adresse-locale";1;0;1
"donnees-donnees-publiques";1;0;1
"prr";1;0;1
"billet-direct";1;0;1
"fil-bleu";1;0;1
"socio-medical";1;0;1
"ephad";1;0;1
"professeur-invite";1;0;1
"particule";1;0;1
"fermentation";1;0;1
"polyphenols";1;0;1
"untargeted-analysis";1;0;1
"rose-wine";1;0;1
"uhplc-hrms";1;0;1
"color";1;0;1
"mesures-physiques-de-la-pollution";1;0;1
"pic-de-pollution";1;0;1
"mssante";1;0;1
"pontis";1;0;1
"04154";1;0;1
"runoff";1;0;1
"level";1;0;1
"sea";1;0;1
"thermometre";1;0;1
"acccessibilite-spatiale";1;0;1
"disponibilite-de-la-ressource";1;0;1
"soins-de-premier-recours";1;0;1
"temps-de-trajet";1;0;1
"claret";1;0;1
"lovelo";1;0;1
"salle-des-marches";1;0;1
"poles-de-sante-liberaux-ambulatoires";1;0;1
"bassin-dalimentation";1;0;1
"points-de-rencontre-des-secours-et-couverture-telephonique";1;0;1
"spatiale";1;0;1
"cycbersecurite";1;0;1
"eaux-de-pluie";1;0;1
"observatoire-des-transformations-numeriques";1;0;1
"sciences-humaines";1;0;1
"ch";1;0;1
"bassin-de-regulation";1;0;1
"conseil-economique-social-et-environnemental-regional-de-normandie";1;0;1
"equivalents-habitants";1;0;1
"areorefrigerante";1;0;1
"transformations-numeriques";1;0;1
"plan-topo";1;0;1
"centres-hospitaliers";1;0;1
"structures-de-sante";1;0;1
"defibrillateur-automatise-externe";1;0;1
"cybersec";1;0;1
"affluent";1;0;1
"notation";1;0;1
"jop2024";1;0;1
"etablissements-hospitaliers";1;0;1
"sous-bassin-versant";1;0;1
"mode-doccupation-des-sols";1;0;1
"divia";1;0;1
"gestion-des-espaces-naturels";1;0;1
"accidentialite";0;1;1
"cereobs";1;0;1
"academie-de-montpellier";0;1;1
"academie-de-toulouse";0;1;1
"pauvrete-en-conditions-de-vie";1;0;1
"boulevard-peripherique";1;0;1
"paris-intra-muros";1;0;1
"borne-de-recharge-w-i";1;0;1
"3-jours";1;0;1
"experiences";1;0;1
"relations-usagers";1;0;1
"ancelle";1;0;1
"adresses-des-electeurs";1;0;1
"montbrand";1;0;1
"charge-point";1;0;1
"carte-identitee";1;0;1
"signataire";1;0;1
"carteret";1;0;1
"germain";1;0;1
"compte-administratif-2022";1;0;1
"citea";1;0;1
"vrm";1;0;1
"relais-petite-enfance";1;0;1
"jeunes-enfants";1;0;1
"volumetrie";1;0;1
"code-officiel-geographique-cog";1;0;1
"millesime-2023";1;0;1
"robien";1;0;1
"motion";0;1;1
"talence";1;0;1
"esff";1;0;1
"liste-fonderie";1;0;1
"bts-fonderie";1;0;1
"esf";1;0;1
"liste-forge";1;0;1
"foundry";1;0;1
"aaesff";1;0;1
"maison-du-bel-age";1;0;1
"donation";0;1;1
"zones-activite";1;0;1
"zones-commerciales";1;0;1
"aides-mobilite";1;0;1
"assistance-electrique";1;0;1
"skate-park";1;0;1
"velibleu";1;0;1
"comtat";1;0;1
"sport-et-loisirs";1;0;1
"nautiques";1;0;1
"maison-dassistant-maternel";1;0;1
"cstb";0;1;1
"cadastres";1;0;1
"sablons-bus";1;0;1
"meru";1;0;1
"corolis";1;0;1
"axo";1;0;1
"pass-thelle-bus";1;0;1
"chambly";1;0;1
"le-bus";1;0;1
"duc";1;0;1
"navitia";1;0;1
"nom-et-villes";0;1;1
"tohm";1;0;1
"lamorlaye";1;0;1
"biens-divers";1;0;1
"produits-derives-sur-crypto-actifs";1;0;1
"forex";1;0;1
"listes-noires";1;0;1
"libbus";1;0;1
"flexobus";1;0;1
"options-binaires";1;0;1
"la-navette";1;0;1
"statistiques-marketing-digital";1;0;1
"gd4h";1;0;1
"correctif";1;0;1
"convoi";1;0;1
"ao-lotissement-communal-haut-gele-montebourg";1;0;1
"ore";0;1;1
"umih";1;0;1
"taillan-medoc";1;0;1
