"name";"datasets";"reuses";"total"
"donnees-ouvertes";17686;2;17688
"passerelle-inspire";16141;0;16141
"usage-des-sols";5284;3;5287
"geoscientific-information";5228;0;5228
"planning-cadastre";5079;0;5079
"risque-zonages-risque-naturel";4512;0;4512
"zones-a-risque-naturel";2544;0;2544
"grand-public";2252;0;2252
"environnement";1531;27;1558
"plu";1490;4;1494
"geospatial";1474;7;1481
"environment";1344;4;1348
"transport";1127;21;1148
"france";1009;110;1119
"pprn";1074;0;1074
"citoyennete";1027;6;1033
"administration";1019;12;1031
"urbanisme";1017;12;1029
"finances-publiques";989;5;994
"budget";961;20;981
"culture";924;41;965
"tourisme";929;30;959
"zones-de-gestion-de-restriction-ou-de-reglementat";907;0;907
"inondation";898;2;900
"document-durbanisme";896;0;896
"open-data";883;11;894
"mobilite";791;35;826
"risque";770;2;772
"economie";724;47;771
"localisation";737;21;758
"reseaux-de-transport";729;1;730
"elections";640;81;721
"geolocalisation";665;54;719
"logement";671;25;696
"ppr";682;1;683
"hauts-de-france";671;6;677
"boundaries";662;1;663
"donnee-ouverte";656;2;658
"commune";598;52;650
"amenagement-du-territoire";632;4;636
"bretagne";571;46;617
"transports";604;11;615
"eau";599;11;610
"sante";525;82;607
"sport";540;67;607
"territoire";595;9;604
"alea-enjeux-inondation-amenagement-urbanisme-prescription-prevention-servitude-risque-multi-risque";596;0;596
"alea-enjeux-inondation-amenageme";596;0;596
"risques";594;0;594
"pas-de-calais";590;2;592
"nord";584;5;589
"patrimoine";573;12;585
"insee";546;36;582
"transportation";578;3;581
"education";513;46;559
"election";515;30;545
"equipements";526;18;544
"risque-inondation";542;0;542
"deplacements";538;1;539
"batiments";521;5;526
"population";465;59;524
"gouvernement";511;8;519
"hydrographie";508;6;514
"alea-enjeux-inondation-amenagement-urbanis";514;0;514
"somme";504;2;506
"lot-et-garonne";498;1;499
"finances";456;30;486
"donnees-publiques";482;3;485
"bus";452;14;466
"orthophotographie";463;2;465
"rhone-alpes";462;2;464
"occupation-des-terres";458;1;459
"zonages-risque-naturel";457;0;457
"stationnement";444;8;452
"casq";451;0;451
"ortho";449;0;449
"photo";442;1;443
"emploi";406;32;438
"unites-administratives";433;1;434
"inland-waters";433;0;433
"communes";350;77;427
"ddt-54";426;0;426
"prise-de-vue";426;0;426
"prise-de-vues";426;0;426
"1973";425;0;425
"demographie";381;43;424
"farming";424;0;424
"agriculture";391;27;418
"oise";416;1;417
"velo";369;47;416
"opendata";376;38;414
"sites-proteges";409;1;410
"citoyennete-institution";404;0;404
"aisne";402;1;403
"dreal";398;0;398
"adresse";388;9;397
"formation";369;25;394
"social";385;7;392
"geologie";383;0;383
"sols";379;0;379
"enseignement";356;17;373
"nace";364;0;364
"dreal-auvergne-rhone-alpes";364;0;364
"amenagement";355;4;359
"recherche";331;26;357
"institut-national-de-la-statistique-et-des-etudes-economiques";354;0;354
"statistiques";314;38;352
"reseau";328;20;348
"utilities-communication";346;0;346
"developpement-durable";333;12;345
"dechets";327;4;331
"services";324;6;330
"epci";297;20;317
"nuisance-bruit";317;0;317
"gtfs";306;9;315
"finance";309;2;311
"departement";242;64;306
"voirie";295;10;305
"specification-nationale";305;0;305
"biota";302;1;303
"equipement";293;10;303
"pollution";292;11;303
"circulation";278;23;301
"cartographie";207;92;299
"mayenne";293;1;294
"habitats-et-biotopes";292;1;293
"sante-social";290;3;293
"biodiversite";283;9;292
"littoral-aquitain";292;0;292
"cd-53";290;0;290
"pedologie";284;1;285
"repartition-de-la-population-demographie";283;0;283
"compte-administratif";280;2;282
"parking";269;10;279
"structure";278;1;279
"carte";104;174;278
"covid19";114;164;278
"covid-19";95;180;275
"energie";246;28;274
"openstreetmap";214;58;272
"loisirs";263;8;271
"air";268;2;270
"politique-de-lenvironnement";270;0;270
"society";269;0;269
"cartes-pedologiques";268;0;268
"etudes-pedologiques";268;0;268
"types-de-sols";268;0;268
"repartition-de-la-population";268;0;268
"altitude";259;6;265
"nouvelle-aquitaine";264;1;265
"filosofi";259;0;259
"deplacement";257;1;258
"hebergement";251;6;257
"montpellier";237;20;257
"risque-zonages-risque-technologi";256;0;256
"region";217;38;255
"subvention";246;8;254
"deliberation";246;0;246
"pos";243;1;244
"developpement-economique";243;1;244
"recensement";175;66;241
"vote";230;10;240
"zonage";224;12;236
"aquitaine";211;23;234
"inondations";233;0;233
"route";227;5;232
"guyane";229;1;230
"budget-de-letat";230;0;230
"consommation";203;23;226
"immigration";220;6;226
"directive-inondation";225;0;225
"budget-primitif";221;1;222
"meteo";209;13;222
"subventions";205;17;222
"intercommunalite";217;3;220
"tri";214;5;219
"ecole";205;12;217
"geomorphologie";217;0;217
"economy";214;1;215
"gironde";213;2;215
"pprt";215;0;215
"pays-de-la-loire";213;1;214
"2019";208;4;212
"adresses";203;8;211
"transport-collectif";210;1;211
"dreal-na";211;0;211
"dce";210;0;210
"2017";200;9;209
"entreprises";185;23;208
"imagery-base-maps-earth-cover";208;0;208
"bibliotheque";198;9;207
"temperature";204;3;207
"territoires";194;12;206
"metropole";195;10;205
"occupation-du-sol";191;14;205
"2012";191;12;203
"entreprise";191;12;203
"normandie";200;1;201
"commerce";174;25;199
"seine-saint-denis";195;3;198
"risques-naturels";195;1;196
"dreal-bfc";192;0;192
"cadastre";167;24;191
"ecologie";178;11;189
"poitou-charentes";189;0;189
"enseignement-superieur";159;29;188
"eau-zonages-eau";186;0;186
"landes-40";186;0;186
"irve";176;9;185
"location";178;7;185
"ain";182;3;185
"base-adresse-locale";183;0;183
"business";182;0;182
"habitat";178;3;181
"pme";180;1;181
"covid";61;120;181
"enfance";178;2;180
"oceans";177;3;180
"coronavirus";75;105;180
"risque-technologique";178;1;179
"donnees";163;14;177
"migrant";177;0;177
"pays";174;3;177
"élections";155;22;177
"inspire";176;1;177
"handicap";168;8;176
"ortho-imagerie";175;1;176
"parc";170;6;176
"reseau-de-transport";170;6;176
"voiture";155;21;176
"limousin";176;0;176
"arrets";174;1;175
"servitude";170;5;175
"association";153;20;173
"voie";172;0;172
"decp";170;1;171
"industrie";167;3;170
"eau-de-surface";167;2;169
"2016";166;2;168
"horaires";163;4;167
"production";161;6;167
"enseignement-formation-recherche";164;3;167
"associations";147;19;166
"precipitations";165;0;165
"assainissement";163;1;164
"public";163;1;164
"technologies";162;1;163
"repartition-des-especes";163;0;163
"2013";154;8;162
"bruit";161;1;162
"etat-civil";139;22;161
"musee";124;36;160
"tramway";152;7;159
"dreal-rhone-alpes";159;0;159
"zone";156;2;158
"donnees-vecteur";157;0;157
"brocas";134;22;156
"2015";151;5;156
"sncf-reseau";153;0;153
"metro";142;9;151
"immigré";150;0;150
"immigre";150;0;150
"college";141;8;149
"2018";147;2;149
"littoral";144;4;148
"solidarite";146;2;148
"infrastructure";143;4;147
"routes";132;15;147
"train";129;17;146
"transports-en-commun";136;10;146
"seine";145;0;145
"geoportail";144;1;145
"temps-reel";142;2;144
"mesures";143;0;143
"planification";142;1;143
"deces";97;44;141
"marches-publics";127;14;141
"deplacements-transports";139;2;141
"departements";98;42;140
"pm10";140;0;140
"cinema";109;30;139
"nature";138;1;139
"surface-inondable";139;0;139
"gestion-du-risque-dinondation";139;0;139
"territoire-a-risque-dinondation";139;0;139
"ilot-de-chaleur";138;1;139
"etablissements";134;4;138
"station-meteo";137;1;138
"accessibilite";125;12;137
"espace schengen";137;0;137
"geographie";106;31;137
"maritime";136;1;137
"espace-schengen";137;0;137
"paris";87;49;136
"agriculture-zonages-agricoles";136;0;136
"alea";135;0;135
"zonages-planification";134;0;134
"cours-deau";134;0;134
"referentiel";131;2;133
"zonages-nature";131;2;133
"modele-numerique-de-terrain";133;0;133
"draaf-auvergne-rhone-alpes";133;0;133
"ddt-isere";132;0;132
"ddt-haute-savoie";132;0;132
"canton";124;7;131
"trimestrielles";131;0;131
"artois-picardie";131;0;131
"ouvertes";131;0;131
"aide";128;2;130
"mer";126;4;130
"electricite";122;7;129
"lycees";124;4;128
"principaux";128;0;128
"resultats";123;5;128
"auvergne";127;1;128
"risques-technologiques";128;0;128
"bureaux-de-vote";123;4;127
"elus";93;34;127
"innovation";115;12;127
"musique";116;11;127
"plan";121;6;127
"trafic";123;4;127
"estuaire";126;0;126
"caux";126;0;126
"2014";124;1;125
"agenda";110;15;125
"art";120;5;125
"batiment";122;3;125
"deliberations";122;3;125
"depenses";113;12;125
"dvd";124;1;125
"faune";125;0;125
"flore";124;1;125
"internet";106;19;125
"health";123;2;125
"conseil-departemental";125;0;125
"metropole-golfe-de-gascogne";125;0;125
"communaute";123;1;124
"etablissement";116;8;124
"limites-administratives";99;25;124
"havre";124;0;124
"bourgogne";121;2;123
"lignes";122;1;123
"nationaux";123;0;123
"prevention";121;2;123
"ecoles";118;4;122
"inventaire";120;2;122
"codah";122;0;122
"havraise";122;0;122
"lagglomeration";122;0;122
"jeunesse";117;4;121
"menage";120;1;121
"reunion";120;1;121
"administratif";106;14;120
"prescription";120;0;120
"restauration";118;2;120
"isere";117;3;120
"sante-et-securite-des-personnes";120;0;120
"cote-rocheuse";120;0;120
"securite";96;23;119
"reseau-routier";118;1;119
"ddt-ain";119;0;119
"mobilite-et-espace-public";119;0;119
"accueil";116;2;118
"collecte";117;1;118
"dechet";113;5;118
"universite";100;18;118
"ddt-rhone";118;0;118
"cote-sableuse";118;0;118
"guadeloupe";116;1;117
"loi-de-finances";116;1;117
"archives";111;5;116
"ppri";116;0;116
"randonnee";112;4;116
"departement-du-bas-rhin-67";116;0;116
"concentration-de-polluant";116;0;116
"etranger";113;2;115
"participation";112;3;115
"regions";94;21;115
"enfant";112;2;114
"exposition";111;2;113
"meudon";113;0;113
"pollution-atmospherique";112;1;113
"directive-cadre-eau";112;0;112
"marche";108;4;112
"martinique";111;1;112
"loire";111;1;112
"histoire";103;8;111
"immobilier";67;44;111
"municipales";75;35;110
"ville";92;18;110
"cadre-de-vie";108;1;109
"plan-de-prevention";109;0;109
"metropole-manche-mer-du-nord";109;0;109
"cerema";109;0;109
"carte-communale";105;3;108
"rhone";107;1;108
"legislatives";101;6;107
"numerique";100;7;107
"étranger";107;0;107
"citoyenneté";107;0;107
"agriculture-agri-environnement";107;0;107
"tcu";107;0;107
"activite";100;6;106
"masse-deau";106;0;106
"investissement";93;12;105
"unites-statistiques";105;0;105
"ddt-loire";105;0;105
"2005";105;0;105
"donnees-descriptives";105;0;105
"arret";100;4;104
"conseil-municipal";102;2;104
"station";96;8;104
"entree-en-france";104;0;104
"culture-tourisme";104;0;104
"donnees-qualitatives";104;0;104
"issy-les-moulineaux";101;2;103
"landes";79;24;103
"mayotte";99;4;103
"ressources-humaines";100;3;103
"sig";89;14;103
"pss";103;0;103
"vie-culturelle";103;0;103
"i2g";103;0;103
"2011";101;1;102
"decoupage";84;18;102
"frequentation";100;2;102
"no2";102;0;102
"europe";88;13;101
"quartier";98;3;101
"boulogne-billancourt";96;5;101
"aides";99;1;100
"ouvert";100;0;100
"lycee";83;16;99
"transparence";83;16;99
"budget-regional";93;5;98
"espaces-naturels";97;1;98
"maternelle";97;1;98
"service";94;4;98
"risque-naturel";98;0;98
"sphere-publique";98;0;98
"donnee-generique-intercommunalite";98;0;98
"foncier";88;9;97
"franche-comte";97;0;97
"ligne";96;1;97
"parcs";94;3;97
"specification-regionale";97;0;97
"api";44;52;96
"mairie";88;8;96
"marche-public";91;5;96
"payant";96;0;96
"politique";70;26;96
"vanves";96;0;96
"perimetre";96;0;96
"milieux-naturels";96;0;96
"france-metropolitaine";84;12;96
"scdl";93;3;96
"evolution";59;36;95
"pps";95;0;95
"silc";92;3;95
"granulats-marins";95;0;95
"etat-du-milieu-habitats";95;0;95
"climat";86;8;94
"prix";72;22;94
"scolaire";92;2;94
"sup";91;3;94
"referentiels-de-coordonnees";94;0;94
"entrée en france";93;0;93
"mediatheque";90;3;93
"osm";57;36;93
"recettes";84;9;93
"primitif";93;0;93
"personnes-agees";79;13;92
"sevres";92;0;92
"habitat-politique-de-la-ville-po";92;0;92
"ens";90;1;91
"limite";91;0;91
"ban";86;5;91
"cadre-de-vie-environnement";91;0;91
"iris";75;15;90
"commande-publique";81;9;90
"bourgogne-franche-comte";89;1;90
"biologie";88;1;89
"fonctionnement";85;4;89
"frontiere";89;0;89
"infrastructures";86;3;89
"ille-et-vilaine";86;3;89
"cantons";74;14;88
"gaz";84;4;88
"police";73;15;88
"prenoms";60;28;88
"annexes-budgetaires";88;0;88
"eau-souterraine";86;1;87
"etat";80;7;87
"filaire";87;0;87
"liste-de-jeux-de-donnees";86;1;87
"moyen";87;0;87
"presidentielle";79;8;87
"theatre";76;11;87
"travaux";83;4;87
"dataviz";7;80;87
"donnees-de-references-referentiels-vocabulaire-controle";87;0;87
"morbihan";83;4;87
"donnees-de-references-referentie";87;0;87
"bal";85;2;87
"trait-de-cote";84;2;86
"etat-du-milieu-especes";86;0;86
"evenement";75;10;85
"loire-atlantique";84;1;85
"modelisation";85;0;85
"chaville";85;0;85
"metropole-mers-celtiques";85;0;85
"construction";82;2;84
"democratie";78;6;84
"naissances";58;26;84
"ozone";84;0;84
"politique-agricole-commune";77;7;84
"qualite";81;3;84
"musees";65;19;84
"bd-carthage";84;0;84
"ressources-marines-biologiques";84;0;84
"csv";77;6;83
"naissance";69;14;83
"parcelles-cadastrales";78;5;83
"bordeaux";75;7;82
"flux";81;1;82
"loisir";79;3;82
"surveillance";64;18;82
"aleas";82;0;82
"nord-pas-de-calais";81;1;82
"france-entiere";74;8;82
"dataviz1";82;0;82
"information";77;4;81
"reseaux";80;1;81
"travail";51;30;81
"voyages";81;0;81
"foncier-sol-occupation-du-sol";80;1;81
"controle-de-la-qualite-de-lair";81;0;81
"ville-davray";81;0;81
"age";73;7;80
"aide-sociale";80;0;80
"ans";80;0;80
"depense";74;6;80
"patrimoine-naturel";79;1;80
"proprete";80;0;80
"specification-locale";80;0;80
"2009";79;0;79
"ayant";79;0;79
"gare-de-voyageurs";71;8;79
"jardin";75;4;79
"amenagement-urbanisme";78;1;79
"borne";74;4;78
"fiscalite";67;11;78
"gratuit";73;5;78
"parcelle";72;6;78
"rue";69;9;78
"enjeux";78;0;78
"logement-sante-social";78;0;78
"vrap";78;0;78
"conditions";74;3;77
"recyclage";71;6;77
"service-public";65;12;77
"mouvement-de-terrain";77;0;77
"ortho-image-aerienne";77;0;77
"frontière";76;0;76
"heures";76;0;76
"urbanisme-logement";76;0;76
"communaute-urbaine";76;0;76
"admission-au-sejour";76;0;76
"plui";75;1;76
"espace-naturel-sensible";76;0;76
"admission au séjour";75;0;75
"arbres";71;4;75
"arts";71;4;75
"cereales";74;1;75
"horaire";67;8;75
"pav";72;3;75
"paysage";74;1;75
"protection";71;4;75
"topographie";72;3;75
"transport-en-commun";73;2;75
"apprentissage";73;1;74
"erosion";74;0;74
"evenements";69;5;74
"habitant";66;8;74
"sport-tourisme-loisirs";73;1;74
"risque-n-inondation";74;0;74
"impact-sur-lenvironnement";73;1;74
"colleges";69;4;73
"etude";67;6;73
"fibre-optique";63;10;73
"foret";65;8;73
"sports";69;4;73
"milieu-biologique-habitats";73;0;73
"services-dutilite-publique-et-services-publics";73;0;73
"fontaine";70;2;72
"transport-scolaire";72;0;72
"urbain";71;1;72
"ddtm-44";72;0;72
"multi-risque";72;0;72
"rapport-financier";72;0;72
"comptes-publics";68;4;72
"directive-2000-60-ec";72;0;72
"alimentation";38;33;71
"ile-de-france";52;19;71
"pmr";69;2;71
"rer";67;4;71
"stations";68;3;71
"transports-et-mobilite";69;2;71
"verre";69;2;71
"administration-et-finances-publiques";71;0;71
"qualite-de-lenvironnement";71;0;71
"programme-europeen";71;0;71
"2010";70;0;70
"bornes";64;6;70
"etudes";62;8;70
"famille";64;6;70
"ouvrage";69;1;70
"prenom";51;19;70
"programmes";70;0;70
"titre-de-sejour";70;0;70
"bibliotheques";62;7;69
"developpement";65;4;69
"mobilier-urbain";66;3;69
"politique-de-la-ville";67;2;69
"immigration-familiale";69;0;69
"natural-risk-zones";69;0;69
"donnees-derivees-indicateurs";69;0;69
"cinéma";53;15;68
"creche";61;7;68
"effectif";61;7;68
"recette";64;4;68
"corse";66;2;68
"carte-de-sejour";68;0;68
"territoires-et-regions";67;1;68
"comptes-consolides";68;0;68
"loi-de-finances-initiale";68;0;68
"challengedata";43;25;68
"camping";56;11;67
"meteorologie";58;9;67
"monument";50;17;67
"morts";3;64;67
"nom";67;0;67
"zonages-amenagement";67;0;67
"audeg";67;0;67
"glissement-de-terrain";67;0;67
"annuaire";56;10;66
"limites";61;5;66
"manche";65;1;66
"petite-enfance";64;2;66
"secteur";66;0;66
"vls";66;0;66
"barometre";65;1;66
"tarn";65;1;66
"eau-superficielle";66;0;66
"etudiant";58;7;65
"etudiants";55;10;65
"tour";65;0;65
"parcellaire-agricole";65;0;65
"borne-de-recharge";58;7;65
"education-formation-jeunesse";65;0;65
"soldats";5;60;65
"premiere-guerre-mondiale";2;63;65
"elementaire";63;1;64
"gps";59;5;64
"immigration-irreguliere";64;0;64
"riviere";59;5;64
"élection";57;7;64
"sources-denergie";64;0;64
"morts-pour-la-france";2;62;64
"traces-de-soldats";2;62;64
"directive-cadre-sur-l-eau-dce";64;0;64
"bilan";63;0;63
"candidats";59;4;63
"hopital";45;18;63
"produit";57;6;63
"calvados";62;1;63
"siren";52;11;63
"atc";63;0;63
"immigration familiale";62;0;62
"institution";62;0;62
"mesure";62;0;62
"retraite";60;2;62
"terrain";55;7;62
"universites";58;4;62
"visiteur";62;0;62
"immigration-clandestine";62;0;62
"sirene";43;19;62
"memoire-des-hommes";2;60;62
"14-18";3;59;62
"accident";41;20;61
"autorisation de séjour";61;0;61
"autorisation provisoire de séjour";61;0;61
"carte de séjour";61;0;61
"commerces";57;4;61
"eee";61;0;61
"livre";55;6;61
"migration professionnelle";61;0;61
"migration économique";61;0;61
"regroupement familial";61;0;61
"services-de-l-etat";61;0;61
"titre de séjour";61;0;61
"vaccination";26;35;61
"niveau-de-diffusion";61;0;61
"scrutin";60;1;61
"autorisation-de-sejour";61;0;61
"autorisation-provisoire-de-sejour";61;0;61
"migration-economique";61;0;61
"migration-professionnelle";61;0;61
"regroupement-familial";61;0;61
"autorisation-provisoire-de-sejou";61;0;61
"2020";60;1;61
"affaires";59;1;60
"animation";55;5;60
"cantine";58;2;60
"comptes";55;5;60
"emissions";58;2;60
"equipements-sportifs";56;4;60
"espaces-verts";59;1;60
"presse";51;9;60
"routes-departementales";50;10;60
"rsa";57;3;60
"tic";59;1;60
"inventaire-nature-biodiversite";60;0;60
"bureau-de-vote";60;0;60
"datasprint";0;60;60
"axe";60;0;60
"covid19france";8;52;60
"agregats";59;0;59
"elu";58;1;59
"indicateur";58;1;59
"livres";56;3;59
"maison";48;11;59
"proximite";52;7;59
"strasbourg";49;10;59
"natura-2000";58;1;59
"assiette-servitude";59;0;59
"eaux-souterraines";59;0;59
"eaux-interieures";59;0;59
"envia";59;0;59
"atlas";52;6;58
"ca";58;0;58
"eolien";55;3;58
"equipement-sportif";17;41;58
"historique";53;5;58
"limite-administrative";58;0;58
"logements";49;9;58
"photovoltaique";48;10;58
"producteur";58;0;58
"eaux-interieures-de-surface-rivieres-et-lacs";58;0;58
"region-auvergne";58;0;58
"signataires";58;0;58
"comptes-sociaux";57;1;58
"saint";58;0;58
"eaux-interieures-de-surface-rivi";58;0;58
"budget-finances";58;0;58
"government";58;0;58
"bati";57;0;57
"crowdsourcing";16;41;57
"financement";56;1;57
"immigration clandestine";57;0;57
"immigration irrégulière";57;0;57
"itineraire";55;2;57
"papier";57;0;57
"nuisance";57;0;57
"politique-regionale";57;0;57
"ardeche";55;2;57
"mobilites";49;8;57
"submersion";57;0;57
"plateforme-publique-de-l-information-geographique-ppige-nord-pas-de-calais";57;0;57
"citizenship";57;0;57
"public-finances";57;0;57
"assemblee-nationale";41;15;56
"collectivites";44;12;56
"poi";46;10;56
"port";53;3;56
"regions-maritimes";56;0;56
"spectacle";47;9;56
"vehicule";52;4;56
"vie-publique.fr";56;0;56
"datavisualisation";2;54;56
"ddtm-85";56;0;56
"risque-mouvement-de-terrain";56;0;56
"eaux-souterraines-nappes-deau";56;0;56
"eleves";55;0;55
"hotel";49;6;55
"marches";55;0;55
"gestion-de-risque";55;0;55
"etat-du-milieu-qualite-quantite";55;0;55
"attractivite-et-innovation";55;0;55
"saint-quentin";54;1;55
"base";53;1;54
"chiffre";54;0;54
"collectivites-locales";49;5;54
"effectifs";53;1;54
"formations-sanitaires-et-sociales";54;0;54
"gare";52;2;54
"jardins";48;6;54
"numero";53;1;54
"ocs";54;0;54
"ordures-menageres";54;0;54
"idg";53;1;54
"metz-metropole";54;0;54
"saone-et-loire";50;4;54
"siret";43;11;54
"acces";53;0;53
"arbre";48;5;53
"architecture";49;4;53
"cimetiere";52;1;53
"covoiturage";46;7;53
"elevation";52;1;53
"horodateur";53;0;53
"imagerybasemapsearthcover";52;1;53
"nogent-sur-marne";45;8;53
"sol";52;1;53
"statistique";41;12;53
"technologie-numerique";52;1;53
"agri-environnement";53;0;53
"milieu-aquatique";53;0;53
"plan-local-urbanisme";53;0;53
"bornes-de-recharge";50;3;53
"missions";53;0;53
"zone-de-pollution-potentielle";53;0;53
"equipement-public";52;1;53
"sraddet";53;0;53
"preservation-terre-et-eau";53;0;53
"formations";47;5;52
"insertion";47;5;52
"metz métropole";52;0;52
"parlement";43;9;52
"piscine";51;1;52
"piste-cyclable";51;1;52
"reglementation";51;1;52
"restaurant";46;6;52
"societe";39;13;52
"gestion-du-risque-d-inondation";52;0;52
"territoire-a-risque-d-inondation";52;0;52
"dataconnexions-6";1;51;52
"confinement";27;25;52
"marnes-la-coquette";52;0;52
"balade";47;4;51
"caf";49;2;51
"csp";50;1;51
"immigration-illegale";51;0;51
"logement-social";47;4;51
"main";51;0;51
"mp2013";35;16;51
"peche";48;3;51
"photographie";47;4;51
"presidentielles";45;6;51
"servitudes";51;0;51
"visualisation";1;50;51
"ddt-ardeche";51;0;51
"habitats-naturels";51;0;51
"srce";51;0;51
"herault";50;1;51
"contours";28;22;50
"santé";37;13;50
"senior";49;1;50
"transport-urbain";50;0;50
"notre";49;1;50
"dila";48;2;50
"sa-c-curita-c-sanitaire";50;0;50
"saint-pierre-azif";50;0;50
"fontenay";50;0;50
"manoir";50;0;50
"donnees-territoriales";48;2;50
"exposition-des-personnes-aux-polluants";50;0;50
"particules-en-suspension";50;0;50
"bec";49;0;49
"electrique";44;5;49
"erp";47;2;49
"ligne-reguliere";49;0;49
"point-d-arret";49;0;49
"scot";48;1;49
"sur";49;0;49
"villes";33;16;49
"zonages-eau";49;0;49
"fibre";39;10;49
"zone-bleue";49;0;49
"environnement-loiret";49;0;49
"montivilliers";49;0;49
"rolleville";49;0;49
"cauville";49;0;49
"epouville";49;0;49
"gainneville";49;0;49
"gonfreville";49;0;49
"harfleur";49;0;49
"lorcher";49;0;49
"mallet";49;0;49
"maneglise";49;0;49
"mannevillette";49;0;49
"martin";49;0;49
"octeville";49;0;49
"rogerville";49;0;49
"sainte";49;0;49
"agriculture-et-territoire";49;0;49
"camping-car";47;1;48
"cantonales";46;2;48
"diplome";46;2;48
"etrangers";47;1;48
"gares";46;2;48
"justice";34;14;48
"logements-sociaux";46;2;48
"menages";40;8;48
"mnt";45;3;48
"primaire";47;1;48
"sexe";44;4;48
"vie-sociale";48;0;48
"trame-verte-et-bleue";48;0;48
"bio";42;6;48
"vehicule-electrique";44;4;48
"donnees-essentielles";48;0;48
"touques";48;0;48
"bassin-darcachon";48;0;48
"economie-europe";48;0;48
"dame";48;0;48
"chalons-en-champagne";47;1;48
"licence-odbl";48;0;48
"circonscription";43;4;47
"election-locale";46;1;47
"hydrogeologie";47;0;47
"lecture";41;6;47
"pieton";46;1;47
"regionales";45;2;47
"résultats";45;2;47
"secteurs";46;1;47
"ter";40;7;47
"terroir";45;2;47
"velos";44;3;47
"haute-loire";46;1;47
"arcgis";45;2;47
"deauville";47;0;47
"trouville-sur-mer";47;0;47
"villers-sur-mer";47;0;47
"villerville";47;0;47
"doubs";46;1;47
"transport-interurbain";47;0;47
"dioxyde-dazote";47;0;47
"gtfs-rt";46;1;47
"car";43;3;46
"catalogue";46;0;46
"chomage";37;9;46
"denominations-geographiques";46;0;46
"maire";40;6;46
"point";46;0;46
"quartiers";44;2;46
"formations-sanitaires-et-sociale";46;0;46
"benerville-sur-mer";46;0;46
"blonville-sur-mer";46;0;46
"saint-arnoult";46;0;46
"tourgeville";46;0;46
"vauville";46;0;46
"chalons-agglo";46;0;46
"epidemie";23;23;46
"ame";45;0;45
"aménagement du territoire";45;0;45
"bureau";43;2;45
"centre-de-retention-administrative";45;0;45
"controle-aux-frontieres";45;0;45
"cra";45;0;45
"data";21;24;45
"detaillees";45;0;45
"mariage";40;5;45
"poubelle";45;0;45
"reserve";31;14;45
"retour-aide";45;0;45
"revenu";39;6;45
"wifi";35;10;45
"donnee-generique-administratif";45;0;45
"risque-risque-technologique";45;0;45
"tvb";45;0;45
"departementales";40;5;45
"secteur-dactivite";45;0;45
"auvergne-rhone-alpes";43;2;45
"centre-de-retention-administrati";45;0;45
"netex";44;1;45
"sd";45;0;45
"ajoutee";44;0;44
"archive";42;2;44
"centre de rétention administrative";44;0;44
"communication";43;1;44
"comptabilite-publique";44;0;44
"contrôle aux frontières";44;0;44
"convention";42;2;44
"dgfip";33;11;44
"etablissement-scolaire";39;5;44
"ign";39;5;44
"immigration illégale";44;0;44
"parcours";42;2;44
"patrimoine-culturel";39;5;44
"repas";43;1;44
"retour aidé";44;0;44
"routier";43;1;44
"travail illigal";44;0;44
"étrangers";44;0;44
"ftth";41;3;44
"vendee";42;2;44
"aide-publique";43;1;44
"eau-assainissement";44;0;44
"limites-communales";41;3;44
"travail-illigal";44;0;44
"urbanisme-et-logements";44;0;44
"dirm";44;0;44
"o3";44;0;44
"pm2-5";44;0;44
"pollution-des-cours-deau";43;1;44
"risques-et-territoires";44;0;44
"2008";43;0;43
"bathymetrie";41;2;43
"conseil";42;1;43
"continue";43;0;43
"place";43;0;43
"sociales";41;2;43
"unite-urbaine";33;10;43
"usages";42;1;43
"foret-dfci";43;0;43
"lorient-agglomeration";43;0;43
"climatology-meteorology-atmosphere";42;1;43
"politique-environnementale";43;0;43
"cour-des-comptes";42;1;43
"gpu";43;0;43
"adour-garonne";43;0;43
"loire-bretagne";43;0;43
"academie";36;6;42
"arret-de-bus";38;4;42
"creation";39;3;42
"espace-public";41;1;42
"exterieure";42;0;42
"filiere";42;0;42
"impots";38;4;42
"label";41;1;42
"particules";41;1;42
"pharmacie";28;14;42
"secours";39;3;42
"societes";37;5;42
"tableaux";38;4;42
"transport-public";39;3;42
"voies";40;2;42
"eau-peche";42;0;42
"agglo";41;1;42
"submersion-marine";42;0;42
"transport-mobilite";35;7;42
"observations";42;0;42
"rhone-mediterranee";42;0;42
"cac";42;0;42
"service-definition";42;0;42
"budget-general";42;0;42
"comptage";40;1;41
"coordonnees";17;24;41
"declarants";41;0;41
"details";40;1;41
"diplomes";33;8;41
"document-urbanisme";41;0;41
"enfants";38;3;41
"finance-publique";41;0;41
"finances-locales";28;13;41
"medecin";29;12;41
"orthophoto";40;1;41
"superficie";34;7;41
"vaccin";19;22;41
"nature-paysage-biodiversite";41;0;41
"sdage";40;1;41
"residentiel";41;0;41
"rhin-meuse";41;0;41
"seine-normandie";41;0;41
"participation-citoyenne";41;0;41
"reseau-electrique";41;0;41
"schema-regional-d-039-amenagement-de-developpement-durable-et-d-039-egalite-des-territoires";41;0;41
"agriculture-et-economie";41;0;41
"activites";37;3;40
"ccas";39;1;40
"defibrillateur";38;2;40
"eau-potable";39;1;40
"insertion-professionnelle";34;6;40
"limites administratives";14;26;40
"liste";38;2;40
"mariages";22;18;40
"observatoire";25;15;40
"parite";26;14;40
"places";39;1;40
"plage";33;7;40
"sncf";26;14;40
"tarif";39;1;40
"textile";40;0;40
"visa";39;1;40
"éducation";24;16;40
"dechetterie";38;2;40
"blagnac";40;0;40
"vie-economique-innovation";40;0;40
"star";40;0;40
"bourse-detudes";40;0;40
"monoxyde-de-carbone";40;0;40
"temps-theorique";40;0;40
"prevention-des-inondations";40;0;40
"analyse";14;25;39
"bourse-d-etudes";39;0;39
"compte";39;0;39
"declaration";38;1;39
"deputes";32;7;39
"dépenses";37;2;39
"ensemble";39;0;39
"gendarmerie";28;11;39
"hydrologie";38;1;39
"main-d";39;0;39
"photographie-aerienne";38;1;39
"toulouse";32;7;39
"Sxcuritx-sanitaire";39;0;39
"compte administratif";39;0;39
"icpe";38;1;39
"unite-administrative";39;0;39
"culture-patrimoine";36;3;39
"oscom";39;0;39
"bilan-social";39;0;39
"saintquentin";39;0;39
"valorisation-du-patrimoine-regional";39;0;39
"plan-climat";39;0;39
"temps-officiel";39;0;39
"indicateur-de-vulnerabilite";39;0;39
"vulnerabilite-aux-inondations";39;0;39
"vulnerabilite-et-resilience";39;0;39
"achat-public";37;1;38
"aop";26;12;38
"autocar";34;4;38
"bois";36;2;38
"canal";38;0;38
"carrefour";38;0;38
"collectif";38;0;38
"dimension";38;0;38
"monuments";31;7;38
"permis-de-construire";37;1;38
"projets";36;2;38
"relatives";38;0;38
"retraites";37;1;38
"test";33;5;38
"transpole";38;0;38
"vegetation";38;0;38
"ddt-43";38;0;38
"gestion-des-crises-et-des-risques";38;0;38
"aveyron";37;1;38
"draaf";38;0;38
"gestion-des-crises-et-des-risque";38;0;38
"draaf-nouvelle-aquitaine";38;0;38
"visites";38;0;38
"ddt-haute-loire";38;0;38
"donnees-environnementales";38;0;38
"collectivite-territoriale";34;3;37
"degustation";37;0;37
"europeennes";37;0;37
"promenade";36;1;37
"terre";37;0;37
"territoires et transports";37;0;37
"tertiaire";37;0;37
"vélo";33;4;37
"eau-ouvrage";37;0;37
"colonne";37;0;37
"bilan-annuel";37;0;37
"elections-municipales";28;9;37
"reseau-ferre";36;1;37
"alerte";36;1;37
"occupation-et-usage-du-sol";37;0;37
"dreal-interne";37;0;37
"la-rochelle";36;1;37
"chalons";37;0;37
"democratie-et-citoyennete";37;0;37
"pollution-de-leau";35;2;37
"credits-de-paiement";37;0;37
"action-sociale";36;0;36
"activite-sportive";9;27;36
"aoc";21;15;36
"artisanat";30;6;36
"asile";35;1;36
"autobus";33;3;36
"caracteristiques-geographiques-meteorologiques";33;3;36
"concert";34;2;36
"conchyliculture";34;2;36
"démographie";17;19;36
"jeunes";30;6;36
"medicament";25;11;36
"medicaments";22;14;36
"mobilité";32;4;36
"prelevement";35;1;36
"services-d-utilite-publique-et-services-publics";31;5;36
"sites";35;1;36
"urbaine";35;1;36
"voyageurs";30;6;36
"économie";29;7;36
"adherents-sinp-bourgogne";36;0;36
"autorites-publiques-sinp";36;0;36
"gestion-de-crise";36;0;36
"territoires-et-transports";36;0;36
"bca";36;0;36
"donnees-sexuees";36;0;36
"obstacle";36;0;36
"draaf-na";36;0;36
"dgtm";36;0;36
"application";9;26;35
"archeologie";30;5;35
"assemblee";29;6;35
"bureaux de vote";35;0;35
"centre";32;3;35
"contour";32;3;35
"crue";34;1;35
"elections-legislatives";30;5;35
"espace-vert";34;1;35
"evaluation";33;2;35
"indice";33;2;35
"invalidite";35;0;35
"licence";26;9;35
"projet";33;2;35
"vie-associative";34;1;35
"voisinage";35;0;35
"sentier";34;1;35
"zonages-risque-technologique";35;0;35
"agriculture-biologique";31;4;35
"rip";34;1;35
"dvf";8;27;35
"affichage";33;1;34
"atteint";34;0;34
"coordonnees-geographiques";31;3;34
"dotation";33;1;34
"formatrices";34;0;34
"geolocalise";8;26;34
"panneau";34;0;34
"provence-alpes-cote-d-azur";21;13;34
"recharge";32;2;34
"referentiel-geographique";33;1;34
"resultat";31;3;34
"spectacle-vivant";34;0;34
"sud";34;0;34
"transport-de-voyageurs";33;1;34
"espace-naturel";34;0;34
"energie-production";31;3;34
"libourne";34;0;34
"eaux-cotieres-eaux-maritimes";34;0;34
"mission-sig";34;0;34
"carte-interactive";0;34;34
"tcd";34;0;34
"services-dutilite-publique";34;0;34
"education-formation";34;0;34
"casvp";34;0;34
"standard-cnig-plu-v2014";34;0;34
"arrets-et-lignes-du-reseau";34;0;34
"ramassage-scolaire";34;0;34
"dashboards";34;0;34
"openig";34;0;34
"paysan";34;0;34
"branches";33;0;33
"cci";29;4;33
"chemin";33;0;33
"club";22;11;33
"conteneurs";33;0;33
"decisions";32;1;33
"energie-renouvelable";26;7;33
"etablissements-agrees-ce";32;1;33
"exploitation";31;2;33
"jeune";32;1;33
"local";30;3;33
"monetaire";32;1;33
"nombre";32;1;33
"nutrition";3;30;33
"photos";27;6;33
"registre";29;4;33
"revenus";25;8;33
"salaires";22;11;33
"transilien";31;2;33
"postale";32;1;33
"equipements-publics";33;0;33
"dae";30;3;33
"decoupage-administratif";31;2;33
"budgets";33;0;33
"equipement-services";33;0;33
"collecte-des-dechets";33;0;33
"qualite-air";32;1;33
"eau-continentale";33;0;33
"polluant-atmospherique";33;0;33
"crpm";33;0;33
"conteneur";33;0;33
"gestion-de-leau";33;0;33
"chiffres-cles-de-limmigration";33;0;33
"limite-territoriale";33;0;33
"acte";31;1;32
"actualites";26;6;32
"balance";32;0;32
"citoyens";28;4;32
"compostage";32;0;32
"gestion";29;3;32
"incendie";31;1;32
"la-poste";24;8;32
"legislative";30;2;32
"monument-historique";31;1;32
"nautisme";26;6;32
"non-formatrices";32;0;32
"outre-mer";26;6;32
"politique des visas";32;0;32
"prestation";32;0;32
"scolarite";31;1;32
"site";31;1;32
"soins";29;3;32
"technologique";32;0;32
"thd";28;4;32
"urgence";31;1;32
"Etablissements-agrxxs-CE";32;0;32
"geobretagne";31;1;32
"benthique";32;0;32
"allier";31;1;32
"egalite-femmes-hommes";25;7;32
"politique-des-visas";32;0;32
"libre-service";32;0;32
"acte-administratif";32;0;32
"occitanie";30;2;32
"oleagineux";32;0;32
"proteagineux";32;0;32
"autorisations-dengagement";32;0;32
"plf-2014";31;1;32
"coronavius";11;21;32
"observatoire-economique";32;0;32
"autorisation";31;0;31
"bicyclette";27;4;31
"civil";31;0;31
"climatologie";28;3;31
"code-postal";23;8;31
"collection";31;0;31
"conjoncturelles";31;0;31
"conseil-general";31;0;31
"cyclable";29;2;31
"departementale";31;0;31
"election-presidentielle";28;3;31
"emr";31;0;31
"hlm";29;2;31
"interne";31;0;31
"municipale";29;2;31
"nogent sur marne";24;7;31
"salaire";27;4;31
"sanitaire";25;6;31
"securite-routiere";19;12;31
"tram";27;4;31
"ventilations";31;0;31
"arcep";19;12;31
"gpso";30;1;31
"lieux-de-production-et-sites-industriels";31;0;31
"agriculture-parcellaire-agricole";30;1;31
"systemes-de-maillage-geographique";31;0;31
"greffes";30;1;31
"rse";31;0;31
"fourriere";31;0;31
"vie-urbaine";30;1;31
"juridictions-financieres";31;0;31
"grenoble";29;2;31
"enedis";31;0;31
"borne-electrique";26;5;31
"pdf";30;1;31
"biofield";31;0;31
"mahendra-kumar-trivedi";31;0;31
"mahendra-trivedi";31;0;31
"the-trivedi-effect";31;0;31
"trivedi-effect";31;0;31
"uai";30;1;31
"etablissements-agra-c-a-c-s-ce";31;0;31
"seine-maritime";30;1;31
"voi";31;0;31
"economie-entreprise";31;0;31
"monoxyde-dazote";31;0;31
"qualite-de-leau";30;1;31
"zone-de-bruit";31;0;31
"ddt-25";31;0;31
"accidents";23;7;30
"agricole";28;2;30
"auto";29;1;30
"circonscriptions";29;1;30
"classe";29;1;30
"cnil";24;6;30
"conseil-regional";30;0;30
"disponibilite";28;2;30
"découpage";16;14;30
"economiques";30;0;30
"egalite";27;3;30
"formation-professionnelle";26;4;30
"gite";30;0;30
"hopitaux";13;17;30
"investissements";26;4;30
"monuments-historiques";19;11;30
"nitrate";30;0;30
"partiel";30;0;30
"propriete-industrielle";29;1;30
"reglement";30;0;30
"rpg";24;6;30
"stade";27;3;30
"surface";30;0;30
"telecommunication";29;1;30
"vitesse";30;0;30
"zones-naturelles-paysages-ecosystemes";30;0;30
"eau-surveillance";29;1;30
"foret-gestion";30;0;30
"portes";30;0;30
"zones-naturelles-paysages-ecosys";30;0;30
"iot";29;1;30
"adresse-postale";30;0;30
"oleoproteagineux";30;0;30
"pvp";30;0;30
"execution-budgetaire";30;0;30
"deconfinement";8;22;30
"1er-tour";29;0;29
"administration-locale";12;17;29
"animaux";27;2;29
"assemblee-regionale";29;0;29
"bassin";29;0;29
"branche";29;0;29
"competition";18;11;29
"decheterie";25;4;29
"donnee";28;1;29
"droit";24;5;29
"du";29;0;29
"enquete";24;5;29
"etrangeres";29;0;29
"géolocalisation";11;18;29
"habitat-naturel";29;0;29
"jeux";26;3;29
"mos";29;0;29
"personnes-handicapees";29;0;29
"solaire";18;11;29
"taux";18;11;29
"toponymie";27;2;29
"wms";26;3;29
"puy-de-dome";28;1;29
"culture-societe-service-tourisme";29;0;29
"basque";29;0;29
"lorient";29;0;29
"grand-paris";26;3;29
"bas-rhin";28;1;29
"pistes-cyclables";29;0;29
"solidarite-sante";29;0;29
"biofield-energy-treatment";29;0;29
"biofield-treatment";29;0;29
"meteofrance";28;1;29
"issy-com";29;0;29
"rdi";29;0;29
"wfs";28;1;29
"comptes-daffectation-speciale";29;0;29
"industrie-et-services";28;1;29
"grand-besancon-metropole";29;0;29
"arret-urbain";29;0;29
"menagers";29;0;29
"partagee";29;0;29
"2007";27;1;28
"achat";24;4;28
"autoroutes";12;16;28
"budget-local";28;0;28
"calendrier";22;6;28
"concours";27;1;28
"conseil général";28;0;28
"controle";25;3;28
"cooperation";24;4;28
"cub";28;0;28
"dette";26;2;28
"décès";11;17;28
"femme";23;5;28
"geographique";6;22;28
"habitation";28;0;28
"indicateurs";21;7;28
"indices";28;0;28
"litterature";24;4;28
"mobile";18;10;28
"neige";27;1;28
"plan-de-prevention-des-risques";27;1;28
"pret";26;2;28
"r-d";27;1;28
"recensements";28;0;28
"reference";27;1;28
"reseaux-sociaux";28;0;28
"resultats-electoraux";22;6;28
"salle";26;2;28
"structurels";28;0;28
"transition-energetique";24;4;28
"vent";28;0;28
"état civil";12;16;28
"defibrillateurs";25;3;28
"parcelles";19;9;28
"inventaire-paysage";28;0;28
"transports-infrastructure-routier";28;0;28
"emprunts";28;0;28
"shapefile";27;1;28
"1er";28;0;28
"actes-administratifs";27;1;28
"simulateur";20;8;28
"consommation-electrique";28;0;28
"dreal-nouvelle-aquitaine";28;0;28
"ants";28;0;28
"naf";25;3;28
"drh";28;0;28
"ville-de-lorient";28;0;28
"pprn-mt";28;0;28
"ocs-2d";28;0;28
"ocs2d";28;0;28
"totems";28;0;28
"donnees-regionales-de-reference";28;0;28
"pandemie";19;9;28
"aep";27;0;27
"aire";27;0;27
"aires";27;0;27
"annees";27;0;27
"arrete";22;5;27
"carburant";15;12;27
"collectivite-locale";20;7;27
"conseillers";26;1;27
"derniers";27;0;27
"dioxyde-de-soufre";27;0;27
"donnees-budgetaires";27;0;27
"eclairage";27;0;27
"education-nationale";22;5;27
"ehpad";23;4;27
"ferme";26;1;27
"harmonises";27;0;27
"integration";27;0;27
"intensite";27;0;27
"international";25;2;27
"mensuel";27;0;27
"musées";12;15;27
"naturalisation";27;0;27
"occupation";27;0;27
"prets";27;0;27
"programmation";27;0;27
"publics";25;2;27
"rd";27;0;27
"ressource-en-eau";27;0;27
"resulats";27;0;27
"syndicat";26;1;27
"voiture-electrique";25;2;27
"picardie";25;2;27
"nice";26;1;27
"eau-aep";27;0;27
"gens-du-voyage";27;0;27
"secteur-des-services";27;0;27
"occupation-sol";24;3;27
"relais";27;0;27
"solidarites";27;0;27
"pprl";27;0;27
"grand-est";23;4;27
"telephone-mobile";25;2;27
"jaune-budgetaire";27;0;27
"dfa";27;0;27
"toolbox";27;0;27
"agriculteur";27;0;27
"action-publique";25;1;26
"bateau";25;1;26
"bien-etre";25;1;26
"co2";19;7;26
"codes-postaux";16;10;26
"comparative";26;0;26
"elections-europeennes";20;6;26
"energies";25;1;26
"eolienne";26;0;26
"equipement-culturel";26;0;26
"etalab";14;12;26
"finale";26;0;26
"geo";14;12;26
"gymnase";25;1;26
"igp";20;6;26
"immatriculations";26;0;26
"intégration";26;0;26
"iut";23;3;26
"mode-doux";26;0;26
"nappe-phreatique";25;1;26
"nuitees";26;0;26
"participant";26;0;26
"permis";23;3;26
"pmt";26;0;26
"residence";25;1;26
"rues";24;2;26
"securite-civile";24;2;26
"services-publics";20;6;26
"travailleurs";25;1;26
"vehicules";23;3;26
"web";21;5;26
"équipement";20;6;26
"intertidal";26;0;26
"milieu-physique-hydrodynamique-cotiere";26;0;26
"wikidata";25;1;26
"zonage-eau";26;0;26
"lozere";25;1;26
"balances-comptables";26;0;26
"metromobilite";25;1;26
"belfort";25;1;26
"crise";26;0;26
"mairie-et-democratie";26;0;26
"servitudes-dutilite-publique";26;0;26
"directive-2002-49-ce";26;0;26
"action-sociale-solidarites";25;1;26
"lfi-2012";26;0;26
"plf-2012";25;1;26
"etat-du-milieu-biogeochimie";26;0;26
"aerien";25;0;25
"appartement";19;6;25
"cfa";25;0;25
"concernant";25;0;25
"degre";25;0;25
"elections-cantonales";18;7;25
"etablissement-de-sante";19;6;25
"fantoir";22;3;25
"films";20;5;25
"hotels";14;11;25
"implantation";25;0;25
"internationales";25;0;25
"lycée";12;13;25
"master";21;4;25
"medecine";22;3;25
"medecins";18;7;25
"migrations";25;0;25
"musée";20;5;25
"nomenclature";25;0;25
"pmi";22;3;25
"ps";25;0;25
"restaurants";14;11;25
"stockage";25;0;25
"tgv";17;8;25
"traitement";25;0;25
"vtt";25;0;25
"changement-climatique";23;2;25
"cultures-marines";25;0;25
"sgar-rhone-alpes";25;0;25
"propriete-fonciere";25;0;25
"unites-urbaines";25;0;25
"risques-industriels";25;0;25
"moto";23;2;25
"aero-data";25;0;25
"randonnees";25;0;25
"academies";25;0;25
"cartotheque";25;0;25
"enseignement-formation";25;0;25
"points-de-comptage";25;0;25
"referentiels-geographiques";25;0;25
"cr-auvergne-rhone-alpes";25;0;25
"adresses-postales";25;0;25
"eaux-cotieres";25;0;25
"eaux-de-transition";25;0;25
"paot";25;0;25
"protection-de-lenfance";25;0;25
"wmts";24;1;25
"projet-de-lois-de-reglement";25;0;25
"siqo";25;0;25
"etat-du-milieu-pollutions";25;0;25
"scdl-deliberations";25;0;25
"administration-et-action-publique";25;0;25
"chambre-de-commerce-et-d-industrie";25;0;25
"agriculture-et-innovations";25;0;25
"aeroport";21;3;24
"arretes";23;1;24
"assurance-maladie";18;6;24
"automobile";19;5;24
"cheval";23;1;24
"classement";13;11;24
"consultation";23;1;24
"cpge";22;2;24
"culturel";21;3;24
"debit";23;1;24
"déchets";22;2;24
"département";13;11;24
"fonction-publique";22;2;24
"frontieres";13;11;24
"frontières";13;11;24
"immatriculation";22;2;24
"manifestation";24;0;24
"ministere";21;3;24
"navigation";22;2;24
"niveaux";24;0;24
"opera";17;7;24
"panneaux";22;2;24
"recherche-et-developpement";19;5;24
"reserve-parlementaire";14;10;24
"so2";24;0;24
"solidarité";24;0;24
"urbanisme-et-foncier-planification-et-documents-d-urbanisme";24;0;24
"ant";24;0;24
"tres-haut-debit";20;4;24
"referentiels-cadastre";24;0;24
"hydrographie-mesures";24;0;24
"lorraine";23;1;24
"ademe";21;3;24
"ads";24;0;24
"visualisation-de-donnees";0;24;24
"borne-de-recharge-electrique";22;2;24
"bornes-de-recharge-electrique";12;12;24
"enseignement-agricole";24;0;24
"comptage-routier";24;0;24
"versailles";22;2;24
"entailles";24;0;24
"observatoire-finances";24;0;24
"sixt-sur-aff";24;0;24
"lfi-2013";24;0;24
"ddct";24;0;24
"d-35";24;0;24
"datasprint-pedagogique";0;24;24
"traces2roues";0;24;24
"administration-regionale";24;0;24
"20006911000019";24;0;24
"accompagnement";23;0;23
"agenda-21";23;0;23
"agents";23;0;23
"ages";22;1;23
"collectivites-territoriales";19;4;23
"conservatoire";19;4;23
"douane";16;7;23
"déplacements";22;1;23
"eleve";23;0;23
"emprunt";21;2;23
"finess";18;5;23
"mobilier";22;1;23
"montagne";20;3;23
"mortalite";11;12;23
"mouvement";23;0;23
"national";22;1;23
"obligations";22;1;23
"radio";20;3;23
"science";19;4;23
"senat";21;2;23
"seniors";22;1;23
"structurelles";23;0;23
"television";18;5;23
"totale";23;0;23
"urgences";12;11;23
"visite";22;1;23
"marchés publics";17;6;23
"administration-territoriale";23;0;23
"mer-et-littoral";22;1;23
"python";3;20;23
"permis-de-conduire";15;8;23
"dreal-pc";23;0;23
"financement-public";22;1;23
"donnees-geographiques";23;0;23
"acquisition-de-la-nationalite";23;0;23
"base-adresse-nationale";23;0;23
"batiment-equipements";23;0;23
"nationalite-francaise";23;0;23
"pdipr";23;0;23
"profils";23;0;23
"organisme-culturel";23;0;23
"installations-agricoles-et-aquac";23;0;23
"services-d-utilite-publique-et-s";18;5;23
"bruits";23;0;23
"conventions-de-subvention";23;0;23
"route-departementale";23;0;23
"subventions-aux-associations";21;2;23
"environnement-et-cadre-de-vie";23;0;23
"plhi";23;0;23
"zas";23;0;23
"buildings";23;0;23
"education-au-developpement-durable";0;23;23
"orthophotographies";23;0;23
"magosm";23;0;23
"cnig-2014";23;0;23
"smh";23;0;23
"aeronautique";22;0;22
"allocation";22;0;22
"brevet";19;3;22
"conference";20;2;22
"creanciers";22;0;22
"epidemiologie";5;17;22
"facebook";19;3;22
"fonction";20;2;22
"formelle";22;0;22
"hydraulique";22;0;22
"ingenieur";16;6;22
"limitation";22;0;22
"mutation";20;2;22
"orientation";18;4;22
"personnel";21;1;22
"politique-publique";17;5;22
"premier";22;0;22
"raisons";22;0;22
"raster";22;0;22
"salarie";22;0;22
"satellite";22;0;22
"signalisation";22;0;22
"systemes";22;0;22
"tri-selectif";18;4;22
"voie-nationale";22;0;22
"zones";22;0;22
"alpes-maritimes";20;2;22
"finistere";19;3;22
"film";21;1;22
"sinp";22;0;22
"site-industriel";22;0;22
"risque-gestion-du-risque";22;0;22
"agriculture-sante-vegetale";21;1;22
"agglomeration";22;0;22
"tache";22;0;22
"unesco";22;0;22
"correze";21;1;22
"dnpb";22;0;22
"plan-de-vol";22;0;22
"bm";22;0;22
"bmvr";22;0;22
"qualite-de-lair";22;0;22
"commerces-services";22;0;22
"dcpsl";22;0;22
"scanr";21;1;22
"sites-internet";21;1;22
"draaf-alpc";22;0;22
"draaf-aquitaine-limousin-poitou-charentes";22;0;22
"draaf-aquitaine-limousin-poitou-";22;0;22
"budget-2018";22;0;22
"eau-masse-deau";22;0;22
"parc-de-production";22;0;22
"cantonnement";22;0;22
"comptes-de-concours-financiers";22;0;22
"equipment";22;0;22
"housing";22;0;22
"spatial-planning";22;0;22
"town-planning";22;0;22
"reanimation";7;15;22
"covidfrance";0;22;22
"aliments";3;18;21
"cadre de vie - environnement";21;0;21
"categories";21;0;21
"chien";21;0;21
"collectivite territoriale";20;1;21
"communication-financiere";21;0;21
"couverture";17;4;21
"cycle";20;1;21
"declarant";21;0;21
"déclaration";20;1;21
"départements";12;9;21
"espace";20;1;21
"essence";12;9;21
"fpc";21;0;21
"genre";13;8;21
"hygiene";17;4;21
"impot";14;7;21
"installations";20;1;21
"ipch";21;0;21
"jeux-olympiques";9;12;21
"lieu-de-visites-touristiques";9;12;21
"m52";21;0;21
"organisation";21;0;21
"pauvrete";19;2;21
"plaisance";21;0;21
"pnr";20;1;21
"potentiels";21;0;21
"references";20;1;21
"régions";13;8;21
"sdis";18;3;21
"telephone";16;5;21
"telephonie";19;2;21
"tkm";21;0;21
"tombe";21;0;21
"vaccins";11;10;21
"ventilees";21;0;21
"video";18;3;21
"vin";16;5;21
"école";15;6;21
"énergie";19;2;21
"enr";17;4;21
"installations-agricoles-et-aquacoles";21;0;21
"territoire-a-risque-important-d-inondation";21;0;21
"trafic-routier";21;0;21
"zonages-etude";21;0;21
"renovation";19;2;21
"radiations";20;1;21
"energies-renouvelables";19;2;21
"perimetres";21;0;21
"social-et-ressources-humaines";21;0;21
"def";21;0;21
"institution-citoyennete";21;0;21
"dut";18;3;21
"tableau-d-assemblage";21;0;21
"deal";21;0;21
"territoire-a-risque-important-d-";21;0;21
"zones-de-gestion-de-restriction-";20;1;21
"region-bfc";21;0;21
"base-de-donnees";19;2;21
"vedl";21;0;21
"donnees-quantitatives";21;0;21
"amenagement-du-territoires";0;21;21
"aleop";21;0;21
"virus";6;15;21
"economie-du-sport";21;0;21
"action";20;0;20
"administration-generale";19;1;20
"agroalimentaire";8;12;20
"annuels";20;0;20
"application-mobile";6;14;20
"ase";20;0;20
"autopartage";20;0;20
"baignade";19;1;20
"biomasse";20;0;20
"ble";19;1;20
"botanique";14;6;20
"centre-social";20;0;20
"circulation-routiere";5;15;20
"composantes";16;4;20
"ctci";20;0;20
"demande";20;0;20
"diagnostic";20;0;20
"distributeur";20;0;20
"epargne";20;0;20
"epuration";19;1;20
"equipe";8;12;20
"gare de voyageurs";12;8;20
"homme";17;3;20
"ias";10;10;20
"informatique";17;3;20
"institutions-publiques";20;0;20
"laboratoire";16;4;20
"medecin-generaliste";9;11;20
"ministre";16;4;20
"musee-de-france";9;11;20
"naturel";20;0;20
"niveau-de-vie";17;3;20
"nouveaux";20;0;20
"origine";19;1;20
"politique-publique-democratie";17;3;20
"programme";19;1;20
"recherche-publique";20;0;20
"recrutement";19;1;20
"sage";20;0;20
"schema";20;0;20
"site-internet";18;2;20
"ski";17;3;20
"tonnage";20;0;20
"élus";16;4;20
"ddt-63";20;0;20
"mortagne-sur-sevre";20;0;20
"classement-sonore";20;0;20
"eaux-usees";20;0;20
"qpv";20;0;20
"site-protege";20;0;20
"geophysique";20;0;20
"rebent";20;0;20
"elections-departementales";18;2;20
"geodesie";19;1;20
"refugie";20;0;20
"atlas-aquitaine";20;0;20
"assolement";20;0;20
"dpas";20;0;20
"social-sante";20;0;20
"budgets-annexes";20;0;20
"economie-emploi";19;1;20
"annexe-informative";20;0;20
"simulateurs-dila";19;1;20
"dune-du-pilat";20;0;20
"social-enfance-sante";20;0;20
"inclusion-numerique";18;2;20
"documents-durbanisme";20;0;20
"nuisance-n-bruit";20;0;20
"htb";20;0;20
"aeroscopia";20;0;20
"plf-2013";19;1;20
"gracethd";20;0;20
"covid2019";1;19;20
"challengeopendata";20;0;20
"aide-au-logement";19;0;19
"alsace";17;2;19
"audiovisuel";15;4;19
"avenue";19;0;19
"biens-culturels";19;0;19
"candidatures";19;0;19
"capacite";19;0;19
"categorie";18;1;19
"centres";17;2;19
"collectivite";16;3;19
"commerce-exterieur";14;5;19
"consacrees";19;0;19
"contrat";18;1;19
"couple";17;2;19
"egalite-homme-femme";12;7;19
"employees";19;0;19
"eple";19;0;19
"expositions";17;2;19
"ferroviaire";18;1;19
"festival";13;6;19
"financiers";19;0;19
"fonds";18;1;19
"france métropolitaine";17;2;19
"indemnites";19;0;19
"installations-de-suivi-environnemental";19;0;19
"lac";14;5;19
"livraison";18;1;19
"maires";14;5;19
"menu";18;1;19
"numérique";16;3;19
"observation";19;0;19
"personne-handicapee";19;0;19
"pesticide";16;3;19
"rapportant";19;0;19
"recyclage-des-dechets";11;8;19
"regularite";18;1;19
"ressources";19;0;19
"structures";17;2;19
"transport_public";17;2;19
"vegetaux";17;2;19
"vert";17;2;19
"zae";19;0;19
"zone-protegee";17;2;19
"data2c";0;19;19
"Production";19;0;19
"limites-administratives-et-decoupage-des-territoires-limites-administratives";19;0;19
"zonages";17;2;19
"pluie";19;0;19
"eau-utilisation-autre";19;0;19
"agen";18;1;19
"midi-pyrenees";16;3;19
"ddt-03";19;0;19
"logement-politique-de-la-ville-politique-de-la-ville";19;0;19
"zrr";17;2;19
"office-de-tourisme";19;0;19
"air-climat-changement-climatique";19;0;19
"telecom";17;2;19
"cdi";18;1;19
"stop";19;0;19
"economie-sociale-et-solidaire";17;2;19
"empreinte-ecologique";18;1;19
"prescriptions";19;0;19
"titres-de-transport";19;0;19
"prioritaire";19;0;19
"aide-sociale-a-lenfance";19;0;19
"sectorisation";19;0;19
"start-up";18;1;19
"habitat-indigne";19;0;19
"moselle";18;1;19
"logement-politique-de-la-ville-p";19;0;19
"description-du-reseau";19;0;19
"ddt-allier";19;0;19
"cours-eau";19;0;19
"rrn";19;0;19
"zbr";19;0;19
"tahiti";19;0;19
"gard";18;1;19
"vente-immobiliere";16;3;19
"3-milles";19;0;19
"protection-de-lenvironnement";18;1;19
"aom";19;0;19
"polluant-de-leau";18;1;19
"natixis-investment-managers-international";19;0;19
"lfi-2014";19;0;19
"adressage";19;0;19
"corona";12;7;19
"sars-cov-2";7;12;19
"coronavirusfrance";1;18;19
"accessibilité";15;3;18
"actif";18;0;18
"administrations";17;1;18
"aide-directe";18;0;18
"arrondissement";17;1;18
"bpe";8;10;18
"bâtiments";18;0;18
"cada";16;2;18
"chambre";18;0;18
"chateau";18;0;18
"citoyen";13;5;18
"collège";16;2;18
"communales";8;10;18
"concessions";17;1;18
"conseil municipal";17;1;18
"danse";16;2;18
"dependance";17;1;18
"distribution";18;0;18
"documents";17;1;18
"donnes";18;0;18
"démocratie";17;1;18
"déplacements - transports";16;2;18
"electeur";17;1;18
"elections-regionales";12;6;18
"espaces";18;0;18
"etang";13;5;18
"femmes";13;5;18
"francais-de-l-etranger";17;1;18
"francais-etablis-hors-de-france";18;0;18
"guerre";16;2;18
"immeuble";17;1;18
"inpi";16;2;18
"metiers";16;2;18
"monetaires";18;0;18
"nantes";13;5;18
"nitrates";17;1;18
"operateur";14;4;18
"orthophotoplan";17;1;18
"pac";16;2;18
"paje";17;1;18
"personnels";18;0;18
"pole-emploi";13;5;18
"privation";18;0;18
"radar";13;5;18
"recherche-universitaire";17;1;18
"rpps";7;11;18
"réseau";10;8;18
"schema-directeur-de-la-region";18;0;18
"square";18;0;18
"totales";18;0;18
"totem";18;0;18
"zus";18;0;18
"url";18;0;18
"élections cantonales";14;4;18
"coworking";17;1;18
"élections départementales 2015";10;8;18
"départementales";14;4;18
"amenagement-urbanisme-assiette-servitude";18;0;18
"sites-industriels";18;0;18
"boamp";10;8;18
"donnee-generique-demographie";18;0;18
"environnement-espace-naturel";18;0;18
"agriculture-exploitation-elevage";17;1;18
"enseignement-general";9;9;18
"ecole-maternelle";17;1;18
"loi-1901";17;1;18
"pratiques-culturelles";18;0;18
"second-tour";16;2;18
"subvention-municipale";17;1;18
"vehicules-electriques";15;3;18
"orne";17;1;18
"rh";17;1;18
"sicoval";18;0;18
"internat";18;0;18
"bioenergies";18;0;18
"production-electrique";17;1;18
"locavore";18;0;18
"capteur-trafic";18;0;18
"ddt-puy-de-dome";18;0;18
"aspects-militaires";18;0;18
"delimitation";18;0;18
"finacement";18;0;18
"transition-ecologique";15;3;18
"no";18;0;18
"noirmoutier-en-lile-85163";18;0;18
"plan-deau";18;0;18
"scot-sudocuh";18;0;18
"mobilite-douce";15;3;18
"gestion-du-littoral-et-de-la-mer";18;0;18
"emploi-temps-plein";18;0;18
"outre-mer-ocean-indien";18;0;18
"coronavirusenfrance";0;18;18
"retraite-solidarite";18;0;18
"anct";12;6;18
"transports-et-mobilites";18;0;18
"pnr-du-morvan";18;0;18
"direction-cohesion";18;0;18
"apl";16;1;17
"autoroute";13;4;17
"campings";6;11;17
"capteur";17;0;17
"certification";17;0;17
"cimetieres";16;1;17
"commission";17;0;17
"conge";16;1;17
"densite";13;4;17
"eau-cotiere";15;2;17
"emplois";15;2;17
"espe";15;2;17
"espece";17;0;17
"gaz-a-effet-de-serre";15;2;17
"grand-etablissement";16;1;17
"hotspot";14;3;17
"industriel";16;1;17
"joafe";16;1;17
"lie";17;0;17
"loi";10;7;17
"lois";8;9;17
"marché public";14;3;17
"meubles";16;1;17
"monde";8;9;17
"municipal";17;0;17
"offre";17;0;17
"ouverture";17;0;17
"parc-naturel-regional";16;1;17
"pensions";17;0;17
"personne-agee";17;0;17
"personnes âgées";16;1;17
"pesticides";11;6;17
"pib";9;8;17
"placement";17;0;17
"ports";16;1;17
"poste";15;2;17
"produits";6;11;17
"puissance";16;1;17
"qualite-des-soins";17;0;17
"reconnaissance";17;0;17
"remuneration";14;3;17
"rmi";17;0;17
"région";12;5;17
"saone";17;0;17
"sel";17;0;17
"sécurité";6;11;17
"titres";17;0;17
"travaillees";17;0;17
"twitter";13;4;17
"wikipedia";9;8;17
"zones-humides";17;0;17
"élections municipales";13;4;17
"prefecture";16;1;17
"actes";17;0;17
"opensource";4;13;17
"tri-des-dechets";14;3;17
"organisation-du-suivi-de-l-eau-programmes-de-surveillance-reseaux-de-mesure";17;0;17
"classification-de-l-usage-des-sols";17;0;17
"infrastructure-routiere";17;0;17
"2-basse-normandie";17;0;17
"specification-departementale";17;0;17
"mer-littoral-topographie";17;0;17
"zonage-reglementaire";17;0;17
"dechetteries";16;1;17
"asso";16;1;17
"amenagement-urbain";16;1;17
"poissons-migrateurs";17;0;17
"midi-pyrénées";16;1;17
"Gare de voyageurs";17;0;17
"algue";17;0;17
"elections-departementales-2015";9;8;17
"grand-paris-express";16;1;17
"meudon-la-foret";17;0;17
"ecologique";16;1;17
"cars";16;1;17
"rnsr";17;0;17
"zone-reglementee";17;0;17
"lisieux";17;0;17
"navette";16;1;17
"noirmoutier-en-l-ile-85163";17;0;17
"gisement";17;0;17
"pirae";15;2;17
"transport-ferroviaire";17;0;17
"aube";10;7;17
"membres-geomartinique";17;0;17
"horaires-theoriques";16;1;17
"cogeneration";17;0;17
"polluant";17;0;17
"politique-educative";17;0;17
"urb";17;0;17
"geographie-administrative";17;0;17
"coherence-ecologique";17;0;17
"etat-du-milieu-geologie";17;0;17
"hta";17;0;17
"coronavirusupdates";0;17;17
"corsica-statistica";17;0;17
"aerodrome";15;1;16
"almanach";11;5;16
"altimetrie";16;0;16
"antennes";13;3;16
"aot";16;0;16
"arrondissements";8;8;16
"aupres";16;0;16
"bano";12;4;16
"bilaterale";16;0;16
"cantines";16;0;16
"chauffage";14;2;16
"circuit";16;0;16
"co";16;0;16
"conservatoires";16;0;16
"continuite-ecologique";16;0;16
"courrier";16;0;16
"cours";14;2;16
"debat";13;3;16
"depistage";12;4;16
"depute";14;2;16
"deux-roues";14;2;16
"doctorat";15;1;16
"domaine";16;0;16
"domaine-public";15;1;16
"familles";11;5;16
"francais";11;5;16
"garderie";16;0;16
"geocodage";7;9;16
"innondation";16;0;16
"legale";16;0;16
"macroeconomiques";16;0;16
"magasin";8;8;16
"mairies";13;3;16
"medecin-specialiste";7;9;16
"median";16;0;16
"metadonnees";16;0;16
"neptune";16;0;16
"opendataday2010";16;0;16
"paca";1;15;16
"parcellaire";14;2;16
"participants";16;0;16
"pcrdt";14;2;16
"placements";16;0;16
"pole";16;0;16
"prive";16;0;16
"publique";12;4;16
"qualite-de-vie";14;2;16
"regionale";15;1;16
"regionaux";16;0;16
"rennes";2;14;16
"sculpture";13;3;16
"sortie";12;4;16
"taxi";15;1;16
"terrasse";15;1;16
"trottoir";15;1;16
"vacances";15;1;16
"valorisation";16;0;16
"vente";10;6;16
"voitures";10;6;16
"voyage";14;2;16
"zone-humide";16;0;16
"carte interactive";0;16;16
"implantation-des-routes";16;0;16
"bureaux";15;1;16
"concession";16;0;16
"etat-du-milieu-qualite-et-quantite";16;0;16
"rnu";16;0;16
"zonages-agricoles";16;0;16
"Montpellier";16;0;16
"dfci";16;0;16
"itineraires";15;1;16
"carrieres";16;0;16
"enjeu";16;0;16
"données ouvertes";16;0;16
"eaux-de-transition-estuaires";16;0;16
"impact-eco";1;15;16
"canalisation";16;0;16
"animations";16;0;16
"elementaires";16;0;16
"milieu-physique";16;0;16
"benthos";16;0;16
"aides-financieres";16;0;16
"asile-a-la-frontiere";16;0;16
"carte-scolaire";15;1;16
"creches";15;1;16
"essais-cliniques";16;0;16
"location-immobiliere";14;2;16
"modelisation-numerique";16;0;16
"moissonnage";16;0;16
"prix-immobilier";3;13;16
"votes";11;5;16
"mobilite-electrique";16;0;16
"bornes-electriques";12;4;16
"paces";14;2;16
"sdage-2016-2021";16;0;16
"etat-du-milieu-qualite-et-quanti";16;0;16
"cartes-statiques";15;1;16
"amenagement-numerique";16;0;16
"ecoles-primaire";15;1;16
"budget-participatif";15;1;16
"ruralite";15;1;16
"bdlisa";16;0;16
"nca";16;0;16
"chutes-de-blocs";16;0;16
"effondrement";16;0;16
"comptabilites";16;0;16
"fonctionnements";16;0;16
"tresoreries";16;0;16
"200";16;0;16
"denombrement";16;0;16
"tableau-de-bord-regional";16;0;16
"surcotes";16;0;16
"cnaf";16;0;16
"cavem";16;0;16
"lieu-daccueil";16;0;16
"challenge-data";10;6;16
"73065";16;0;16
"accidentologie";11;4;15
"alimentaire";13;2;15
"apa";15;0;15
"aquaculture";15;0;15
"artisan";9;6;15
"audit";15;0;15
"autolib";13;2;15
"auxiliaires";15;0;15
"bac";11;4;15
"bovins";14;1;15
"budget-principal";15;0;15
"cadre";14;1;15
"cardiaque";14;1;15
"cimetière";14;1;15
"concertation";14;1;15
"création";13;2;15
"debarquements";15;0;15
"delinquance";7;8;15
"departs";15;0;15
"desequilibres";15;0;15
"développement durable";13;2;15
"eau-souterraine-hydrogeologie";15;0;15
"eaux";15;0;15
"economie-numerique";8;7;15
"emballage";14;1;15
"emplacement";15;0;15
"encombrants";13;2;15
"entrees";10;5;15
"financement-europeen";13;2;15
"foot";15;0;15
"gic";14;1;15
"haut-debit";14;1;15
"horodateurs";15;0;15
"installation";15;0;15
"maladie";14;1;15
"montant";14;1;15
"monuments historiques";6;9;15
"opah";15;0;15
"orge";14;1;15
"pacs";13;2;15
"parc-de-stationnement";9;6;15
"patients";6;9;15
"peinture";14;1;15
"petite enfance";12;3;15
"piste";15;0;15
"plh";15;0;15
"pont";15;0;15
"population-active";14;1;15
"potable";15;0;15
"precarite";12;3;15
"proportion";13;2;15
"relief";14;1;15
"rev";15;0;15
"securite-sociale";13;2;15
"spectacles";14;1;15
"tableau-de-bord";2;13;15
"taxe";15;0;15
"théâtre";12;3;15
"toilette";14;1;15
"traitement-des-dechets";12;3;15
"transgironde";15;0;15
"tribunaux";10;5;15
"urbanisation";12;3;15
"utilisant";15;0;15
"utilise";15;0;15
"ventes";14;1;15
"videosurveillance";7;8;15
"vigilance";14;1;15
"viticulture";7;8;15
"écoles";12;3;15
"datautile";0;15;15
"enseignement supérieur";7;8;15
"jurisprudence";10;5;15
"lieux-de-surveillance";15;0;15
"activite-industrielle";15;0;15
"diro";15;0;15
"geojson";11;4;15
"boutique";14;1;15
"conseil-regional-rhone-alpes";15;0;15
"risque-zonages-risque-technologique";15;0;15
"quartiers-prioritaires";15;0;15
"marmande";14;1;15
"risque-minier";15;0;15
"bassin-adour-garonne";15;0;15
"rte";14;1;15
"aladin";15;0;15
"cnrm";15;0;15
"ars";14;1;15
"annonces";9;6;15
"ppige";14;1;15
"cotations";14;1;15
"faune-flore";15;0;15
"2ieme";15;0;15
"communes-nouvelles";12;3;15
"ecole-elementaire";14;1;15
"egalite-hommes-femmes";10;5;15
"etablissements-scolaires";14;1;15
"humidite";15;0;15
"informations-institutionnelles-et-financieres";15;0;15
"manifestations";14;1;15
"police-municipale";15;0;15
"polynesie";15;0;15
"premier-tour";13;2;15
"previsions-meteo";15;0;15
"prise-de-vue-aerienne";15;0;15
"vie-politique";14;1;15
"ancien";13;2;15
"creation-dentreprise";15;0;15
"sections-de-comptage";15;0;15
"ingenieurs";14;1;15
"cd-ain";15;0;15
"habitat-politique-de-la-ville-pa";15;0;15
"autres-filieres";15;0;15
"avion";15;0;15
"cog";12;3;15
"points-dapport-volontaire";15;0;15
"affaissement";15;0;15
"environnement-urbain";15;0;15
"pied-de-falaise";15;0;15
"sommet-de-falaise";15;0;15
"polynesie-francaise";13;2;15
"admin-express";15;0;15
"article-23";15;0;15
"wfd-groundwater-body";15;0;15
"milieux-aquatiques";15;0;15
"finances-departementales";15;0;15
"variete";15;0;15
"thermosensibilite";15;0;15
"usages-non-thermosensibles";15;0;15
"usages-thermosensibles";15;0;15
"annonces-immobilieres";14;1;15
"fxx";15;0;15
"departement-des-alpes-maritimes";15;0;15
"vie-de-linstitution";15;0;15
"sport-et-nature";15;0;15
"inventaire-faune";15;0;15
"neuvillesaintremy";7;8;15
"meudon-fr";15;0;15
"agence";13;1;14
"ambassade";7;7;14
"assurances";14;0;14
"attractivite";13;1;14
"autonomie";13;1;14
"avis";11;3;14
"bassin-versant";14;0;14
"bathymétrie";14;0;14
"boursier";13;1;14
"bureauxdevote";11;3;14
"cartes";7;7;14
"chaque";14;0;14
"charges";13;1;14
"chasse";14;0;14
"clinique";11;3;14
"cms";14;0;14
"code";12;2;14
"connexion";14;0;14
"cours-d-eau";8;6;14
"credit";13;1;14
"cuisine";12;2;14
"debarquement";14;0;14
"demographiques";14;0;14
"deuxieme";14;0;14
"directs";14;0;14
"effectif-scolaire";14;0;14
"effectivement";14;0;14
"elevage";12;2;14
"enseignants";13;1;14
"entrants";14;0;14
"espace-protege";14;0;14
"financieres";14;0;14
"football";11;3;14
"géolocalisé";2;12;14
"image";14;0;14
"images";14;0;14
"incidence";5;9;14
"jusqu";14;0;14
"liees";14;0;14
"listes";13;1;14
"locaux";14;0;14
"longue";14;0;14
"materielle";14;0;14
"militaire";13;1;14
"mobilib";14;0;14
"molene";12;2;14
"moyennes";14;0;14
"nuisances";14;0;14
"oeb";14;0;14
"onf";10;4;14
"parc-relais";14;0;14
"payees";14;0;14
"pietons";14;0;14
"police-nationale";7;7;14
"rejets";14;0;14
"rhst";14;0;14
"senateurs";13;1;14
"sonore";14;0;14
"superieur";12;2;14
"taxes";13;1;14
"trace";14;0;14
"transferts";14;0;14
"voie-verte";14;0;14
"infrarouge";14;0;14
"remi";14;0;14
"fluvial";14;0;14
"infrastructures-de-transport";14;0;14
"regions-biogeographiques";14;0;14
"foncier-sol";14;0;14
"production-vegetale-culture";14;0;14
"decoupage-electoral";13;1;14
"emplacements";14;0;14
"espace-public-mobilier-urbain";14;0;14
"sitadel";14;0;14
"gauville";14;0;14
"villers-bocage";14;0;14
"millevaches-en-limousin";14;0;14
"élections régionales 2015";11;3;14
"activites-humaines-divers";14;0;14
"peuplement-biologique";14;0;14
"yonne";13;1;14
"cable";12;2;14
"transports-routiers";14;0;14
"sanisette";13;1;14
"erosion-cotiere";14;0;14
"ligne-de-mosaiquage";14;0;14
"democratie-locale";12;2;14
"mecenat";14;0;14
"recherche-clinique";14;0;14
"station-de-charge";12;2;14
"zone-30";14;0;14
"angers";9;5;14
"zone-rouge";14;0;14
"alpc";14;0;14
"composteurs";14;0;14
"x-ray-diffraction";14;0;14
"plateforme-publique-de-l-information-geographique";14;0;14
"biomethane";13;1;14
"graphiques";0;14;14
"cyclotourisme";14;0;14
"egalite-femme-homme";9;5;14
"front-dunaire";14;0;14
"siba";14;0;14
"institution-publique";14;0;14
"pyrenees-orientales";13;1;14
"var";12;2;14
"engin";14;0;14
"ramassage";14;0;14
"plans-locaux-durbanisme";14;0;14
"grand-debat";3;11;14
"minimum-garanti";14;0;14
"plum";14;0;14
"observatoire-territorial";14;0;14
"cotation-nationale";14;0;14
"plan-occupation-des-sols";14;0;14
"prix-du-m2";1;13;14
"portails-immobiliers";14;0;14
"saint-denis";13;1;14
"bassin-minier-nord-pas-de-calais";14;0;14
"economic-development";14;0;14
"employment";14;0;14
"sme";14;0;14
"monlittoral";14;0;14
"gestion-post-crise";14;0;14
"abonnes";13;0;13
"accueil des étrangers";13;0;13
"achats";13;0;13
"acquisition de la nationalité";13;0;13
"activite-touristique";4;9;13
"administration-electronique";11;2;13
"aide-financiere";13;0;13
"aides-la-presse-ecrite";12;1;13
"animation-socioculturelle";2;11;13
"anru";13;0;13
"apprentissage de la langue française";13;0;13
"assainissement-collectif";13;0;13
"berges";12;1;13
"boursiers";13;0;13
"budget-2011";12;1;13
"budget-annexe";13;0;13
"cafe";10;3;13
"cai";13;0;13
"chant";9;4;13
"chantier";12;1;13
"circonstances";13;0;13
"cles";13;0;13
"consommation-d-energie";7;6;13
"crous";11;2;13
"cultivee";13;0;13
"data-gouv-fr";11;2;13
"dcat";13;0;13
"defense";8;5;13
"demographie-medicale";4;9;13
"developpement-local";13;0;13
"dgddi";5;8;13
"digital";11;2;13
"ecu";13;0;13
"effets collectifs";13;0;13
"emballages";13;0;13
"enseignement général";4;9;13
"entrepreneuriat";13;0;13
"epci-a-fiscalite-propre";7;6;13
"etablissement-hospitalier";8;5;13
"etablissements-de-sante";12;1;13
"exploitation-agricole";12;1;13
"fleuve";8;5;13
"fréquentation";13;0;13
"generales";13;0;13
"gig";12;1;13
"grand_paris";13;0;13
"grand_paris_express";12;1;13
"hors";13;0;13
"immobiliers";11;2;13
"impots-locaux";7;6;13
"informations";11;2;13
"inlandwaters";10;3;13
"inscrits";12;1;13
"internaute";13;0;13
"irrigation";13;0;13
"isf";4;9;13
"jeu";10;3;13
"lait";13;0;13
"lieux";12;1;13
"locale";13;0;13
"mais";13;0;13
"marseille";8;5;13
"mediatheques";12;1;13
"metier";12;1;13
"nationalité française";13;0;13
"nourriture";8;5;13
"ouvrages";13;0;13
"particulier";12;1;13
"pev";13;0;13
"politique-de-l-environnement";6;7;13
"politique-sociale";13;0;13
"polluants";12;1;13
"pompier";11;2;13
"pourcentages";13;0;13
"pratiques culturelles";13;0;13
"prestation-autonomie";13;0;13
"produits-alimentaires";1;12;13
"profession";12;1;13
"projections";11;2;13
"proximité";8;5;13
"publication";11;2;13
"publicite";12;1;13
"raccordement";12;1;13
"rdf";5;8;13
"redecoupage";13;0;13
"referendum";9;4;13
"regimes";13;0;13
"reseau-postal";13;0;13
"reservation";11;2;13
"rivieres";11;2;13
"réintégration";13;0;13
"site-naturel";7;6;13
"site-web";11;2;13
"sociale";13;0;13
"tennis";12;1;13
"union-europeenne";9;4;13
"zac";13;0;13
"zoo";11;2;13
"élections européennes 2014";9;4;13
"élections législatives";12;1;13
"éloignement des étrangers";13;0;13
"partenariat";13;0;13
"data2b";0;13;13
"espaces verts";12;1;13
"bocage";12;1;13
"dépenses culturelles";13;0;13
"hydrographie-zonages-perimetres-et-programmes-d-action";13;0;13
"activite-economique-agriculture-et-elevage";13;0;13
"patrimoine-naturel-zonages-de-protection-de-gestion-ou-d-intervention";13;0;13
"reseau-routier-national";12;1;13
"site-eolien";13;0;13
"risque-risque-minier";13;0;13
"tonneins";13;0;13
"culture-societe-service-patrimoine-culturel";13;0;13
"afr";11;2;13
"meneslies";13;0;13
"nouvion";13;0;13
"impact-adm";0;13;13
"pnr-millevaches";13;0;13
"alf";13;0;13
"als";13;0;13
"finances publiques";13;0;13
"Ile-de-France";13;0;13
"social et ressources humaines";13;0;13
"patrimoine-naturel-autres";13;0;13
"schema-regional-de-coherence-ecologique";13;0;13
"i-2-g";13;0;13
"accueil-des-etrangers";13;0;13
"bassin-loire-bretagne";13;0;13
"comptes-annuels";13;0;13
"courbes-de-niveau";13;0;13
"effets-collectifs";13;0;13
"elections-regionales-2015";10;3;13
"eloignement-des-etrangers";13;0;13
"horaires-et-itineraires";13;0;13
"pedagogie";13;0;13
"reintegration";13;0;13
"couverture-mobile";3;10;13
"haute-savoie";11;2;13
"savoie";11;2;13
"intelligence-artificielle";3;10;13
"abattoir";13;0;13
"sentiers";13;0;13
"sante-humaine";12;1;13
"region-normandie";13;0;13
"examens";13;0;13
"troncon-elementaire";13;0;13
"apprentissage-de-la-langue-franc";13;0;13
"hydrographie-zonages-perimetres-";13;0;13
"montpellier-mediterranee-metropo";13;0;13
"patrimoine-naturel-zonages-de-pr";13;0;13
"courbes-isophones";13;0;13
"2006";13;0;13
"deploiement";10;3;13
"parapente";13;0;13
"vincennes";12;1;13
"gares-de-voyageurs";13;0;13
"mandat";13;0;13
"conseil-departemental-89";13;0;13
"solidaire";12;1;13
"fonds-raster";13;0;13
"tri-plus";13;0;13
"tao";13;0;13
"autres-coquillages";13;0;13
"budget-primitf";13;0;13
"etablissement-denseignement";13;0;13
"zone-damenagement-du-territoire";13;0;13
"cohabitation";13;0;13
"terminus";13;0;13
"ver";13;0;13
"tourteaux";13;0;13
"profil-acheteur";13;0;13
"article-179";13;0;13
"roubaix";13;0;13
"plan-doccupation-des-sols";13;0;13
"bassin-dentreprises";13;0;13
"reseaux-routiers";13;0;13
"gbfs";13;0;13
"lignes-regulieres";13;0;13
"aide-publique-au-developpement";13;0;13
"cd37";13;0;13
"anciennetes";13;0;13
"bonifications";13;0;13
"decotes";13;0;13
"droits-directs";13;0;13
"liquidations";13;0;13
"notre-territoire";13;0;13
"gradient";13;0;13
"thermosensible";13;0;13
"patrimoine-tourisme-culture";13;0;13
"maison-de-la-nature-et-de-larbre";13;0;13
"images-aeriennes";13;0;13
"circuit-scolaire";13;0;13
"covid-tracker";0;13;13
"masque";13;0;13
"solidarites-sante";13;0;13
"dtcm";13;0;13
"ofgl";13;0;13
"version-prod";13;0;13
"accueil-familial";12;0;12
"acteurs-institutionnels";11;1;12
"aire-urbaine";8;4;12
"arbres-remarquables";9;3;12
"artistes";12;0;12
"baccalaureat";7;5;12
"bar";10;2;12
"batiment-public";12;0;12
"besoin";12;0;12
"carbone";11;1;12
"ccpa";12;0;12
"coeur";11;1;12
"competences";9;3;12
"conciliation";12;0;12
"construire";11;1;12
"cooperation-decentralisee";12;0;12
"crimes";5;7;12
"cuve";12;0;12
"decision";10;2;12
"denrees";12;0;12
"deposees";12;0;12
"depot";12;0;12
"donnees-personnelles";10;2;12
"douanes";10;2;12
"education-prioritaire";9;3;12
"elections-presidentielles";10;2;12
"electronique";11;1;12
"emission";12;0;12
"employe";12;0;12
"energie-solaire";7;5;12
"espaces-naturels-sensibles";12;0;12
"especes";12;0;12
"feder";12;0;12
"forets";9;3;12
"garage";6;6;12
"gastronomie";11;1;12
"ges";12;0;12
"gites";12;0;12
"grille";12;0;12
"hackathon";4;8;12
"hospitalisations";3;9;12
"hydrometrie";12;0;12
"idh";11;1;12
"inegalites";5;7;12
"institutions";9;3;12
"jour";12;0;12
"journaux";7;5;12
"lampadaire";12;0;12
"libre";12;0;12
"limites-politiques";2;10;12
"manufacturiere";12;0;12
"marché";11;1;12
"maree";10;2;12
"marque";11;1;12
"meuble";11;1;12
"minima-sociaux";12;0;12
"ministres";11;1;12
"moteur";4;8;12
"météo";9;3;12
"nfc";12;0;12
"occupees";12;0;12
"oeuvre";12;0;12
"parc-naturel";6;6;12
"partage";12;0;12
"pch";12;0;12
"piéton";11;1;12
"plans";12;0;12
"poisson";12;0;12
"politiques";11;1;12
"poteau";12;0;12
"president";11;1;12
"raisins";12;0;12
"raison";12;0;12
"rapport";10;2;12
"religion";10;2;12
"res";1;11;12
"restauration-collective";11;1;12
"salon";11;1;12
"sante-sociale";8;4;12
"securite-des-soins";12;0;12
"sens";12;0;12
"soin";12;0;12
"spectacle vivant";12;0;12
"tabac";11;1;12
"technologie";9;3;12
"transport-aerien";12;0;12
"urbaines";12;0;12
"uta";12;0;12
"val-de-marne";9;3;12
"vues-aeriennes";12;0;12
"restrictions";12;0;12
"enseignement-secondaire";12;0;12
"pharmacies";6;6;12
"collections";11;1;12
"mode doux";12;0;12
"aires-de-jeux";11;1;12
"canevas";12;0;12
"pau";11;1;12
"abris";12;0;12
"intermodalite";11;1;12
"grid";12;0;12
"circuit-touristique";12;0;12
"moyen-de-transport";12;0;12
"médicament";9;3;12
"bâtiment";12;0;12
"pluvial";12;0;12
"tournage";12;0;12
"zonages-paysage";12;0;12
"foncier-agricole";11;1;12
"sante-vegetale";12;0;12
"habitat-politique-de-la-ville-politique";12;0;12
"maet";12;0;12
"step";12;0;12
"colayrac-saint-cirq";12;0;12
"donnee-generique-action-publique";12;0;12
"captage";12;0;12
"gers";11;1;12
"saint-barthelemy";12;0;12
"lden";12;0;12
"collecte-selective-des-dechets";12;0;12
"chantiers";11;1;12
"habitat-urbain";12;0;12
"arcachon";11;1;12
"impact-soc";0;12;12
"eaje";11;1;12
"synthese";6;6;12
"sedimentologie";12;0;12
"zones-de-gestion";12;0;12
"necmergitur";12;0;12
"ent";12;0;12
"urbanisme-reglementaire";12;0;12
"aides-aux-entreprises";11;1;12
"chiffre-daffaires";11;1;12
"elections-europeennes-2014";8;4;12
"industrie-pharmaceutique";11;1;12
"interconnexion";12;0;12
"point-de-collecte";12;0;12
"residence-pricipale";12;0;12
"resultat-dexercice";12;0;12
"station-service";7;5;12
"tour-1";10;2;12
"usagers";12;0;12
"antennes-relais";3;9;12
"carte-de-france";0;12;12
"memoire";11;1;12
"foret-foret";12;0;12
"dma";12;0;12
"sportif";11;1;12
"yvelines";9;3;12
"dea";12;0;12
"tiers-lieux";12;0;12
"marches-conclus";12;0;12
"incendie-de-foret";12;0;12
"debats";12;0;12
"borne-de-rechargement-electrique";12;0;12
"se-garer";12;0;12
"topologie";12;0;12
"archives-departementales";12;0;12
"gestion-des-ressources-en-eau";12;0;12
"corridor";12;0;12
"lolf";12;0;12
"lycees-professionnels";12;0;12
"lot";11;1;12
"culture-societe-service-enseigne";12;0;12
"plan-local-durbanisme";12;0;12
"haute-garonne";11;1;12
"agence-d-urbanisme-d-orleans";12;0;12
"tbm";12;0;12
"sdes";11;1;12
"enquete-gares-connexions";12;0;12
"m14";12;0;12
"saeiv";12;0;12
"planification-cadastre";12;0;12
"circuit-court";12;0;12
"pop";12;0;12
"parcoursup";9;3;12
"point-dapport-volontaire";12;0;12
"coquille-saint-jacques";12;0;12
"decret-ndeg2017-486";12;0;12
"maillage";11;1;12
"prenom-naissance";3;9;12
"rivers-water-framework-directive";12;0;12
"mediation-numerique";12;0;12
"plan-climat-air-energie-pcae";12;0;12
"production-delectricite";12;0;12
"recharge-vehicules-electriques";10;2;12
"agence-durbanisme-dorleans";12;0;12
"pollution-par-lagriculture";12;0;12
"grand-debat-national";1;11;12
"csb";12;0;12
"salifere";12;0;12
"plr-2011";12;0;12
"vieillesses";12;0;12
"environnement-energie";12;0;12
"val-de-fensch";12;0;12
"occupation-des-sols";12;0;12
"bt";12;0;12
"espaces-verts-environnement";12;0;12
"etat-du-milieu-hydrodynamique";12;0;12
"defaillances";12;0;12
"datagouv";12;0;12
"ea-public";12;0;12
"biodiversite-et-environnement";12;0;12
"article-d-111-66";12;0;12
"inventaire-flore";12;0;12
"adultes";11;0;11
"agences";11;0;11
"alignement";10;1;11
"analyses";8;3;11
"annuel";11;0;11
"appellation-d-origine";2;9;11
"arceau";11;0;11
"armee";10;1;11
"arrondies";11;0;11
"borne de recharge";11;0;11
"boulevard";11;0;11
"brevets";10;1;11
"cad";11;0;11
"chemins";11;0;11
"cnda";11;0;11
"collaboratif";7;4;11
"collecte-citoyenne";2;9;11
"commerciales";11;0;11
"composition-nutritionnelle";1;10;11
"constructions-humaines";11;0;11
"contrats";10;1;11
"cout";10;1;11
"crise-sanitaire";10;1;11
"culte";10;1;11
"culture-regionale";11;0;11
"date";10;1;11
"diplomatie";7;4;11
"distributeurs";11;0;11
"dlpaj";4;7;11
"documentation";8;3;11
"domicile";8;3;11
"don";11;0;11
"donateurs";11;0;11
"drees";10;1;11
"edition";10;1;11
"effectifs-superieur";8;3;11
"enseignement technologique";3;8;11
"epin";11;0;11
"equipements-culturels";8;3;11
"essais_cliniques";11;0;11
"examen";10;1;11
"exportations";8;3;11
"fonctionnaires";11;0;11
"foyer";11;0;11
"gouvernance";11;0;11
"grippe";4;7;11
"groupe";11;0;11
"industrie_pharmaceutique";11;0;11
"ingredients";2;9;11
"jeux-de-donnees";11;0;11
"labels";2;9;11
"large";10;1;11
"liste-electorale";10;1;11
"marche-de-fournitures";11;0;11
"marche-de-services";11;0;11
"mere";11;0;11
"millions";11;0;11
"mur";11;0;11
"ménages";6;5;11
"naissances-annuelles";5;6;11
"nouvelle-caledonie";11;0;11
"ofpra";11;0;11
"organisations";11;0;11
"paiement";11;0;11
"parking-public";9;2;11
"peuplement";10;1;11
"png";11;0;11
"pompiers";10;1;11
"prestations";10;1;11
"professionnel";10;1;11
"quintile";11;0;11
"recherche et développement";9;2;11
"recherche_clinique";11;0;11
"relatif";11;0;11
"remunerees";11;0;11
"repartition";7;4;11
"résultats_électoraux";5;6;11
"sante-publique";3;8;11
"scientifique";11;0;11
"sejour";10;1;11
"selectif";10;1;11
"sondage";9;2;11
"sonores";11;0;11
"sorties";8;3;11
"sous-groupes";11;0;11
"standard";11;0;11
"statut";10;1;11
"taille";9;2;11
"transport-routier";11;0;11
"travailleur-social";11;0;11
"troncon";11;0;11
"ugb";11;0;11
"utilisation";9;2;11
"velib";9;2;11
"veloroute";11;0;11
"viticole";3;8;11
"évolution";10;1;11
"SA-c-curitA-c-sanitaire";11;0;11
"machine-learning";1;10;11
"litto3d";11;0;11
"corbeille";11;0;11
"propreté";11;0;11
"android";2;9;11
"élections départementales";9;2;11
"toilettes-publiques";9;2;11
"site-industriel-production";11;0;11
"autre";11;0;11
"caserne";11;0;11
"feu";11;0;11
"cil";8;3;11
"nature-paysage-biodiversite-zonages-nature";11;0;11
"onema-rhone-alpes";11;0;11
"foret-description";10;1;11
"foret-reglement";11;0;11
"chaulnes";11;0;11
"clermont-dessous";11;0;11
"mer-littoral-culture-marine";11;0;11
"installations-classees";11;0;11
"ios";1;10;11
"circonscriptions-legislatives";6;5;11
"mae";11;0;11
"adsl";5;6;11
"investissement-locatif";8;3;11
"ptz";6;5;11
"aqueux";11;0;11
"masses";11;0;11
"polluees";11;0;11
"impact-demo";0;11;11
"demi-pension";11;0;11
"maternelles";11;0;11
"h2020";10;1;11
"la-reunion";10;1;11
"orange";7;4;11
"inactif";11;0;11
"monoparentale";11;0;11
"dpds";11;0;11
"corridors-ecologiques";11;0;11
"ssp";10;1;11
"chiffres-cles";11;0;11
"comptage-et-flux";11;0;11
"indicateur-de-valeur-ajoutee";3;8;11
"photo-aerienne";11;0;11
"qualite-de-service";10;1;11
"residences-principales";6;5;11
"wifi-public";6;5;11
"cr";11;0;11
"donnee-generique-habillage";11;0;11
"validations-telebillettiques";11;0;11
"movements";11;0;11
"dsoe";11;0;11
"systeme-de-maillage-geographique";11;0;11
"transport-networks";11;0;11
"arceaux";11;0;11
"appels-a-projets";11;0;11
"vie-citoyenne";10;1;11
"association-des-utilisateurs-de-bornes-electriques";5;6;11
"dashboard";0;11;11
"cahors";10;1;11
"mobilite-transport-transport-mar";11;0;11
"exposition-sonore";11;0;11
"astronomie";11;0;11
"eolien-terrestre";11;0;11
"tbc";11;0;11
"tracages";11;0;11
"rencontre";11;0;11
"m57";11;0;11
"mobilite-transport-modes-actifs";11;0;11
"benzene";11;0;11
"emission-atmospherique";11;0;11
"banque-populaire";11;0;11
"eboulement";11;0;11
"saint-raymond";11;0;11
"gnv";11;0;11
"com-agglo-brive";11;0;11
"electorale";11;0;11
"universite-paris-nanterre";11;0;11
"nanterre";10;1;11
"orchestre-de-douai";11;0;11
"constructibilite";11;0;11
"code-source";8;3;11
"culture-et-tourisme";11;0;11
"xynthia";11;0;11
"projet-annuel-de-performance";11;0;11
"wfd-surface-water-body-river";11;0;11
"source-demission";11;0;11
"oise-mobilite";11;0;11
"guf";11;0;11
"mds";11;0;11
"orthophotoplans";11;0;11
"placements-financiers";11;0;11
"budget-2019";11;0;11
"triticale";11;0;11
"plan-de-ville";11;0;11
"batiment-et-energie";11;0;11
"bd-inventaire";11;0;11
"invalidites";11;0;11
"idelis";11;0;11
"territoire-solidarite";11;0;11
"dasco";11;0;11
"pontault-combault";11;0;11
"capvm";11;0;11
"coronavirustraking";0;11;11
"plan-local-durbanisme-intercommunal";11;0;11
"connaitre-la-cdc";11;0;11
"bus-et-tramway";11;0;11
"neuville-saint-remy";7;4;11
"aah";10;0;10
"acces-aux-droits";9;1;10
"accidents-de-la-route";4;6;10
"acteurs";9;1;10
"activité";5;5;10
"actuelle";10;0;10
"agent-social";10;0;10
"aire-geographique";5;5;10
"alcool";9;1;10
"alimentation-humaine";3;7;10
"annee";9;1;10
"annexe";10;0;10
"antenne";7;3;10
"ape";8;2;10
"appels";10;0;10
"artificialisation";9;1;10
"atlantique";10;0;10
"bigdata";1;9;10
"biodiversité";6;4;10
"boulodrome";10;0;10
"budget-de-l-etat";7;3;10
"carriere";9;1;10
"cheptel";10;0;10
"chomeur";8;2;10
"collecte-selective";7;3;10
"collectivités";8;2;10
"combustibles";10;0;10
"commissions";10;0;10
"controle-de-legalite";10;0;10
"couleur";9;1;10
"cultures";7;3;10
"decret";5;5;10
"developpement-humain";10;0;10
"dpm";10;0;10
"ecotourisme";6;4;10
"emprise";10;0;10
"exclue";10;0;10
"feader";10;0;10
"fonction-publique-territoriale";9;1;10
"fourniture";10;0;10
"fournitures";10;0;10
"fse";10;0;10
"garde";9;1;10
"gendarmerie-nationale";3;7;10
"girci";10;0;10
"guide";9;1;10
"hauts-de-seine";6;4;10
"illustration";10;0;10
"importations";8;2;10
"indicateur de valeur ajoutée";2;8;10
"industries";8;2;10
"innovantes";10;0;10
"insertion-sociale";8;2;10
"interieure";9;1;10
"intra-regionale";10;0;10
"juridique";9;1;10
"librairie";5;5;10
"lycee-public";10;0;10
"maisons";10;0;10
"massif";9;1;10
"mode";9;1;10
"mode-de-garde";10;0;10
"multilaterale";10;0;10
"nationales";10;0;10
"nationalite";9;1;10
"ordonnances";3;7;10
"paysages";10;0;10
"pendant";10;0;10
"personnes";10;0;10
"plateforme";8;2;10
"points";10;0;10
"poissons";10;0;10
"portail";6;4;10
"pratique";10;0;10
"precedente";10;0;10
"preemption";10;0;10
"pression";9;1;10
"procedure";9;1;10
"produits-de-sante";10;0;10
"profession-sante";7;3;10
"promenades";10;0;10
"prospective";10;0;10
"protection patrimoine";1;9;10
"reconversion";10;0;10
"rentabilite";7;3;10
"reseau-de-bus";5;5;10
"reserve-de-biosphere";4;6;10
"reserve-de-faune";4;6;10
"reserve-de-flore";4;6;10
"responsabilite-societale";10;0;10
"rural";10;0;10
"sau";10;0;10
"signaletique";9;1;10
"sociaux";10;0;10
"spanc";10;0;10
"sports-et-loisirs";7;3;10
"telechargement";6;4;10
"telecommunications";8;2;10
"territoriaux";10;0;10
"totaux";10;0;10
"tour 2";10;0;10
"tranche";10;0;10
"transport-fluvial";10;0;10
"ude";10;0;10
"ue";8;2;10
"usees";10;0;10
"variation";10;0;10
"videoprotection";4;6;10
"vigne";10;0;10
"voie-navigable";10;0;10
"véhicule";10;0;10
"wc";10;0;10
"geofla";9;1;10
"produits-phytosanitaires";9;1;10
"3d";6;4;10
"inscrit";9;1;10
"crèche";8;2;10
"chiens";10;0;10
"budget primitif";10;0;10
"znieff";9;1;10
"referentiels-voies-et-adresses";10;0;10
"activites-humaines-reseaux-d-observation-et-de-surveillance-du-littoral";10;0;10
"bts";9;1;10
"élections régionales";10;0;10
"loi-notre";2;8;10
"INSEE";10;0;10
"acteur";10;0;10
"zone piétonne";10;0;10
"meudon-la-forêt";10;0;10
"quartier-prioritaire";10;0;10
"qualite-pollution";10;0;10
"mine-carriere-granulats";10;0;10
"aides à la presse";9;1;10
"culture-societe-service-erp-autre";10;0;10
"risque-seisme";10;0;10
"nuisance-dechet";10;0;10
"habitat-politique-de-la-ville-construction";10;0;10
"pprt-de-la-zone-industrielle-d-amiens-nord";10;0;10
"port-sainte-marie";10;0;10
"intercommunalites";10;0;10
"sentier-de-randonnee";10;0;10
"reservoir";10;0;10
"passeport";9;1;10
"montpellier-mediterranee-metropole-limites-communales-epci-montpellier-limites-administratives";10;0;10
"foncier-sol-foncier-agricole";10;0;10
"irstea";10;0;10
"logement-politique-de-la-ville-immobilier-et-logement";9;1;10
"systeme-de-transport";10;0;10
"elasticsearch";0;10;10
"leaflet";0;10;10
"surfaces-inondables";10;0;10
"avalanche";10;0;10
"beauval";10;0;10
"coisy";10;0;10
"dompierre-becquincourt";10;0;10
"saint-valery-sur-somme";10;0;10
"aeeh";10;0;10
"crues";10;0;10
"gares et infrastructures";10;0;10
"research";10;0;10
"biocenose";10;0;10
"BM";10;0;10
"BMVR";10;0;10
"Culture";10;0;10
"Médiathèque";10;0;10
"colloque";10;0;10
"reservoirs-de-biodiversite";10;0;10
"antenne-sociale";10;0;10
"arts-plastiques";9;1;10
"assainissement-non-collectif";10;0;10
"boite-aux-lettres";8;2;10
"centre-ville";10;0;10
"enseignement-technologique";2;8;10
"fetes";9;1;10
"masse-salariale";8;2;10
"performance-publique";10;0;10
"protection-subsidiaire";10;0;10
"realisation";10;0;10
"reforme-territoriale";2;8;10
"reseau-social";10;0;10
"reseau-vert";10;0;10
"salle-polyvalente";10;0;10
"securite-ferroviaire";10;0;10
"services-voyageurs";10;0;10
"toponyme";9;1;10
"tour-2";10;0;10
"zone-pietonne";10;0;10
"antennes-mobiles";3;7;10
"moteur-de-recherche";1;9;10
"reseau-mobile";4;6;10
"roe";10;0;10
"referentiel-lignes";10;0;10
"dejeuner";10;0;10
"euro2016";10;0;10
"hal";10;0;10
"opinion-publique";10;0;10
"fete-de-la-science";8;2;10
"budget-2017";10;0;10
"fourier-transform-infrared-spectroscopy";10;0;10
"commune-rurale";10;0;10
"organismes-de-recherche";10;0;10
"effondrements";10;0;10
"gaz-renouvelable";10;0;10
"cite-scolaire";10;0;10
"unites-denseignement";10;0;10
"madon";10;0;10
"culture-societe-service-erp-autr";10;0;10
"habitat-politique-de-la-ville-co";10;0;10
"pprt-de-la-zone-industrielle-d-a";10;0;10
"anonyme";10;0;10
"calaire-chimie-sa";10;0;10
"election-presidentielle-2017";8;2;10
"escalade";10;0;10
"vcub";10;0;10
"versailles-grand-parc";9;1;10
"velo-libre-service";10;0;10
"med";10;0;10
"rgpd";6;4;10
"albi";9;1;10
"geoidecarto";10;0;10
"n-zonages-amenagement";10;0;10
"pcaet";8;2;10
"batiments-publics";10;0;10
"commande-public";9;1;10
"institutions-locales";10;0;10
"interurbain";10;0;10
"profil-dacheteur";10;0;10
"atmo";10;0;10
"transports-scolaires";10;0;10
"derogation";10;0;10
"pm25";10;0;10
"jeunesse-animation-sport";10;0;10
"sitac";10;0;10
"consommation-delectricite";7;3;10
"nuisances-sonores";10;0;10
"sousse";10;0;10
"flexgrid";10;0;10
"dioxyde-azote";10;0;10
"2021";10;0;10
"prix-de-vente";1;9;10
"prenoms-garcons";4;6;10
"prenoms-fille";4;6;10
"jvmalin";10;0;10
"municipales-2020";5;5;10
"scdl-equipements";10;0;10
"licence-ouverte";10;0;10
"mdna";10;0;10
"aide-regionale";10;0;10
"effectifs-salaries";10;0;10
"hospitalisation";2;8;10
"ressources-humaines-et-donnees-sociales";10;0;10
"trier-issy-com";10;0;10
"pleiades";10;0;10
"2002";9;0;9
"2eme-tour";9;0;9
"accident-circulation";3;6;9
"accompagnement-social";9;0;9
"actifs";8;1;9
"affiches";8;1;9
"agenda21";9;0;9
"allergie";8;1;9
"annuaire-de-services";4;5;9
"asile à la frontière";9;0;9
"assurance";8;1;9
"attraction";9;0;9
"bateaux";9;0;9
"beneficiaires";9;0;9
"bilan-financier";9;0;9
"boisson";8;1;9
"bruts";9;0;9
"cd";8;1;9
"chaussee";9;0;9
"cirque";8;1;9
"cohesion";9;0;9
"communaute-de-communes";9;0;9
"competence";9;0;9
"concerts";7;2;9
"concessionnelle";9;0;9
"conservation";9;0;9
"container";9;0;9
"contraception";9;0;9
"couples";4;5;9
"datadouane";2;7;9
"dejection";9;0;9
"depense-administrative";8;1;9
"detente";8;1;9
"dette-publique";6;3;9
"drci";9;0;9
"droit-du-travail";5;4;9
"découpage-administratif";8;1;9
"echange";9;0;9
"edf";8;1;9
"eglise";9;0;9
"espacesverts";5;4;9
"faits-constates";5;4;9
"fete";6;3;9
"film-cinematographique";4;5;9
"foret-mediterraneenne";9;0;9
"fournissant";9;0;9
"habitats";8;1;9
"haie";9;0;9
"halte";9;0;9
"halte-garderie";9;0;9
"hebergements";8;1;9
"ilot";9;0;9
"industrie-de-l-edition";4;5;9
"industrie-du-cinema";4;5;9
"inscriptions";9;0;9
"insolite";9;0;9
"instruction";8;1;9
"internet-acces";6;3;9
"inventaires";9;0;9
"ishmt";9;0;9
"l-enseignement";9;0;9
"langue";9;0;9
"legislation";2;7;9
"liee";9;0;9
"lieu";8;1;9
"lille";4;5;9
"mandats";9;0;9
"manifestations-sportives";9;0;9
"medecin-liberal";6;3;9
"medecins-liberaux";2;7;9
"methode";8;1;9
"msa";9;0;9
"multimedia";9;0;9
"médicaments";3;6;9
"natation";8;1;9
"navigables";9;0;9
"niveau";7;2;9
"norme";9;0;9
"ocde";8;1;9
"ocsol";8;1;9
"offre-de-soins";6;3;9
"omr";7;2;9
"open-transition-energie";8;1;9
"operateurs";8;1;9
"pension";9;0;9
"periode";9;0;9
"piece";8;1;9
"piste cyclable";9;0;9
"places-lits";9;0;9
"plantes";9;0;9
"pluriannuelles";9;0;9
"polices municipales";2;7;9
"postes";8;1;9
"pratique-sportive";9;0;9
"presence";9;0;9
"problemes-sociaux";9;0;9
"production-audiovisuelle";4;5;9
"promoteur_industriel";9;0;9
"protection internationale";9;0;9
"protection subsidiaire";9;0;9
"protection-de-l-enfance";9;0;9
"protection-sociale";8;1;9
"provenant";9;0;9
"rail";6;3;9
"randonnée";9;0;9
"recette-budgetaire";8;1;9
"registre-parcellaire-graphique";5;4;9
"remunerations";8;1;9
"reserve-parlementaire-et-ministerielle";3;6;9
"revenu-de-solidarite-active";9;0;9
"rnb";6;3;9
"rugby";7;2;9
"règlement de dublin";9;0;9
"réfugié";9;0;9
"réserve parlementaire";7;2;9
"sae";6;3;9
"salaries";8;1;9
"securite-publique";5;4;9
"service public";8;1;9
"severe";9;0;9
"société";9;0;9
"sparql";2;7;9
"stocks";7;2;9
"strategie";5;4;9
"taux-de-recours";2;7;9
"titre-de-transport";9;0;9
"toilettes";8;1;9
"tonnes";9;0;9
"tour 1";7;2;9
"transportees";9;0;9
"typologie";8;1;9
"uspto";9;0;9
"vae";9;0;9
"vignes";9;0;9
"à la une";1;8;9
"map";1;8;9
"équipements";3;6;9
"saint-malo";5;4;9
"canicule";9;0;9
"bornes de recharge";9;0;9
"louveterie";9;0;9
"dépenses recettes";9;0;9
"cheminement";9;0;9
"cyclables";9;0;9
"aides financières";9;0;9
"mobilite-transport-transport-routier-et-voirie";9;0;9
"services-et-equipements-publics-education-enseignement-social-et-citoyennete";9;0;9
"élections européennes";9;0;9
"surveillance-meteorologique";9;0;9
"actrice";9;0;9
"délibération";9;0;9
"espace vert";9;0;9
"reseau-energie-diverse";9;0;9
"site-industriel-production-mine-carriere-granulats";9;0;9
"nature-paysage-biodiversite-chasse";9;0;9
"pprmt";9;0;9
"reserve-naturelle";8;1;9
"bazens";9;0;9
"pont-du-casse";9;0;9
"aac";9;0;9
"seveso";6;3;9
"saint-martin-de-seignanx";9;0;9
"tarnos";9;0;9
"3-d";9;0;9
"parkings";7;2;9
"stationnements";7;2;9
"randonnee-pedestre";9;0;9
"parcs-d-activites-economie-urbanisme-operationnel-dfao-amenagement";9;0;9
"conditions-atmospheriques";9;0;9
"hydrographie-reseaux-et-ouvrages";9;0;9
"patrimoine-naturel-bocage";9;0;9
"qualite-pollution-de-l-eau";9;0;9
"abc";9;0;9
"communautes-de-communes";8;1;9
"pig";7;2;9
"zone-de-revitalisation-rurale";9;0;9
"planification-urbaine";9;0;9
"prevision";8;1;9
"protection-patrimoine";1;8;9
"abbeville";9;0;9
"bethencourt-sur-mer";9;0;9
"bray-les-mareuil";9;0;9
"canaples";9;0;9
"feuquieres-en-vimeu";9;0;9
"friaucourt";9;0;9
"vauchelles-les-quesnoy";9;0;9
"vraignes-les-hornoy";9;0;9
"etablissements-da-c-rogatoires";9;0;9
"santa-c-et-protection-des-animaux";9;0;9
"974";7;2;9
"food";2;7;9
"marche-du-travail";8;1;9
"datascience";2;7;9
"kibana";1;8;9
"Sécurité";9;0;9
"services voyageurs";9;0;9
"sécurité ferroviaire";9;0;9
"natura2000";8;1;9
"fablab";8;1;9
"Bibliothèque";9;0;9
"commun";9;0;9
"versement";9;0;9
"tonnages";9;0;9
"continuites-ecologiques";9;0;9
"departementaux";9;0;9
"allergene";8;1;9
"cds";9;0;9
"code-insee";8;1;9
"depenses-recettes";9;0;9
"ecoute";9;0;9
"gaz-naturel";8;1;9
"informatique-et-libertes";8;1;9
"infrastructure-de-recharge";9;0;9
"inter-region-de-recherche-clinique";9;0;9
"liquidation-judiciaire";9;0;9
"marche-de-lelectricite";9;0;9
"nom-de-domaine";9;0;9
"polices-municipales";2;7;9
"promoteur-industriel";9;0;9
"protection-internationale";9;0;9
"redressement-judiciaire";9;0;9
"reglement-de-dublin";9;0;9
"scenario-rcp";9;0;9
"tisseo";8;1;9
"vegetal";9;0;9
"voitures-electriques";8;1;9
"democratie-participative";8;1;9
"transports-infrastructure-ferroviaire";9;0;9
"plan-regional";9;0;9
"cyclisme";8;1;9
"hydrant";9;0;9
"naizin";9;0;9
"type-de-sol";9;0;9
"denis";9;0;9
"dpaph";9;0;9
"sport-loisirs";9;0;9
"roche-jagu";9;0;9
"diner";9;0;9
"dpe";9;0;9
"minier";9;0;9
"zone-grise";9;0;9
"diagnostics";9;0;9
"photographies";9;0;9
"magazine";9;0;9
"economie-locale";8;1;9
"dematerialisation";8;1;9
"couverture-4g";1;8;9
"documents-d-urbanisme";9;0;9
"cnracl";9;0;9
"revitalisation";7;2;9
"ircantec";9;0;9
"corine-land-cover";8;1;9
"fond-de-carte";9;0;9
"bebe";4;5;9
"usages-numeriques";8;1;9
"conseil-communautaire";9;0;9
"mer-littoral-peche-maritime";9;0;9
"dac";9;0;9
"aide-a-finalite-regionale";9;0;9
"calcul";5;4;9
"evaluations";9;0;9
"education-enseignement";9;0;9
"livre-lecture";9;0;9
"inter-region-de-recherche-cliniq";9;0;9
"mobilite-transport-transport-rou";9;0;9
"nature-paysage-biodiversite-chas";9;0;9
"plateforme-publique-de-l-informa";9;0;9
"recharge-voiture-electrique-fran";9;0;9
"reserve-parlementaire-et-ministe";3;6;9
"site-industriel-production-mine-";9;0;9
"ddtm-66";9;0;9
"moules";9;0;9
"euro-2016";9;0;9
"flux-mobiles";9;0;9
"cartes-interactives";0;9;9
"cartographie-automatique";0;9;9
"elections-legislatives-2017";7;2;9
"mediation";9;0;9
"bande-cyclable";9;0;9
"capteurs";9;0;9
"deve";9;0;9
"services-en-gare";9;0;9
"tarifs-voyageurs";9;0;9
"activite-economique-emploi";9;0;9
"controle-de-la-qualite-de-l-air";9;0;9
"enseignement-artistique";9;0;9
"n-zonages-eau";9;0;9
"compost";9;0;9
"sdage-2010-2015";9;0;9
"antiquite";9;0;9
"partenariats";9;0;9
"lithologie";9;0;9
"pyrenees-atlantiques";8;1;9
"station-depuration";9;0;9
"pci";7;2;9
"nancy";8;1;9
"profil";9;0;9
"scdl-subventions";9;0;9
"itinerance";9;0;9
"volontaire";9;0;9
"emploi-cadre";9;0;9
"interet-de-lenfant";9;0;9
"poilus";3;6;9
"provence";9;0;9
"journalier";8;1;9
"pm-10";9;0;9
"aide-personnes-handicapes";9;0;9
"civ";9;0;9
"le-mix-par-enedis";9;0;9
"radars";4;5;9
"gap";1;8;9
"economie-et-entreprise";9;0;9
"prelevement-deau";9;0;9
"proliferation-dalgues";9;0;9
"acheteurs";9;0;9
"donnees-essentielles-de-la-commande-publique";9;0;9
"ble-tendre";9;0;9
"fonds-de-concours";9;0;9
"decoset";9;0;9
"lfi-2011";9;0;9
"preconisations";9;0;9
"annemasse-agglo";9;0;9
"frequentation-mesuree";9;0;9
"commerces-et-tourisme";9;0;9
"atlasante";9;0;9
"datasante";9;0;9
"vivre-a-issy";9;0;9
"schema-regional";9;0;9
"ddm";9;0;9
"base-adresse";8;1;9
"travailleurs-independants";9;0;9
"logements-et-logements-sociaux";9;0;9
"ville-durable";9;0;9
"observatoire-eco-travailleurs-independants";9;0;9
"auto-import";9;0;9
"social-sante-et-sports";9;0;9
"le-mix-de-production";9;0;9
"gouter";9;0;9
"preprod";9;0;9
"accueil-de-jour";7;1;8
"activite-de-plein-air";8;0;8
"actp";8;0;8
"administration-publique";5;3;8
"agglomerations";7;1;8
"aménagement";8;0;8
"apd";8;0;8
"assiette";6;2;8
"assistante-maternelle";7;1;8
"augustins";8;0;8
"banque";7;1;8
"barriere";8;0;8
"bdr";8;0;8
"bibliographie";8;0;8
"biologique";7;1;8
"biologiques";8;0;8
"blessures";8;0;8
"boucherie";8;0;8
"bourse";8;0;8
"budget-2010";7;1;8
"cadastre-vert";8;0;8
"cap-digital";4;4;8
"capacite-accueil";8;0;8
"carburants";2;6;8
"catalogue-des-donnees";7;1;8
"changements";8;0;8
"chemin-de-fer";8;0;8
"codes";1;7;8
"communautaire";8;0;8
"compte-rendu";8;0;8
"conseiller";8;0;8
"crimes-et-delits";1;7;8
"croissance";7;1;8
"delits";3;5;8
"demarches";3;5;8
"demographie-des-medecins";1;7;8
"derives";8;0;8
"dessin";8;0;8
"diplômes";4;4;8
"discipline-sportive";7;1;8
"divorce";6;2;8
"document";8;0;8
"donnees-statistiques";7;1;8
"délibérations";8;0;8
"députés";8;0;8
"eau-residuaire-urbaine";8;0;8
"ecoulement";8;0;8
"effet";8;0;8
"emplois-tremplin";8;0;8
"enseignant-chercheur";8;0;8
"epn";7;1;8
"estimation";2;6;8
"etablissement-d-enseignement";6;2;8
"etablissements-sanitaires";5;3;8
"etudiees";8;0;8
"eure";7;1;8
"eurostat";5;3;8
"evenements-culturels";7;1;8
"exportation";3;5;8
"faisant";8;0;8
"familiale";8;0;8
"feux";8;0;8
"fiscalité";8;0;8
"forêt";5;3;8
"fouilles";3;5;8
"fp7";7;1;8
"generateur";7;1;8
"geoscientificinformation";8;0;8
"gsm";8;0;8
"habillage";8;0;8
"hebergement-touristique";8;0;8
"hommes";5;3;8
"hotspots";8;0;8
"inclusion";8;0;8
"indemnisation";7;1;8
"indemnités";8;0;8
"interieures";8;0;8
"internationale";7;1;8
"le met";8;0;8
"livraisons";8;0;8
"locales";8;0;8
"logiciel";6;2;8
"marche-de-travaux";8;0;8
"medias";3;5;8
"medico-social";8;0;8
"milliers";8;0;8
"médecins";5;3;8
"nombre-de-medecin";1;7;8
"nourrissons";1;7;8
"nucleaire";6;2;8
"office-du-tourisme";8;0;8
"offrant";8;0;8
"offres-culturelles";8;0;8
"parcs-et-jardins";5;3;8
"parents";7;1;8
"particuliers";4;4;8
"partner";8;0;8
"patrimoine-arbore";7;1;8
"patrimoine-architectural";5;3;8
"personnalite";8;0;8
"phytosanitaire";6;2;8
"plaque";8;0;8
"pluviometrie";7;1;8
"poles-de-competitivite";6;2;8
"preliminaires";8;0;8
"prestataires";7;1;8
"prestees";8;0;8
"proposition";7;1;8
"propositions";7;1;8
"puericulture";7;1;8
"questionnaire";7;1;8
"questions";8;0;8
"rapport-public";6;2;8
"ratp";6;2;8
"rattachement";8;0;8
"redevance";8;0;8
"regime-general";7;1;8
"remarquables";8;0;8
"renouvelables";8;0;8
"repertoire";8;0;8
"representation";8;0;8
"republique";7;1;8
"restauration-scolaire";8;0;8
"reussite";7;1;8
"routiere";8;0;8
"régionales";7;1;8
"sante-et-protection-des-animaux";8;0;8
"sida";8;0;8
"signalement";7;1;8
"similaires";8;0;8
"special";8;0;8
"specifiques";8;0;8
"sportifs";6;2;8
"sports-loisirs";5;3;8
"station de charge";8;0;8
"stock";7;1;8
"stsisi";7;1;8
"suede";7;1;8
"syndicats";4;4;8
"syndrome-grippal";1;7;8
"synthetiques";8;0;8
"systeme";8;0;8
"sénat";6;2;8
"tableau";3;5;8
"tarifs";7;1;8
"terre-agricole";8;0;8
"thermalisme";8;0;8
"titulaires";8;0;8
"transactions";8;0;8
"transition";8;0;8
"transmission";7;1;8
"transport-de-marchandises";8;0;8
"travaillant";8;0;8
"télévision";8;0;8
"unitaire";8;0;8
"utilitiescommunication";7;1;8
"viande";7;1;8
"vidéo";8;0;8
"vieillissement";7;1;8
"villes-et-villages-fleuris";8;0;8
"violence";8;0;8
"visiter";8;0;8
"vivre-avec-un-handicap";8;0;8
"véhicule électrique";8;0;8
"wifi public";4;4;8
"zone-sensible";8;0;8
"économie numérique";2;6;8
"égalité";5;3;8
"haute-normandie";7;1;8
"sru";7;1;8
"Santx-et-Protection-des-Animaux";8;0;8
"datajournalisme";1;7;8
"afd";8;0;8
"zfu";8;0;8
"garonne";8;0;8
"hôtels";7;1;8
"contrôle";8;0;8
"revenus fiscaux localisés";7;1;8
"essonne";5;3;8
"retards";6;2;8
"personnes handicapées";8;0;8
"troncons";8;0;8
"cotes-d-armor";7;1;8
"culture-sport-patrimoine";8;0;8
"golfe-de-gascogne";8;0;8
"cartes-communales";7;1;8
"gestion-du-littoral";8;0;8
"transport-deplacement";8;0;8
" tranquillité";8;0;8
"GR 653";8;0;8
"IGN";8;0;8
"Iris";8;0;8
"déchet";8;0;8
"découpage administratif";8;0;8
"déplacement";8;0;8
"marathon";8;0;8
"marathonienne";8;0;8
"montpellier ";8;0;8
"réseau vert";8;0;8
"zone 30";8;0;8
"frayeres-eau-nature-et-biodiversite";8;0;8
"sites-proteges-environnement";8;0;8
"voies-vertes";8;0;8
"marquenterre";8;0;8
"aiguillon";8;0;8
"granges-sur-lot";8;0;8
"layrac";8;0;8
"pinel-hauterive";8;0;8
"saint-hilaire-de-lusignan";8;0;8
"saint-laurent";8;0;8
"vianne";8;0;8
"charente-maritime";7;1;8
"tourisme-loisirs";7;1;8
"controle-qualite";7;1;8
"banc";7;1;8
"point-arret";8;0;8
"pluviometrie-pluies-herault";8;0;8
"impact-de-l-agriculture-sur-l-environnement";8;0;8
"activites-economiques";8;0;8
"pm-3";8;0;8
"autorite-environnementale";8;0;8
"n-2000";8;0;8
"haut-rhin";7;1;8
"pepiniere";8;0;8
"dordogne";7;1;8
"transports-deplacements-trafic";8;0;8
"flixecourt";8;0;8
"mers-les-bains";8;0;8
"moyenneville";8;0;8
"keolis";8;0;8
"thesaurus";6;2;8
"scénario rcp";8;0;8
"aprona";8;0;8
"inventaire-plaine";8;0;8
"point-de-mesure";8;0;8
"assurance-chomage";7;1;8
"initiatives";8;0;8
"Ressources humaines";8;0;8
"Social";8;0;8
"menus";7;1;8
"croissance-verte";8;0;8
"scolaires";8;0;8
"Statistiques";8;0;8
"caniparc";8;0;8
"cap";7;1;8
"data-bzh";0;8;8
"affichage-libre";7;1;8
"atlas-regional";8;0;8
"chambres-hotes";8;0;8
"dvds";8;0;8
"eco2mix";7;1;8
"ecole-primaire";7;1;8
"elus-municipaux";4;4;8
"gr-653";8;0;8
"mairie-annexe";8;0;8
"matieres-premieres";6;2;8
"modele";5;3;8
"objets-trouves";7;1;8
"prealable";7;1;8
"professionnels-de-sante";7;1;8
"tranquillite";8;0;8
"decouverte";6;2;8
"ecole-de-commerce";7;1;8
"geomatique";4;4;8
"nouvelles-regions";3;5;8
"allery";8;0;8
"ecosystemes";8;0;8
"dechets-menagers";7;1;8
"4g";7;1;8
"bowling";8;0;8
"limites-territoriales";8;0;8
"igcs";8;0;8
"kerbernez";8;0;8
"conferences";8;0;8
"conventions";8;0;8
"ecosysteme";8;0;8
"conseillers-departementaux";7;1;8
"tpe";7;1;8
"tisf";8;0;8
"immigration-professionnelle";8;0;8
"stationnement-en-voirie";8;0;8
"sciences-techniques";8;0;8
"clic";8;0;8
"velostar";8;0;8
"product";8;0;8
"mdd";8;0;8
"smartphone";2;6;8
"effets-risques-technologiques-danger";8;0;8
"formations-de-sante";8;0;8
"moyens-financiers";8;0;8
"moyens-humains";8;0;8
"organismes";8;0;8
"lidar";8;0;8
"classification";8;0;8
"startup";4;4;8
"coney";8;0;8
"pprif";8;0;8
"proliferation-d-algues";8;0;8
"n-zonages-nature";8;0;8
"draaf-aquitaine";8;0;8
"grand-cahors";8;0;8
"effets-risques-technologiques-da";8;0;8
"frayeres-eau-nature-et-biodivers";8;0;8
"impact-de-l-agriculture-sur-l-en";8;0;8
"nature-paysage-biodiversite-zona";8;0;8
"parcs-d-activites-economie-urban";8;0;8
"pprt-de-mesnil-saint-nicaise-et-";8;0;8
"transports-infrastructure-routie";8;0;8
"ceca";8;0;8
"petr";8;0;8
"bussang";8;0;8
"stades";7;1;8
"dons";8;0;8
"2nd-tour";8;0;8
"service-public-fr";6;2;8
"bordeaux-metropole";7;1;8
"kite";8;0;8
"raquettes";8;0;8
"charte-ethique";8;0;8
"compte-de-resultat";8;0;8
"fss";8;0;8
"ehb";8;0;8
"second";8;0;8
"qualite-de-l-environnement";8;0;8
"mediolittoral";8;0;8
"shape";8;0;8
"observations-in-situ-reseaux";8;0;8
"structure-dhebergement";8;0;8
"caisse-depargne";8;0;8
"societariat";8;0;8
"reservoirs";8;0;8
"bus-arrets-abris-bus-transports";8;0;8
"habitats-and-biotopes";8;0;8
"le-signal";8;0;8
"sommet-de-dune";8;0;8
"soulac-sur-mer";8;0;8
"smic";7;1;8
"ouvrage-dart";8;0;8
"universite-dangers";8;0;8
"cpge-integree-a-luniversite";8;0;8
"open-acess";6;2;8
"puissance-souscrite";8;0;8
"paris1";0;8;8
"prenoms-enfants";5;3;8
"etude-apec";8;0;8
"peche-a-pied-professionnelle";8;0;8
"filets";8;0;8
"profils-acheteurs";7;1;8
"des";8;0;8
"tad";8;0;8
"lakes-water-framework-directive";8;0;8
"parcs-nature-biodiversite";8;0;8
"evacuation";8;0;8
"deust";7;1;8
"sts";7;1;8
"voeu";7;1;8
"noisiel";8;0;8
"parc-national";8;0;8
"corsica";8;0;8
"dot";8;0;8
"percentile";8;0;8
"consommation-despace";8;0;8
"habitats-dinteret-communautaire";8;0;8
"servitude-dutilite-publique";8;0;8
"routes-transports";7;1;8
"valeur-fonciere";3;5;8
"horaires-temps-reel";6;2;8
"carpediem";8;0;8
"luneville";8;0;8
"adresses-locales";8;0;8
"ble-dur";8;0;8
"cotation-regionale";8;0;8
"jaune-budgetaire-associations";8;0;8
"plu-plui-du-sudocuh";8;0;8
"spf";3;5;8
"sde";8;0;8
"les-lilas";8;0;8
"conseil-de-metropole";8;0;8
"part-thermosensible";8;0;8
"science-ouverte";6;2;8
"acquisition-de-la-nationalite-par-declaration";8;0;8
"etat-du-milieu-hydrographie";8;0;8
"fort-de-france";7;1;8
"socle-commun-donnees-locales";8;0;8
"lyon";5;3;8
"coupedumonde2018";8;0;8
"point-d-039-arret";8;0;8
"covidtracker";1;7;8
"difficultes-des-entreprises";8;0;8
"observatoire-eco-difficultes-des-entreprises";8;0;8
"climatologymeteorologyatmosphere";8;0;8
"licence-ouverte-etalab";8;0;8
"environnement-agriculture-eau";8;0;8
"ambilly";8;0;8
"annemasse";8;0;8
"bonne";8;0;8
"cranves-sales";8;0;8
"etrembieres";8;0;8
"gaillard";8;0;8
"juvigny";8;0;8
"lucinges";8;0;8
"machilly";8;0;8
"saint-cergues";8;0;8
"ville-la-grand";8;0;8
"suivi-scientifique";8;0;8
"animal";8;0;8
"animal-sauvage";8;0;8
"investissement-territoire";8;0;8
"antennes-5g";0;8;8
"plan-de-relance";8;0;8
"dgaln";8;0;8
"geomonlittoral";8;0;8
"pays-de-mormal";2;6;8
"abonnement";7;0;7
"abstention";3;4;7
"acces-a-la-culture";3;4;7
"accroissement";7;0;7
"achat public";7;0;7
"activite-economique";7;0;7
"adeli";5;2;7
"aemo";7;0;7
"aide-a-la-presse";1;6;7
"amenagements";7;0;7
"anciennete";6;1;7
"applications";6;1;7
"arrivees";7;0;7
"asip-sante";7;0;7
"assistant-maternel";6;1;7
"assocaition";7;0;7
"audience";7;0;7
"auto-evaluation";7;0;7
"autorisations";4;3;7
"bancs";7;0;7
"barrage";7;0;7
"bebes";6;1;7
"belgique";6;1;7
"besoins";7;0;7
"bien-culturel";7;0;7
"biotope";7;0;7
"budget-2012";6;1;7
"bureau de vote";7;0;7
"bureaux-de-poste";2;5;7
"candelabre";7;0;7
"capacitation";7;0;7
"carton";7;0;7
"cartons";7;0;7
"catégorie";6;1;7
"cause-deces";5;2;7
"chaleur";7;0;7
"charte";7;0;7
"charte-graphique";7;0;7
"chimiques";7;0;7
"circulation-douce";7;0;7
"coicop";7;0;7
"college-public";7;0;7
"colonnes-enterrees";7;0;7
"commerciaux";7;0;7
"comptabilite";5;2;7
"conditions-de-vie";4;3;7
"conjoncturels";7;0;7
"conseil-de-paris";7;0;7
"conseiller-municipal";6;1;7
"conseiller-regional";7;0;7
"consommateurs";6;1;7
"cooperation-intercommunale";7;0;7
"cote";7;0;7
"creances";6;1;7
"creations";7;0;7
"crime";5;2;7
"criminalite";5;2;7
"crustaces";7;0;7
"cucs";7;0;7
"declarations";7;0;7
"dehors";7;0;7
"deposant";7;0;7
"depots";7;0;7
"detenus";7;0;7
"digue";7;0;7
"discrimination";7;0;7
"divers";7;0;7
"donne";7;0;7
"donne-es";7;0;7
"douce";7;0;7
"dépense";6;1;7
"eau-usee";7;0;7
"echanges";7;0;7
"elu-local";7;0;7
"employabilite";7;0;7
"enfance-et-familles";7;0;7
"enseignement - formation - recherche";7;0;7
"environement";5;2;7
"equipement-de-loisir";6;1;7
"etablissements-derogatoires";7;0;7
"europeenne";7;0;7
"expatriation";2;5;7
"export";4;3;7
"faible";7;0;7
"faune-et-flore";4;3;7
"federation";2;5;7
"festivals";7;0;7
"fondation";6;1;7
"fournisseurs";7;0;7
"frequente";6;1;7
"fret";7;0;7
"fruits";6;1;7
"genie";7;0;7
"gini";3;4;7
"habitants";6;1;7
"hectares";7;0;7
"hiver";4;3;7
"hotellerie";5;2;7
"hébergement";6;1;7
"immigres";5;2;7
"inactive";7;0;7
"industrie-hoteliere";7;0;7
"industrielle";7;0;7
"infantile";7;0;7
"infractions";3;4;7
"interscot";7;0;7
"iop";7;0;7
"jardinieres";6;1;7
"lcs";7;0;7
"licences";7;0;7
"loyer";5;2;7
"loyers";4;3;7
"ludotheque";7;0;7
"lumiere";7;0;7
"maternite";6;1;7
"media";4;3;7
"medical";6;1;7
"mesure-educative";7;0;7
"methodologie";7;0;7
"milieu";7;0;7
"modalite";7;0;7
"modernes";7;0;7
"mooc";4;3;7
"mouillage";7;0;7
"mst";7;0;7
"navire";4;3;7
"non-residents";7;0;7
"nuit";7;0;7
"oeufs";7;0;7
"officiels";7;0;7
"offre-d-emploi";6;1;7
"offre-legale";6;1;7
"open-gov";6;1;7
"operation";7;0;7
"orchestre";7;0;7
"passage";5;2;7
"peches";7;0;7
"pepite";7;0;7
"permis de conduire";2;5;7
"personne-a-mobilite-reduite";4;3;7
"physique";7;0;7
"piscines";7;0;7
"pistes";7;0;7
"points-de-contact";1;6;7
"politique de la ville";6;1;7
"porc";6;1;7
"portugal";6;1;7
"pouvoirs";7;0;7
"ppa";7;0;7
"preservatif";7;0;7
"previsions";7;0;7
"produits_de_sante";7;0;7
"qualité";7;0;7
"rajustee";7;0;7
"rang";7;0;7
"recoltes";3;4;7
"reforme";7;0;7
"regroupement";7;0;7
"rejet";7;0;7
"relais-assistantes-maternelles";7;0;7
"representation-cartographique";7;0;7
"retraits";7;0;7
"rivière";7;0;7
"ruisseau";7;0;7
"rurale";6;1;7
"référentiel";7;0;7
"scanner";3;4;7
"sciences";4;3;7
"seance-pleniere";7;0;7
"section";7;0;7
"sensible";7;0;7
"seuil";6;1;7
"smartcity";1;6;7
"snir";7;0;7
"son";7;0;7
"source";4;3;7
"sportives";6;1;7
"stage";7;0;7
"standardise";7;0;7
"sujets";7;0;7
"tables";7;0;7
"talus";7;0;7
"tamm";7;0;7
"tarn-et-garonne";6;1;7
"taxis";6;1;7
"technico-economique";7;0;7
"territorial";7;0;7
"ticket";7;0;7
"tourisme-nautique";1;6;7
"trame-verte";7;0;7
"transformation";7;0;7
"transport-maritime";7;0;7
"unite";6;1;7
"unite_urbaine";1;6;7
"usage";7;0;7
"veh-km";7;0;7
"velhop";4;3;7
"ventile";7;0;7
"ventiles";7;0;7
"vidéosurveillance";1;6;7
"vie";7;0;7
"vsig";3;4;7
"wifi-paris";4;3;7
"élections présidentielles";7;0;7
"énergie renouvelable";5;2;7
"établissement";5;2;7
"événement";5;2;7
"réforme territoriale";2;5;7
"Etablissements-dA-c-rogatoires";7;0;7
"damir";3;4;7
"datagouvfr";4;3;7
"système";7;0;7
"interactif";0;7;7
"loup";7;0;7
"canisites";7;0;7
"élémentaire";7;0;7
"plan-de-prevention-des-risques-naturels";7;0;7
"psmv";7;0;7
"milieu-chimique-colonne-d-eau";7;0;7
"caracteristiques-geographiques-oceanographiques";6;1;7
"point-de-suivi";7;0;7
"poitiers";5;2;7
"élection européenne";7;0;7
"élection présidentielle";7;0;7
"élection cantonale";7;0;7
"itrf";7;0;7
"2001";7;0;7
"maine-et-loire";5;2;7
"poids-lourds";7;0;7
"surf";7;0;7
"transport-infrastructure";7;0;7
"anses";6;1;7
"atm";7;0;7
"code postal";6;1;7
"scolarité";7;0;7
"pedestre";7;0;7
"drome";6;1;7
"evaluation-environnementale";7;0;7
"site-industriel-production-site-de-production-d-energie";7;0;7
"01-sinp";7;0;7
"transports-deplacements";7;0;7
"eoliennes";7;0;7
"isocote";7;0;7
"as-1";7;0;7
"mesnil-saint-nicaise";7;0;7
"montdidier";7;0;7
"pt-2";7;0;7
"clermont-soubiran";7;0;7
"fongrave";7;0;7
"lasserre";7;0;7
"le-passage";7;0;7
"longueville";7;0;7
"moirax";7;0;7
"montayral";7;0;7
"montpezat";7;0;7
"saint-jean-de-thurac";7;0;7
"mer-littoral-navigation-maritime";7;0;7
"reseau-energie-divers-electricite";7;0;7
"cc";7;0;7
"sainte-marie-de-gosse";7;0;7
"tethieu";7;0;7
"odonymie";5;2;7
"train-express-regional";7;0;7
"nuisance-sonore";7;0;7
"anah";7;0;7
"construction-neuve";6;1;7
"zone-urbaine";7;0;7
"donnee-generique-milieu-physique";7;0;7
"bergerac";7;0;7
"logement-vacant";5;2;7
"perigueux";6;1;7
"culture-de-champ";7;0;7
"ablaincourt-pressoir";7;0;7
"assevillers";7;0;7
"bacouel-sur-selle";7;0;7
"camon";7;0;7
"caours";7;0;7
"cayeux-sur-mer";7;0;7
"cottenchy";7;0;7
"drucat";7;0;7
"esmery-hallon";7;0;7
"flesselles";7;0;7
"lamotte-brebiere";7;0;7
"naours";7;0;7
"nibas";7;0;7
"noyelles-sur-mer";7;0;7
"saleux";7;0;7
"seisme";7;0;7
"asf";7;0;7
"controles";4;3;7
"couleurs-naturelles";7;0;7
"Train";7;0;7
"mer-du-nord";7;0;7
"de-restriction-ou-de-reglementation-et-unites-de-declaration";7;0;7
"ocean-indien";7;0;7
"nievre";6;1;7
"canisite";7;0;7
"familial";7;0;7
"laureats";7;0;7
"motos";7;0;7
"a-la-une";1;6;7
"agence-du-numerique";6;1;7
"aire-de-stationnement";7;0;7
"apport-volontaire";7;0;7
"assistants-maternels";7;0;7
"auto-ecoles";2;5;7
"best-seller";7;0;7
"biodechets";7;0;7
"commercant";7;0;7
"defunt";7;0;7
"demi-heure";7;0;7
"developpement-ddurable";7;0;7
"election-cantonale";7;0;7
"elections-professionnelles";6;1;7
"fete-de-la-musique";1;6;7
"le-met";7;0;7
"le-perreux-sur-marne";6;1;7
"panorama-des-installations";7;0;7
"point-darret";7;0;7
"prestation-sociale";7;0;7
"recharge-voiture-electrique-france";7;0;7
"referundum";7;0;7
"sexualite";7;0;7
"societe-civile";7;0;7
"station-essence";4;3;7
"taux-de-reussite";4;3;7
"taxe-de-sejour";7;0;7
"zone-pietonniere";7;0;7
"surface-agricole";6;1;7
"telephonie-mobile";2;5;7
"enp";7;0;7
"niche-ecologique";7;0;7
"dechets-verts";7;0;7
"hydroelectricite";7;0;7
"methanisation";7;0;7
"qualite-biologique";7;0;7
"reseau-de-surface";7;0;7
"3g";6;1;7
"organisation-administrative";7;0;7
"taux-de-chomage";6;1;7
"irigo";7;0;7
"verts";7;0;7
"site-departemental";7;0;7
"publications";7;0;7
"application-cartographique";0;7;7
"jugements";6;1;7
"dotations";7;0;7
"laboratoires";5;2;7
"comptages-routiers";7;0;7
"contractualisation-politique-de-la-ville";7;0;7
"cd50";7;0;7
"aap";7;0;7
"montagne-de-reims";7;0;7
"ane";7;0;7
"bornage";6;1;7
"contact";6;1;7
"ecoles-maternelles";7;0;7
"trame";7;0;7
"densite-de-population";4;3;7
"tickets";7;0;7
"compteur";7;0;7
"organisme-de-formation";5;2;7
"basse-tension";7;0;7
"geoportail-de-l-urbanisme";7;0;7
"medde";7;0;7
"particle-size";7;0;7
"surface-area";7;0;7
"licence-professionnelle";6;1;7
"structures-de-recherche";7;0;7
"weather-forecast";7;0;7
"carroyage";6;1;7
"plan-cadastral";7;0;7
"secheresse";6;1;7
"riscle";7;0;7
"station-de-recharge";5;2;7
"politiques-publiques";7;0;7
"atlas-des-brevets";7;0;7
"ae";7;0;7
"moselotte";7;0;7
"gip-e-bourgogne-franche-comte";7;0;7
"amenagement-urbanisme-assiette-s";7;0;7
"amenagement-urbanisme-zonages-am";7;0;7
"de-restriction-ou-de-reglementat";7;0;7
"patrimoine-tourisme-loisirs-patr";7;0;7
"plan-de-prevention-des-risques-n";7;0;7
"plans-de-prevention-des-risques-";7;0;7
"ddtm-06";7;0;7
"digues";7;0;7
"aperam";7;0;7
"logistinord";7;0;7
"mazingarbe";7;0;7
"sup-pm-1";7;0;7
"wateringues";7;0;7
"wingles";7;0;7
"agout";7;0;7
"revision";7;0;7
"residence-principale";7;0;7
"indre-et-loire";5;2;7
"mnemotechnique";0;7;7
"accrobranche";7;0;7
"airbnb";7;0;7
"alpinisme";7;0;7
"aquarium";7;0;7
"colonies";7;0;7
"glisse";7;0;7
"hippisme";7;0;7
"parachutisme";7;0;7
"pelote";7;0;7
"poney";7;0;7
"quad";7;0;7
"rafting";7;0;7
"scooter";7;0;7
"stages";7;0;7
"taxes-locales";7;0;7
"thalassotherapie";7;0;7
"via-ferrata";7;0;7
"cavites";7;0;7
"batcub";7;0;7
"cartographies";6;1;7
"complements-cartographiques";7;0;7
"decoupages";7;0;7
"mers-celtiques";7;0;7
"immobilisation";7;0;7
"point-dinteret";7;0;7
"draaf-pc";7;0;7
"zonages-risques-naturels";7;0;7
"source-d-emission";7;0;7
"ecoles-elementaires";7;0;7
"referentiels-altitude";7;0;7
"social-insertion";7;0;7
"edl-2013";7;0;7
"acoustique";7;0;7
"corps-sedimentaires";7;0;7
"haute-tension";7;0;7
"limite-dune-foret";7;0;7
"dossier-patient";7;0;7
"brve";7;0;7
"ouibus";2;5;7
"absenteisme";7;0;7
"arrets-de-bus";7;0;7
"caen";6;1;7
"saint-martin";7;0;7
"direction-affaires-maritimes";5;2;7
"apport";7;0;7
"sorbonne";0;7;7
"dragues";7;0;7
"rosny-sous-bois";7;0;7
"lotissement";7;0;7
"suffrage";7;0;7
"signal";7;0;7
"zones-de-circulation";7;0;7
"economie-et-entreprises";7;0;7
"solidarite-et-sante";7;0;7
"cul";7;0;7
"pave";7;0;7
"rando";7;0;7
"ro";7;0;7
"admis";7;0;7
"admissibles";7;0;7
"dcg";7;0;7
"endo-recrutement";7;0;7
"voeux";7;0;7
"arret-bus";7;0;7
"camion";5;2;7
"visualiseur-pprn";7;0;7
"obstacles-a-lecoulement";6;1;7
"reseaux-dinitiative-publique";7;0;7
"service-dutilite-publique";7;0;7
"geoportail-de-lurbanisme";7;0;7
"milieu-chimique-colonne-deau";7;0;7
"production-denergie";5;2;7
"traces";7;0;7
"plu-plui-pluis-pos-sudocuh";7;0;7
"velotourisme";6;1;7
"bethune";5;2;7
"rne";4;3;7
"flh";7;0;7
"stthmr";7;0;7
"telecoms";6;1;7
"fortification";7;0;7
"rambouillet";7;0;7
"particules-pm10";7;0;7
"particules-pm2-5";7;0;7
"gestion-fonciere";7;0;7
"gtld";7;0;7
"puntu";7;0;7
"tld";7;0;7
"accm";7;0;7
"procuration";6;1;7
"seigle";7;0;7
"oxydes-azote";7;0;7
"autorisations-dengagement-et-credits-de-paiement";7;0;7
"plr-2010";7;0;7
"ep-epci-sudocuh";7;0;7
"cartes-plans";7;0;7
"horaires-tarifs";6;1;7
"demande-dasile";7;0;7
"antenne-regionale";7;0;7
"lycee-prive";7;0;7
"comptage-velo";7;0;7
"elections-municipales-2020";5;2;7
"budget-2020";7;0;7
"elu-e-s";7;0;7
"scdl-adresses";7;0;7
"amenagements-cyclables";7;0;7
"dechets-alimentaires";7;0;7
"masques";6;1;7
"majic";3;4;7
"surmortalite";0;7;7
"opr";7;0;7
"cesu";6;1;7
"observatoire-eco-effectifs-salaries";7;0;7
"particuliers-employeurs";6;1;7
"prix-appartements";1;6;7
"geobretagne-region";7;0;7
"territorie";7;0;7
"monetemaregion";7;0;7
"courtry";7;0;7
"si-dep";6;1;7
"culture-et-patrimoine";7;0;7
"rosny-sur-seine";7;0;7
"padduc";7;0;7
"igr";7;0;7
"personne-morale";7;0;7
"pilier";7;0;7
"2007-2012";6;0;6
"accedant";6;0;6
"accidentelles";6;0;6
"accord";3;3;6
"activites-de-soins";3;3;6
"actualite";4;2;6
"actualités";3;3;6
"adoption-simple";6;0;6
"aerienne";6;0;6
"aides-a-la-presse-ecrite";2;4;6
"allocations";6;0;6
"ambassadeur";3;3;6
"anglais";4;2;6
"apb";5;1;6
"arbres remarquables";4;2;6
"archives-publiques";5;1;6
"argent";5;1;6
"assainissement collectif";6;0;6
"atelier";6;0;6
"ateliers";6;0;6
"attribuables";6;0;6
"attributaires";5;1;6
"avoine";6;0;6
"azote";6;0;6
"bacs";5;1;6
"bailleur";6;0;6
"balisage";6;0;6
"bancaires";6;0;6
"bars";6;0;6
"benefices";6;0;6
"betail";6;0;6
"bibliobus";6;0;6
"bibliothèque";6;0;6
"bouches-du-rhone";4;2;6
"brest";4;2;6
"cancer";4;2;6
"cap digital";2;4;6
"caracteristiques";6;0;6
"carrefours";6;0;6
"ceser";6;0;6
"chambres hotes";6;0;6
"chômage";5;1;6
"cible";6;0;6
"clinique-privee";6;0;6
"cmu-base";6;0;6
"combustible";6;0;6
"commercants";6;0;6
"commerce-international";2;4;6
"comparaison";1;5;6
"concentration";6;0;6
"conduite-automobile";6;0;6
"connaissance";6;0;6
"conseil-de-quartier";6;0;6
"constitution";5;1;6
"contentieux";6;0;6
"convention-collective";1;5;6
"coquillage";6;0;6
"courantes";6;0;6
"couvert";6;0;6
"credits";6;0;6
"crete";6;0;6
"dataset";5;1;6
"dbpedia";1;5;6
"deliberation-democratique";6;0;6
"departemental";5;1;6
"depenses-publiques";5;1;6
"design";2;4;6
"diabete";1;5;6
"diffusion";6;0;6
"dispersion";6;0;6
"docments";6;0;6
"dom-tom";4;2;6
"domaine-juridique";6;0;6
"domaine-technologique";6;0;6
"données publiques";4;2;6
"durable";6;0;6
"durant";6;0;6
"e-corda";5;1;6
"economique";6;0;6
"edifice";5;1;6
"ehpa";6;0;6
"encours";6;0;6
"energie-electrique";5;1;6
"entrées";6;0;6
"epandage";6;0;6
"epst";6;0;6
"estonie";6;0;6
"etablissements-publics";5;1;6
"etablissements_de_sante";6;0;6
"etudes-medicales";3;3;6
"etudiants-cpge";1;5;6
"europeen";6;0;6
"exploitant";6;0;6
"extra-ue";6;0;6
"extracommunautaires";6;0;6
"femme-homme";4;2;6
"finlande";6;0;6
"fleurissement";6;0;6
"fond";6;0;6
"forge";6;0;6
"formation-continue";5;1;6
"fouilles archeologiques";1;5;6
"frequence";5;1;6
"fromage";4;2;6
"galerie";6;0;6
"gymnases";5;1;6
"handicape";6;0;6
"handicaps";5;1;6
"hasardeuse";6;0;6
"hauteur";6;0;6
"histoire-locale";5;1;6
"hopital-public";5;1;6
"humaines";6;0;6
"humanitaire";5;1;6
"indication";6;0;6
"industrie-cinematographique";5;1;6
"inflation";3;3;6
"informatique et libertés";6;0;6
"infrastructure de recharge";6;0;6
"inscription";6;0;6
"installation-classee";4;2;6
"inter-region_de_recherche_clinique";6;0;6
"interieur";3;3;6
"journalieres";6;0;6
"jrnys";6;0;6
"judiciaire";6;0;6
"juridiction";5;1;6
"klaus";6;0;6
"l-education";6;0;6
"le perreux sur marne";5;1;6
"librairies";6;0;6
"lies";6;0;6
"lyonnaise";4;2;6
"législatives";6;0;6
"manege";6;0;6
"meef";6;0;6
"memento";6;0;6
"mensuelles";6;0;6
"migrants";6;0;6
"monnaies";6;0;6
"montant-des-aides";2;4;6
"mouvements-sociaux";5;1;6
"non-employees";6;0;6
"norvege";5;1;6
"objet-mobilier";5;1;6
"organisme-public";3;3;6
"orientation-scolaire";4;2;6
"panneau-d-affichage";5;1;6
"parent";5;1;6
"partie";6;0;6
"pathologies";1;5;6
"patrimoine-tourisme";4;2;6
"pdu";6;0;6
"performance";4;2;6
"petanque";6;0;6
"petrole";6;0;6
"phd";5;1;6
"pictogrammes";6;0;6
"plan-local-d-urbanisme";5;1;6
"postal";6;0;6
"poster";6;0;6
"prairies";6;0;6
"precipitation";6;0;6
"prelevements";6;0;6
"premiere";6;0;6
"prevision-de-crue";6;0;6
"prise-en-charge";4;2;6
"prison";4;2;6
"produits-laitiers";6;0;6
"programme-audiovisuel";6;0;6
"province";1;5;6
"publiques";4;2;6
"qualité de service";5;1;6
"quantite";6;0;6
"rapports";6;0;6
"regional";5;1;6
"reinstallation";6;0;6
"renovation-urbaine";5;1;6
"revolues";6;0;6
"rge";3;3;6
"rupture";6;0;6
"sage-femme";3;3;6
"sanctions";6;0;6
"sanisettes";5;1;6
"secours-d-urgence";5;1;6
"series";5;1;6
"seulement";6;0;6
"sitc";6;0;6
"snack";5;1;6
"socio-economique";4;2;6
"société numérique";3;3;6
"soins-de-sante";4;2;6
"sport - tourisme - loisirs";5;1;6
"startups";3;3;6
"subventions-aux-communes";3;3;6
"suicide";1;5;6
"superficies";5;1;6
"sécurité routière";2;4;6
"tesla";3;3;6
"trajet";5;1;6
"trame-bleue";6;0;6
"tranches";6;0;6
"transport-partage";6;0;6
"transporteurs";6;0;6
"travail-social";6;0;6
"travaillent";6;0;6
"tva";5;1;6
"université";2;4;6
"usb";6;0;6
"utilite-publique";5;1;6
"veaux";5;1;6
"vie privée";3;3;6
"vie urbaine";5;1;6
"vie-pratique";5;1;6
"vieillir";6;0;6
"vin-blanc";1;5;6
"vin-rouge";1;5;6
"viticoles";6;0;6
"vivantes";6;0;6
"vue";6;0;6
"xml";6;0;6
"youtube";5;1;6
"zones-de-gestion-de-restriction-ou-de-reglementation-et-unites-de-declaration";4;2;6
"zppaup";6;0;6
"élections municipales 2014";6;0;6
"électricité";5;1;6
"électrique";3;3;6
"inao";2;4;6
"infographie";1;5;6
"Bovins";6;0;6
"produit-phytosanitaire";6;0;6
"données";4;2;6
"sdagv";6;0;6
"crèches";5;1;6
"défibrillateurs";6;0;6
"température";6;0;6
"vagues";6;0;6
"om";6;0;6
"voyance";5;1;6
"plaintes";6;0;6
"découpage électoral";6;0;6
"graphique";0;6;6
"boites-aux-lettres";4;2;6
"document-d-urbanisme";6;0;6
"impasse";5;1;6
"limitation-de-vitesse";6;0;6
"comptages";6;0;6
"dgf";6;0;6
"milieu-chimique-biotope";6;0;6
"anfr";1;5;6
"actions-sur-l-eau-reponses-zonage-reglementaire-redevance-actions-volontaires";6;0;6
"zonages-techniques-et-reglementaires-zones-protegees-reglementees";6;0;6
"accident-de-la-route";5;1;6
"fonds-marins";6;0;6
"élection municipale";6;0;6
"aires-de-service";6;0;6
"ddt-49";6;0;6
"infrastructures-routieres";6;0;6
"limites-administratives-et-decoupage-des-territoires-autres";6;0;6
"pollution-sol";5;1;6
"protection-du-littoral";6;0;6
"berge";6;0;6
"centre communautaire";6;0;6
"foyer rural";6;0;6
"pierre";6;0;6
"piste cyclables";6;0;6
"pub";6;0;6
"salle communautaire";6;0;6
"salle polyvalente ";6;0;6
"sécurité ";6;0;6
"gaz à effet de serre";6;0;6
"ash";6;0;6
"revenus-fiscaux-localises";3;3;6
"mode-de-transport";6;0;6
"vacances-travail";1;5;6
"transports-deplacements-securite-routiere";6;0;6
"air-climat";6;0;6
"amenagement-urbanisme-zonages-planification";6;0;6
"protection-des-cultures";6;0;6
"veloroutes";6;0;6
"rayonnement";5;1;6
"centres-de-receptions-radioelectriques";6;0;6
"plan-de-prevention-des-risques-technologiques";6;0;6
"arrondissement-de-montdidier";6;0;6
"nesle";6;0;6
"ppri-des-cantons-de-chaulnes-et-bray-sur-somme";6;0;6
"pprt-de-mesnil-saint-nicaise-et-de-nesle";6;0;6
"pt-3";6;0;6
"reseaux-de-telecommunication";6;0;6
"condezaygues";6;0;6
"monsempron-libos";6;0;6
"saint-leger";6;0;6
"sauveterre-saint-denis";6;0;6
"senestis";6;0;6
"taillebourg";6;0;6
"plans-de-prevention-des-risques-naturels";6;0;6
"tache-urbaine";6;0;6
"agriculture-agro-alimentaire";5;1;6
"dax";6;0;6
"etablissement-recevant-du-public";5;1;6
"gousse";6;0;6
"hastingues";6;0;6
"larriviere-saint-savin";6;0;6
"saint-laurent-de-gosse";6;0;6
"saint-paul-les-dax";6;0;6
"saint-vincent-de-paul";6;0;6
"seyresse";6;0;6
"donnee-generique-decoupage-electoral";6;0;6
"cantal";5;1;6
"controle-sanitaire";3;3;6
"patinoire";6;0;6
"cni";6;0;6
"climat-meteo-meteo";6;0;6
"designation";6;0;6
"lots";5;1;6
"patrimoine-tourisme-loisirs-patrimoine-architectural-et-culturel";6;0;6
"referentiels";6;0;6
"auto-ecole";3;3;6
"azi";6;0;6
"constructions";6;0;6
"faune-sauvage";6;0;6
"investisseurs";3;3;6
"recueil";5;1;6
"qgis";1;5;6
"biaches";6;0;6
"boismont";6;0;6
"breilly";6;0;6
"combles";6;0;6
"conde-folie";6;0;6
"crouy-saint-pierre";6;0;6
"dury";6;0;6
"ferrieres";6;0;6
"franleu";6;0;6
"gentelles";6;0;6
"guignemicourt";6;0;6
"hallencourt";6;0;6
"pont-remy";6;0;6
"ponthoile";6;0;6
"querrieu";6;0;6
"saint-riquier";6;0;6
"saveuse";6;0;6
"thezy-glimont";6;0;6
"vignacourt";6;0;6
"vron";6;0;6
"référence";6;0;6
"clca";6;0;6
"cmg";6;0;6
"rso";6;0;6
"communaute-de-commune";6;0;6
"enseignement-technique";6;0;6
"french";5;1;6
"economie-circulaire";6;0;6
"marais";6;0;6
"logement-habitat";6;0;6
"cnous";5;1;6
"milieu-naturel";6;0;6
"equipement-economie";6;0;6
"art-deco";6;0;6
"auberge-de-jeunesse";6;0;6
"centre-communautaire";6;0;6
"comptes-de-campagne";4;2;6
"demarche";5;1;6
"economie-sociale";6;0;6
"effacement";6;0;6
"file-dattente";6;0;6
"fouilles-archeologiques";1;5;6
"foyer-rural";6;0;6
"histoire-des-arts";6;0;6
"informations-institutionnelles";6;0;6
"legalite";6;0;6
"lieu-de-residence";2;4;6
"maladies-sexuellement-transmissibles";6;0;6
"meurthe-et-moselle";5;1;6
"museum";6;0;6
"peage";5;1;6
"piste-cyclables";6;0;6
"radio-electrique";6;0;6
"regie";6;0;6
"salle-communautaire";6;0;6
"societe-numerique";3;3;6
"territoires-et-transport";6;0;6
"vie-privee";3;3;6
"communes-rurales";5;1;6
"lieux-culturels";5;1;6
"neuf";3;3;6
"2g";6;0;6
"ordures";6;0;6
"pollution-du-littoral";5;1;6
"chambres-regionales-des-comptes";6;0;6
"publications-scientifiques";4;2;6
"nature-biodiversite";6;0;6
"apercu-mensuel";6;0;6
"ecoles-doctorales";6;0;6
"marches-attribues";6;0;6
"drone";5;1;6
"mobilite-transport";6;0;6
"grand-besancon";6;0;6
"reims";6;0;6
"montreuil-en-touraine";5;1;6
"longue-distance";6;0;6
"stagiaire";5;1;6
"analyse-statistique";4;2;6
"donnees-de-reference";5;1;6
"moyenne-tension";6;0;6
"boisement";6;0;6
"agrement";5;1;6
"pvt";1;5;6
"corridors";6;0;6
"tepcv";6;0;6
"etalement-urbain";6;0;6
"parc-departemental";6;0;6
"fabrique-citoyenne";6;0;6
"regions-2016";6;0;6
"shs";6;0;6
"orthophotographie-aerienne";5;1;6
"fitness";5;1;6
"musculation";5;1;6
"mlpc-international";6;0;6
"rep";6;0;6
"brgm";6;0;6
"patent";6;0;6
"propriete-intellectuelle";3;3;6
"espace-aerien";3;3;6
"acheteurs-publics";5;1;6
"chrysomele-diabrotica-virgifera-mais-sante-vegetale-alsace";6;0;6
"actions-sur-l-eau-reponses-zonag";6;0;6
"caracteristiques-geographiques-m";3;3;6
"centres-de-receptions-radioelect";6;0;6
"chrysomele-diabrotica-virgifera-";6;0;6
"contractualisation-politique-de-";6;0;6
"donnee-generique-decoupage-elect";6;0;6
"lieux-de-production-et-sites-ind";6;0;6
"milieu-biologique-habitats-remar";6;0;6
"plan-de-prevention-des-risques-t";6;0;6
"ppri-des-cantons-de-chaulnes-et-";6;0;6
"reseau-routier-national-non-conc";6;0;6
"zonages-techniques-et-reglementa";6;0;6
"act-appro";6;0;6
"ddtm-50";6;0;6
"domaine-public-maritime";6;0;6
"liane";6;0;6
"loison-sous-lens";6;0;6
"si-group";6;0;6
"styrolution-france-sas";6;0;6
"ternas";6;0;6
"vendin-le-vieil";6;0;6
"fontenoy-le-chateau";6;0;6
"vectoriel";1;5;6
"accesibilite";6;0;6
"analytics";4;2;6
"solde-naturel";6;0;6
"politique-du-transport";6;0;6
"generosite-publique";6;0;6
"acces-public";6;0;6
"circulations";6;0;6
"rna";2;4;6
"sictiam";6;0;6
"orthoimagerie";5;1;6
"pollutions";6;0;6
"courbe-de-niveau";6;0;6
"haut-fourneau";6;0;6
"metallurgie";6;0;6
"pin-maritime";6;0;6
"surfaces-agricoles";6;0;6
"cd-sismer";6;0;6
"collectes";6;0;6
"tourisme-culturel";4;2;6
"banlieue";5;1;6
"ecriture";6;0;6
"organisations-syndicales";6;0;6
"sac";6;0;6
"surete";5;1;6
"tarif-ter";6;0;6
"conseils-de-quartier";6;0;6
"rechargement";6;0;6
"schema-cyclable";6;0;6
"bruit-aerien";6;0;6
"prix-carburants";0;6;6
"polluant-de-l-eau";6;0;6
"simulateurs-service-public";6;0;6
"vgp";6;0;6
"cal";6;0;6
"carros";6;0;6
"isola";6;0;6
"jazz";6;0;6
"planning";6;0;6
"prenom-de-bebe";3;3;6
"cds-is-sismer";6;0;6
"bilan-carbone";6;0;6
"rediffusion";6;0;6
"effectifs-scolaires";6;0;6
"morphologie-cotiere";6;0;6
"haies";6;0;6
"logements-vacants";5;1;6
"albigeois";6;0;6
"communautes";6;0;6
"coupes-rases";6;0;6
"abri";6;0;6
"cathedrale";5;1;6
"territoires-regions";6;0;6
"bacheliers";6;0;6
"cohorte";6;0;6
"data1ercycle";6;0;6
"mention-au-bac";6;0;6
"grands-etablissements";6;0;6
"bailleurs-sociaux";6;0;6
"accessible-au-public";5;1;6
"grenade-sur-ladour";6;0;6
"land-use";6;0;6
"puch-dagenais";6;0;6
"pylones";6;0;6
"sanitaires";6;0;6
"structural";6;0;6
"souterrain";6;0;6
"taxon";5;1;6
"presenteisme";6;0;6
"ecoles-dingenieurs";6;0;6
"archive-ouverte";6;0;6
"plu-pos-sudocuh";6;0;6
"courbe-moyenne";6;0;6
"don-du-sang";3;3;6
"infrastructure-de-recherche";6;0;6
"com";6;0;6
"dgcl";5;1;6
"bureau-communautaire";6;0;6
"onde";6;0;6
"ppbe";6;0;6
"tdf";6;0;6
"damenager";6;0;6
"demolir";6;0;6
"glissement";6;0;6
"aide-famille";6;0;6
"aide-personnes-agees";6;0;6
"openloiret";6;0;6
"opd";6;0;6
"ris";6;0;6
"adduction";6;0;6
"laval";4;2;6
"training";5;1;6
"troyes";5;1;6
"actes-reglementaires";6;0;6
"rcs";5;1;6
"producteurs";5;1;6
"lignes-de-bus";5;1;6
"argentree-du-plessis";0;6;6
"smart-charging";6;0;6
"ligair";6;0;6
"belib";6;0;6
"communaute-dagglomeration";6;0;6
"gestion-de-la-quantite-deau";6;0;6
"programme-local-de-lhabitat";6;0;6
"projet-damenagement";6;0;6
"perimetre-de-projet";6;0;6
"os-communale";6;0;6
"evenementiel";6;0;6
"contexte-politique";6;0;6
"autorites-concedantes";6;0;6
"horizon";6;0;6
"centre-de-vote";6;0;6
"vigicrues";6;0;6
"dirm-memn";6;0;6
"trois-milles";6;0;6
"maisons-departementales-de-la-solidarite";6;0;6
"qtsd";6;0;6
"tsryh";6;0;6
"noumea";6;0;6
"reserves-biologiques";5;1;6
"baccarat";6;0;6
"programmes-denseignement";6;0;6
"anglet";6;0;6
"troupeau";6;0;6
"ric";6;0;6
"fps";6;0;6
"r2dde";6;0;6
"autorisation-dengagement";6;0;6
"analytique";6;0;6
"enseignement-superieur-et-recherche";6;0;6
"story-map";6;0;6
"budget-secondaire";6;0;6
"produits-agricoles-locaux";6;0;6
"acv";4;2;6
"nouvelles-mobilites";6;0;6
"qva";6;0;6
"adresse-base";6;0;6
"conservation-du-patrimoine";6;0;6
"inventaire-culturel";6;0;6
"application-android-chargezen";0;6;6
"ca-de-saint-quentin";6;0;6
"tours-metropole-val-de-loire";6;0;6
"mono";6;0;6
"mn2020";6;0;6
"inventaire-des-emissions";6;0;6
"coronavid19";0;6;6
"visualization";0;6;6
"aide-au-transport";6;0;6
"atp";6;0;6
"domicile-travail";6;0;6
"points-darret";6;0;6
"assistantes-maternelles";5;1;6
"auto-entrepreneurs";6;0;6
"emploi-a-domicile";5;1;6
"observatoire-eco-masse-salariale";6;0;6
"observatoire-eco-particuliers-employeurs";6;0;6
"bthd";6;0;6
"aide-economique";6;0;6
"bassin-minier";6;0;6
"zrd";4;2;6
"schema-regional-d-amenagement-de-developpement-durable-et-d-egalite-des-territoires";6;0;6
"developpement-du-territoire";6;0;6
"du-datagouv";6;0;6
"reglion";6;0;6
"construction-logements-sociaux";6;0;6
"fiphfp";6;0;6
"sucy";6;0;6
"jouarre";6;0;6
"cours-d-039-eau";6;0;6
"sage-estuaire-de-la-loire";6;0;6
"societariat-mecenat";6;0;6
"carrieres-sous-poissy";6;0;6
"epone";6;0;6
"surface-utile";6;0;6
"2ème tour";5;0;5
"30";5;0;5
"absolue";5;0;5
"ac1";2;3;5
"accords-collectifs";2;3;5
"actions";5;0;5
"aed";5;0;5
"aeroports";4;1;5
"affichage libre";4;1;5
"aides-publiques";5;0;5
"aire urbaine";1;4;5
"allocataires";4;1;5
"ammoniac";5;0;5
"animaux-domestiques";5;0;5
"annexes";5;0;5
"anterieure";5;0;5
"appel";5;0;5
"archives-regionales";4;1;5
"argiles";5;0;5
"ascenseur";5;0;5
"autocars";5;0;5
"avancé";5;0;5
"benevolat";4;1;5
"bilateraux";5;0;5
"bird";5;0;5
"bleue";5;0;5
"boissons";5;0;5
"bulletin-officiel";2;3;5
"bureaux_de_vote";3;2;5
"café";5;0;5
"canada";4;1;5
"candidat";4;1;5
"capital";3;2;5
"cartes-postales";4;1;5
"causes";5;0;5
"cession";4;1;5
"charge";4;1;5
"chirurgie";4;1;5
"chirurgien-dentiste";3;2;5
"choix";5;0;5
"civile";5;0;5
"classique";5;0;5
"climatique";3;2;5
"cloture";5;0;5
"clubs";4;1;5
"cnav";5;0;5
"coefficient";3;2;5
"coherence";5;0;5
"cohesion-sociale";5;0;5
"collective";4;1;5
"comprenant";5;0;5
"compris";5;0;5
"comptes-de-la-sante";5;0;5
"conjoncture";4;1;5
"consommation-soins";5;0;5
"consulat";5;0;5
"consultations";4;1;5
"contreparties";5;0;5
"cooperation-internationale";4;1;5
"courant";5;0;5
"courte";5;0;5
"cpef";5;0;5
"debats-publics";2;3;5
"depense-sante";5;0;5
"depenses-de-sante";4;1;5
"direct";4;1;5
"discipline";5;0;5
"disciplines";5;0;5
"domestique";5;0;5
"donn-ees";5;0;5
"données personnelles";5;0;5
"découpage adminsitratif";3;2;5
"echanges-commerciaux";2;3;5
"ecole-ecoleprimaire";4;1;5
"economiquement";5;0;5
"electoraux";5;0;5
"element";5;0;5
"endettement";3;2;5
"enfance et familles";5;0;5
"enseignement professionnel";3;2;5
"enseignement-professionnel";2;3;5
"entree";5;0;5
"entreprendre";5;0;5
"epic";5;0;5
"equides";4;1;5
"equipement-et-services-sociaux";5;0;5
"equipement-lit";3;2;5
"etablies";5;0;5
"etrangere";5;0;5
"etudiant-etranger";4;1;5
"evaluant";5;0;5
"exclus";5;0;5
"fer";4;1;5
"fermages";5;0;5
"fichiers";5;0;5
"filieres";5;0;5
"fiscaux";5;0;5
"flotte";5;0;5
"forme";5;0;5
"formes";5;0;5
"fort";5;0;5
"frais";5;0;5
"fumeurs";4;1;5
"gabarit";5;0;5
"garde-d-enfants";4;1;5
"gastro-enterite";1;4;5
"greffe";4;1;5
"guichets";2;3;5
"hadopi";5;0;5
"iconographie";3;2;5
"ida";5;0;5
"idees-suicidaires";1;4;5
"importation";1;4;5
"impot-sur-le-revenu";4;1;5
"incidents";5;0;5
"inclus";5;0;5
"indication-geographique";3;2;5
"individuel";5;0;5
"industriels";5;0;5
"infirmier";4;1;5
"infirmiers";4;1;5
"influence";4;1;5
"intercites";3;2;5
"intercommunalité";3;2;5
"intermediaires";5;0;5
"investies";5;0;5
"inégalités";2;3;5
"iroise";4;1;5
"isbn";5;0;5
"itineraire-touristique";4;1;5
"jardin-des-plantes";5;0;5
"jei";4;1;5
"laiteries";5;0;5
"lieu de résidence";1;4;5
"ligne-de-transport";1;4;5
"limites communales";1;4;5
"limites-administrtives";1;4;5
"lobbying";4;1;5
"logement - santé - social";5;0;5
"logement-collectif";5;0;5
"loi-montagne";5;0;5
"magasins";3;2;5
"maladie-chronique";1;4;5
"malte";5;0;5
"manifestation-culturelle";4;1;5
"marches-public";5;0;5
"massifs";4;1;5
"mco";5;0;5
"mecs";5;0;5
"mediterranee";5;0;5
"methodes";5;0;5
"mettis";5;0;5
"meublés";5;0;5
"mns";5;0;5
"mobilite-reduite";5;0;5
"mobilités";1;4;5
"modal";5;0;5
"mode-exercice";3;2;5
"modifier";5;0;5
"montants";5;0;5
"montees-descentes";5;0;5
"moyenne";5;0;5
"municipalite";3;2;5
"métiers";4;1;5
"nationale";5;0;5
"nationalites";1;4;5
"nationalités";1;4;5
"necessaire";5;0;5
"notice";3;2;5
"nouvelle";5;0;5
"nouvelles";5;0;5
"nuances";3;2;5
"nuire";5;0;5
"obstacles";4;1;5
"obtention";5;0;5
"obtenues";5;0;5
"occupation du sol";3;2;5
"occupes";5;0;5
"oenologie";5;0;5
"office";5;0;5
"ogm";2;3;5
"oin";5;0;5
"openhealth";4;1;5
"operations";5;0;5
"opinion";5;0;5
"organisation-internationale";5;0;5
"oti";5;0;5
"palmares";4;1;5
"papiers";4;1;5
"parlementaire";2;3;5
"particulieres";5;0;5
"partis";4;1;5
"passees";5;0;5
"passifs";5;0;5
"pays-bas";5;0;5
"pente";5;0;5
"performance-energetique";5;0;5
"peuvent";5;0;5
"pisciculture";5;0;5
"plages";4;1;5
"planification-familiale";5;0;5
"plastique";4;1;5
"point-geographique";3;2;5
"police municipale";4;1;5
"poteaux";4;1;5
"potelets";5;0;5
"prefet";5;0;5
"premieres";5;0;5
"premiers";5;0;5
"principales";1;4;5
"processus";5;0;5
"ptu";5;0;5
"quitte";5;0;5
"recrutements";3;2;5
"recue";5;0;5
"referent";5;0;5
"reperes";4;1;5
"reserves";5;0;5
"residences";5;0;5
"ressource";4;1;5
"resume";5;0;5
"revenu-minimum";5;0;5
"risque-majeur";4;1;5
"romans";4;1;5
"routiers";5;0;5
"rsa-socle";5;0;5
"résidence";5;0;5
"résidences principales";1;4;5
"salarial";5;0;5
"salles-de-cinema";3;2;5
"securite-sanitaire";2;3;5
"selectionnes";5;0;5
"semences";5;0;5
"semi-remorques";5;0;5
"serre";3;2;5
"seve";5;0;5
"sinistre";5;0;5
"sites-inscrits";5;0;5
"solidarite-publique";5;0;5
"sourcage";5;0;5
"sous-prefet";5;0;5
"sperme";5;0;5
"statue";5;0;5
"succursales";5;0;5
"suivantes";5;0;5
"supports";5;0;5
"surcharge";5;0;5
"synoptiques";4;1;5
"sénateurs";5;0;5
"table";5;0;5
"tan";5;0;5
"tarification";5;0;5
"temps";5;0;5
"temps-acces";3;2;5
"temps-partiel";5;0;5
"terrains";4;1;5
"territoires et transport";5;0;5
"these";5;0;5
"tourcoing";5;0;5
"tournages";4;1;5
"traitements";4;1;5
"tramways";5;0;5
"transfert";4;1;5
"transport collectif";5;0;5
"unité urbaine";1;4;5
"utilisee";5;0;5
"utilisees";5;0;5
"vegetale";5;0;5
"veille";3;2;5
"vetements";5;0;5
"viabilite-hivernale";5;0;5
"viandes";5;0;5
"vie-publique";3;2;5
"voie-publique";5;0;5
"voiture électrique";5;0;5
"volaille";3;2;5
"web-semantique";4;1;5
"zone-montagne";5;0;5
"âge";5;0;5
"évènement";3;2;5
"évènement culturel";2;3;5
"événements";3;2;5
"geocodeur";2;3;5
"tutoriel";1;4;5
"daaf";4;1;5
"piscicole";5;0;5
"datadmin";0;5;5
"psychiatrie";5;0;5
"pyramide";3;2;5
"cnam";3;2;5
"déchèterie";5;0;5
"légalité";5;0;5
"fusion";3;2;5
"limoges";4;1;5
"open data";3;2;5
"vehicules electriques";5;0;5
"houle";5;0;5
"français";3;2;5
"pique-nique";4;1;5
"co-working";5;0;5
"aire-de-jeux";5;0;5
"décoration";5;0;5
"iphone";0;5;5
"trottoirs";4;1;5
"accueil de la petite enfance";5;0;5
"vice-rectorat";4;1;5
"d-5-eutrophisation";5;0;5
"observation-par-point";5;0;5
"2004";5;0;5
"culture-societe-service";4;1;5
"desherbage";5;0;5
"ocean-atlantique-nord";5;0;5
"patrimoine-architectural-urbain-et-culturel";5;0;5
"pr";5;0;5
"socio-economie";5;0;5
"utilisation-des-pesticides";5;0;5
"donnee-generique";5;0;5
"json";3;2;5
"CSP";5;0;5
"ERP";5;0;5
"automate";4;1;5
"bassin de retention";5;0;5
"boite aux lettres";4;1;5
"course";5;0;5
"jumelage";5;0;5
"analyse de cycle de vie";5;0;5
"élève";5;0;5
"rlp";5;0;5
"site-industriel-production-site-eolien";5;0;5
"draaf-rhone-alpes";5;0;5
"hydrocarbures";5;0;5
"parc-eolien";5;0;5
"site-classe";5;0;5
"amiens";4;1;5
"mer-littoral-limite-administrative-speciale";5;0;5
"pm-1";5;0;5
"bourgougnague";5;0;5
"brax";5;0;5
"bruch";5;0;5
"calonges";5;0;5
"castelmoron-sur-lot";5;0;5
"caumont-sur-garonne";5;0;5
"fauillet";5;0;5
"fourques-sur-garonne";5;0;5
"gavaudun";5;0;5
"marcellus";5;0;5
"mer-littoral-ecologie-du-littoral";5;0;5
"montpouillan";5;0;5
"saint-etienne-de-fougeres";5;0;5
"saint-georges";5;0;5
"saint-romain-le-noble";5;0;5
"sainte-bazeille";5;0;5
"serignac-sur-garonne";5;0;5
"habitat-politique-de-la-ville-parc-locatif-social";5;0;5
"approbation";5;0;5
"pm-2";5;0;5
"ressources-minerales";5;0;5
"angoume";5;0;5
"mees";5;0;5
"oeyreluy";5;0;5
"onard";5;0;5
"saint-jean-de-lier";5;0;5
"servitude-d-utilite-publique";5;0;5
"tartas";5;0;5
"tercis-les-bains";5;0;5
"yzosse";5;0;5
"languedoc-roussillon";2;3;5
"colonnes";5;0;5
"creteil";1;4;5
"personnes-a-mobilite-reduite";5;0;5
"monuments-religieux";5;0;5
"filiation";5;0;5
"datation";5;0;5
"objets-mobiliers";4;1;5
"sols-bd-sol-potentiel-cultural-agropedologie-amenagement-viticulture-grandes-cultures-maraichage-agricole-commune-outil-";5;0;5
"accession-a-la-propriete";5;0;5
"mer-littoral";4;1;5
"poisson-migrateur";5;0;5
"zonages-paysages";5;0;5
"dsl";4;1;5
"logement-locatif-social";5;0;5
"risques-et-securite-risques-technologiques";5;0;5
"schema-de-coherence-territoriale";5;0;5
"tablette";4;1;5
"cour-de-cassation";4;1;5
"becordel-becourt";5;0;5
"berteaucourt-les-dames";5;0;5
"bouvaincourt-sur-bresle";5;0;5
"bussu";5;0;5
"candas";5;0;5
"doingt";5;0;5
"domart-en-ponthieu";5;0;5
"essertaux";5;0;5
"favieres";5;0;5
"fort-mahon-plage";5;0;5
"fressenneville";5;0;5
"glisy";5;0;5
"hombleux";5;0;5
"huchenneville";5;0;5
"le-crotoy";5;0;5
"longpre-les-corps-saints";5;0;5
"mareuil-caubert";5;0;5
"molliens-au-bois";5;0;5
"nampty";5;0;5
"picquigny";5;0;5
"plachy-buyon";5;0;5
"pprm-de-montdidier";5;0;5
"quend";5;0;5
"rivery";5;0;5
"saint-fuscien";5;0;5
"saint-leger-les-domart";5;0;5
"senarpont";5;0;5
"talmas";5;0;5
"valines";5;0;5
"vaudricourt";5;0;5
"éducation nationale";4;1;5
"cyclistes";3;2;5
"anomalie de température";5;0;5
"af";5;0;5
"bilan electrique";5;0;5
"cf";5;0;5
"dossier";5;0;5
"jeune-enfant";5;0;5
"panorama des installations";5;0;5
"papi";5;0;5
"station-epuration";5;0;5
"demande-d-emploi";5;0;5
"sociétés";4;1;5
"ift";4;1;5
"verger";5;0;5
"1er tour";5;0;5
"Métro";5;0;5
"Réseau";5;0;5
"Accidents";5;0;5
"Equipement";5;0;5
"horaires et itinéraires";5;0;5
"english";4;1;5
"protection-des-espaces-naturels";5;0;5
"rdvpasseport.fr";5;0;5
"régionales2015";1;4;5
"activites-humaines-activites-scientifiques";5;0;5
"halophyte";5;0;5
"laminariale";5;0;5
"visiteurs";4;1;5
"cigale";5;0;5
"esat";4;1;5
"pinel";3;2;5
"nec mergitur";5;0;5
"profetic";5;0;5
"sarthe";4;1;5
"2rm";3;2;5
"partielle";5;0;5
"history";5;0;5
"teletravail";3;2;5
"assainissement non collectif";5;0;5
"points-de-collecte";5;0;5
"soes";4;1;5
"consulaire";5;0;5
"accueil-de-la-petite-enfance";5;0;5
"analyse-de-cycle-de-vie";5;0;5
"anomalie-de-temperature";5;0;5
"avance";5;0;5
"bassin-de-retention";5;0;5
"billetique";5;0;5
"blesses";5;0;5
"bureau-de-poste";5;0;5
"centre-aquatique";5;0;5
"codes-insee";3;2;5
"collectes-selectives";3;2;5
"coupures";5;0;5
"couverture-internet";1;4;5
"departements-francais";2;3;5
"elections-municipales-2014";5;0;5
"elections-partielles";5;0;5
"emissions-co2";3;2;5
"espaces-chiens";5;0;5
"esperance-de-vie";3;2;5
"etablissements-recevant-du-public";5;0;5
"evenement-culturel";2;3;5
"exploitations-agricoles";4;1;5
"higher-education";4;1;5
"identite";4;1;5
"livret-de-famille";5;0;5
"localite";5;0;5
"maison-pour-tous";5;0;5
"nebef";5;0;5
"panneaux-solaires";3;2;5
"passages-pietons";5;0;5
"photos-aeriennes";3;2;5
"point-adresse";5;0;5
"prediction";1;4;5
"rdvpasseportfr";5;0;5
"recharge-vehicule-electrique-france";5;0;5
"regionales2015";1;4;5
"republique-numerique";4;1;5
"reseau-internet";5;0;5
"schematique";5;0;5
"sens-de-circulation";5;0;5
"theatres";3;2;5
"tiers-lieu";4;1;5
"tout-venant";5;0;5
"tribunaux-de-commerce";4;1;5
"trophees";5;0;5
"tues";5;0;5
"veterinaires";3;2;5
"deplacements-domicile-travail";3;2;5
"eligibilite";1;4;5
"objets-connectes";2;3;5
"cartographie-complete";5;0;5
"zap";5;0;5
"assainissements";5;0;5
"zones-de-gestion-de-restriction-ou-de-reglementationet-unites-de-declaration";5;0;5
"energie-consommation";4;1;5
"etat-ecologique";5;0;5
"q-90";5;0;5
"offre-de-transport";5;0;5
"referentiel-arrets";5;0;5
"equestre";5;0;5
"free";3;2;5
"optique";5;0;5
"drainage";5;0;5
"epaisseur";5;0;5
"materiau-parental";5;0;5
"propriete-pedologique";5;0;5
"sols-de-bretagne";5;0;5
"texture";5;0;5
"ucs";5;0;5
"activites-humaines-cultures-marines";5;0;5
"assmat";5;0;5
"dej";5;0;5
"fosse";5;0;5
"naturels";5;0;5
"vecteur";5;0;5
"service-educatif";5;0;5
"apprenti";5;0;5
"dates";3;2;5
"gaspar";5;0;5
"navigation-aerienne";5;0;5
"anr";5;0;5
"risque-sismique";5;0;5
"bilan-previsionnel";5;0;5
"assemblees";5;0;5
"conseiller-departemental";5;0;5
"dessins";5;0;5
"enseignements";5;0;5
"plans-topographiques";5;0;5
"tcr";5;0;5
"parc-naturel-regional-de-la-montagne-de-reims";5;0;5
"fishing";4;1;5
"insfrastructure-routiere";5;0;5
"ecoles-primaires";5;0;5
"protection-de-la-nature";5;0;5
"comparateur";1;4;5
"desserte";5;0;5
"dictionnaire";4;1;5
"secteur-public";3;2;5
"spd";3;2;5
"formation-initiale";5;0;5
"couverture-numerique";1;4;5
"tabacs";2;3;5
"tmja";5;0;5
"surfaces";5;0;5
"reversion";5;0;5
"gestion-patrimoniale";5;0;5
"linkedin";5;0;5
"amenagement-du-territoire-et-cadastre";5;0;5
"mont-de-marsan";4;1;5
"risques-idustriels";5;0;5
"lgv";5;0;5
"ulves";5;0;5
"acquis";5;0;5
"n-zonages-paysage";5;0;5
"gal";5;0;5
"text-mining";1;4;5
"activites-humaines-activites-sci";5;0;5
"activites-humaines-cultures-mari";5;0;5
"amenagement-du-territoire-et-cad";5;0;5
"amenagement-urbanisme-zonages-pl";5;0;5
"guyane-habitat-politique-de-la-v";5;0;5
"installations-de-suivi-environne";5;0;5
"mer-littoral-ecologie-du-littora";5;0;5
"parc-naturel-regional-de-la-mont";5;0;5
"recharge-vehicule-electrique-fra";4;1;5
"risques-et-securite-risques-tech";5;0;5
"baie-de-bourgneuf";5;0;5
"bassin-de-cahors";5;0;5
"iod";5;0;5
"occupations";5;0;5
"servitude-pm-1";5;0;5
"meurthe";5;0;5
"tarn-amont";5;0;5
"domanialite";5;0;5
"topographique";5;0;5
"vehicule-de-transport-en-commun";5;0;5
"2g-3g-4g";1;4;5
"bd-ortho";5;0;5
"eclairage-public";5;0;5
"reseau-electronique-dinformation";5;0;5
"big-data";1;4;5
"bd-topo";3;2;5
"cours-de-lor";3;2;5
"cara";5;0;5
"amap";5;0;5
"citoyennete-et-administration";5;0;5
"patrimoine-departemental";5;0;5
"socio-demographie";5;0;5
"mesures-compensatoires";4;1;5
"adherents";4;1;5
"orthophotos";5;0;5
"nevers";3;2;5
"streaming";4;1;5
"lineaire";5;0;5
"marne";4;1;5
"maison-de-la-citoyennete";5;0;5
"tarif-intercites";5;0;5
"taxe-dhabitation";4;1;5
"evolution-demographique";3;2;5
"sentier-pedestre";5;0;5
"associations-sportives";5;0;5
"aerosols";5;0;5
"particules-pm-10";5;0;5
"particules-pm-2-5";5;0;5
"simulateurs";5;0;5
"2-roues";5;0;5
"falicon";5;0;5
"tours";3;2;5
"banques-populaires";5;0;5
"reprise";4;1;5
"autres-activites";5;0;5
"gonflement-d-argile";5;0;5
"retrait-d-argile";5;0;5
"cartes-statiques-aveyron";5;0;5
"sandre";4;1;5
"downloadable-data";5;0;5
"mesure-de-restauration";5;0;5
"pollution-diffuse";4;1;5
"recolement";5;0;5
"rstats";0;5;5
"titanobel";5;0;5
"composteur";5;0;5
"redon";5;0;5
"station-de-recharge-ve";4;1;5
"charente";4;1;5
"facade";5;0;5
"isohypses";5;0;5
"hivernale";5;0;5
"aire-sur-ladour";5;0;5
"cryptomonnaie";3;2;5
"crypto";3;2;5
"conseil-metropolitain";5;0;5
"gestion-des-dechets";5;0;5
"residences-secondaires";4;1;5
"sanitaires-publics";4;1;5
"seine-et-marne";2;3;5
"territoire-de-belfort";4;1;5
"deep-learning";3;2;5
"ecole-dingenieur";5;0;5
"master-lmd";5;0;5
"reemploi";5;0;5
"saint-gatien-des-bois";5;0;5
"la-gaude";5;0;5
"adresse-numero-rue-code-postal-ville";5;0;5
"systeme-de-coordonnees";5;0;5
"infrastructures-de-recherche";5;0;5
"sciences-humaines-et-sociales";5;0;5
"tgir";5;0;5
"cartopartie";5;0;5
"idref";5;0;5
"89c3";5;0;5
"dam";5;0;5
"sauvetage";3;2;5
"apec";5;0;5
"alsh";5;0;5
"nouveau-ne";5;0;5
"organisation-du-territoire";5;0;5
"structure-daccueil";5;0;5
"quimper-bretagne-occidentale";5;0;5
"autoconsommation";4;1;5
"pvtiste";1;4;5
"pvtistes";1;4;5
"vvt";1;4;5
"whv";1;4;5
"working-holiday";1;4;5
"philanthropie";5;0;5
"quimper";4;1;5
"no-2";5;0;5
"defibrilateurs";5;0;5
"education-et-enseignement";5;0;5
"occupation-des-soles";5;0;5
"reseaux-de-transports";5;0;5
"developpement-economie";5;0;5
"associatif";4;1;5
"rec";5;0;5
"criee";5;0;5
"grand-belfort";5;0;5
"plf-2019";4;1;5
"plomb";5;0;5
"directive-91-271-eec";5;0;5
"wfd-surface-water-body-lake";5;0;5
"culture-urbaine";5;0;5
"street-art";5;0;5
"capv";5;0;5
"cpier";5;0;5
"groslay";5;0;5
"ramassage-ordures-menageres";5;0;5
"infolocale";5;0;5
"carte-didentite";5;0;5
"passeports";5;0;5
"marche-de-lhabitat";5;0;5
"production-denergie-electrique";5;0;5
"geographie-physique";5;0;5
"restrictions-de-circulation";5;0;5
"contexte-economique";5;0;5
"diversification";5;0;5
"consultation-publique";4;1;5
"socio-professionnel";4;1;5
"rapport-dactivites";5;0;5
"la-pepipniere";5;0;5
"courbe-isophone";5;0;5
"m71";5;0;5
"pmz";4;1;5
"departement-du-lot";5;0;5
"deuil";5;0;5
"dinde";5;0;5
"flixbus";2;3;5
"tarifs-reglementes";5;0;5
"trv";5;0;5
"temps-de-parole";2;3;5
"complement-cartographique";5;0;5
"nlp";1;4;5
"dette-garantie";5;0;5
"fontenoy-sur-moselle";5;0;5
"aingeray";5;0;5
"azerailles";5;0;5
"benney";5;0;5
"bezaumont";5;0;5
"bicqueley";5;0;5
"champey-sur-moselle";5;0;5
"champigneulles";5;0;5
"deneuvre";5;0;5
"gripport";5;0;5
"haussonville";5;0;5
"laronxe";5;0;5
"moncel-les-luneville";5;0;5
"roville-devant-bayon";5;0;5
"saint-mard";5;0;5
"thiaville-sur-meurthe";5;0;5
"agroecologie";5;0;5
"rlpi";5;0;5
"cerema-centre-est";5;0;5
"biodiversite-et-nature";5;0;5
"rivages";5;0;5
"experimentation";5;0;5
"teaching";5;0;5
"oreca";5;0;5
"aide-aux-personnes";5;0;5
"concentrations";5;0;5
"parcmetres";5;0;5
"staionnement";5;0;5
"lignes-bus";3;2;5
"bovins-de-boucherie";5;0;5
"cotation-marche";5;0;5
"plf-2015";4;1;5
"plf-2016";4;1;5
"plf-2017";4;1;5
"plf-2018";4;1;5
"plr-2012";5;0;5
"permanences";5;0;5
"ventoux";5;0;5
"1949";5;0;5
"hub-site";5;0;5
"ail-violet-de-cadours";5;0;5
"banatic";5;0;5
"equipements-collectifs";3;2;5
"pont-saint-vincent";5;0;5
"maron";5;0;5
"plan-doccupation-des-sols-pos";5;0;5
"analyse-de-leau";3;2;5
"acquisition-de-la-nationalite-par-decret";5;0;5
"cerema-infra-transport-materiaux";5;0;5
"reduction-des-dechets";5;0;5
"comparabus";0;5;5
"iledefrance";0;5;5
"information-voyageurs";5;0;5
"mulhouse";5;0;5
"genealogie";0;5;5
"tende";5;0;5
"gaspillage";5;0;5
"ancienne-limite-territoriale";5;0;5
"metz";4;1;5
"colmar";4;1;5
"data-science";0;5;5
"epidemiecoronavirus";0;5;5
"testpcr";1;4;5
"barometre-economique";5;0;5
"restes-a-recouvrer";5;0;5
"mesures-exceptionnelles";5;0;5
"itineraires-cyclables";5;0;5
"bassin-urbain-a-dynamiser";5;0;5
"bud";5;0;5
"quartier-de-veille-active";5;0;5
"zone-rurale";5;0;5
"tests-virologiques";3;2;5
"biognv";5;0;5
"education-jeunesse";5;0;5
"taux-dincidence";2;3;5
"enseignement-agricole-archive";5;0;5
"vetraz-monthoux";5;0;5
"test-covid19";1;4;5
"amenagement-des-territoires";5;0;5
"couvre-feu";3;2;5
"covidep";0;5;5
"tarifs-et-points-de-vente";5;0;5
"vaccin-coronavirus";0;5;5
"institutions-et-citoyens";5;0;5
"mediatheque-departementale";5;0;5
"climat-air-et-energie";5;0;5
"vaccinations";0;5;5
"poste-hta-bt";5;0;5
"poste-source";5;0;5
"variant";3;2;5
"continuite-eco-paysagere";5;0;5
"vaccin-covid";0;5;5
"gnc";5;0;5
"codes-naf";5;0;5
"securite-qualite-de-service-ferroviaire";5;0;5
"sudocuh";5;0;5
"2009-2010";4;0;4
"2d-tour";4;0;4
"88-407-cee";4;0;4
"aal";4;0;4
"abattoirs";3;1;4
"abscisse";4;0;4
"académie";4;0;4
"accordees";4;0;4
"accordes";4;0;4
"acheter";4;0;4
"administratifs";4;0;4
"adoption";3;1;4
"aee";4;0;4
"agees";4;0;4
"aide-a-domicile";3;1;4
"aide-au-developpement";2;2;4
"aide-sociale-a-l-enfance";4;0;4
"aide-sociale-hebergement";4;0;4
"aides-a-la-presse";3;1;4
"aires-de-covoiturage";4;0;4
"ajuste";4;0;4
"allocation-personnalisee-autonomie";4;0;4
"amendements";4;0;4
"analytiques";4;0;4
"annuelles";2;2;4
"antilles";4;0;4
"approvisionnement";4;0;4
"aqueduc";4;0;4
"arables";4;0;4
"archivage-du-web";4;0;4
"armée";4;0;4
"art-et-essai";3;1;4
"asociales";4;0;4
"assemblée nationale";3;1;4
"assos-transparentes";4;0;4
"atelier-de-decoupe";4;0;4
"auteurs";4;0;4
"auto-écoles";1;3;4
"automoteurs";4;0;4
"avion-civil";1;3;4
"baignoire";4;0;4
"balise";4;0;4
"banques";4;0;4
"bassin-de-vie";4;0;4
"bibliotheque-nationale";4;0;4
"bibliotheque-numerique";3;1;4
"bilans";4;0;4
"bistrot";3;1;4
"blessure";4;0;4
"blu-ray";4;0;4
"bp";4;0;4
"brent";3;1;4
"budget-2013";2;2;4
"bulgarie";4;0;4
"caisses";4;0;4
"campagne";4;0;4
"campus";3;1;4
"campusfrance";3;1;4
"capitaux";4;0;4
"capitoulat";4;0;4
"catastrophe";3;1;4
"catastrophe-naturelle";4;0;4
"centre-de-collecte";4;0;4
"centre_investigateur";4;0;4
"centres-de-collecte";2;2;4
"cessation-d-activite";2;2;4
"cg71";1;3;4
"chambre-de-representants";4;0;4
"champignons";3;1;4
"chiffre-d-affaires-video";4;0;4
"circonscription-administrative";4;0;4
"circulaires";2;2;4
"citations";4;0;4
"cite";2;2;4
"classes";3;1;4
"cle";4;0;4
"codes insee";2;2;4
"codes postaux";1;3;4
"collecte-de-lait";4;0;4
"collectes sélectives";2;2;4
"collegien";4;0;4
"commemoration";4;0;4
"commercialisation";4;0;4
"communications";2;2;4
"compagnies";4;0;4
"competences-cles";4;0;4
"competitivite";3;1;4
"complementaire-sante";3;1;4
"comptable";3;1;4
"concurrence";3;1;4
"confondues";4;0;4
"considerent";3;1;4
"consigne";3;1;4
"constants";4;0;4
"contacts";4;0;4
"contributions";3;1;4
"coordination";4;0;4
"coordonnées";4;0;4
"courbes";3;1;4
"court-sejour";4;0;4
"createur";4;0;4
"criminalité";2;2;4
"curvilligne";4;0;4
"de";4;0;4
"debat-d-orientations-budgetaires";4;0;4
"decentralisation";2;2;4
"dechargement";4;0;4
"decision-modificative";4;0;4
"decoration";4;0;4
"demenagement";3;1;4
"dentistes";2;2;4
"depression";3;1;4
"dernier";4;0;4
"detaillee";4;0;4
"differents";4;0;4
"dird";3;1;4
"directes";4;0;4
"direction";4;0;4
"dirigees";4;0;4
"dispositif-de-securite";2;2;4
"dispositifs";4;0;4
"divisions";4;0;4
"dob";4;0;4
"doctorants";4;0;4
"documents-administratifs";3;1;4
"domaines";4;0;4
"domestiques";4;0;4
"données genrées";4;0;4
"douanieres";4;0;4
"dues";4;0;4
"duree";3;1;4
"dysfonctionnement-erectile";1;3;4
"débit";3;1;4
"dépassements honoraires";3;1;4
"e-gouvernement";4;0;4
"eau-interieure";4;0;4
"ecolematernelle";3;1;4
"ecomobilite";2;2;4
"edition-video";4;0;4
"education-artistique-et-culturelle";4;0;4
"effectif-salarie";2;2;4
"effectuees";4;0;4
"elections-legislatives-assemblee-nationale-depute";3;1;4
"elements";4;0;4
"emigration";4;0;4
"emis";4;0;4
"enseignement-primaire";3;1;4
"entretien";3;1;4
"escalier";4;0;4
"escargots";3;1;4
"espaceschiens";3;1;4
"etablissement-sanitaire";4;0;4
"etablissements-agrees";4;0;4
"etatcivil";2;2;4
"etendue";4;0;4
"etiquette";4;0;4
"etude-d-usages";4;0;4
"euro";3;1;4
"exclusivement";4;0;4
"exploitation-forestiere";4;0;4
"exterieures";4;0;4
"faits constates";2;2;4
"favorisee";4;0;4
"fermeture";4;0;4
"fertilisation";4;0;4
"financier";4;0;4
"fleurs";3;1;4
"foraine";4;0;4
"forfait";2;2;4
"formation-professionnelle-continue";3;1;4
"forum";3;1;4
"fosses";4;0;4
"fracture sanitaire";3;1;4
"fromages";3;1;4
"fruit";4;0;4
"futurs";4;0;4
"garde-corps";3;1;4
"gel";3;1;4
"generalites";4;0;4
"generes";4;0;4
"gibiers";4;0;4
"gilles carrez";3;1;4
"global";4;0;4
"handicapes";2;2;4
"histolitt";2;2;4
"humide";4;0;4
"idh-4";4;0;4
"ifm";4;0;4
"impact";4;0;4
"implicite";4;0;4
"import-export";1;3;4
"imports";3;1;4
"impot-de-solidarite-sur-la-fortune";1;3;4
"impot-local";2;2;4
"impôt";4;0;4
"independants";4;0;4
"indice-atmo";4;0;4
"indien";4;0;4
"industrielles";4;0;4
"industries agroalimentaires";4;0;4
"inegalite-sociale";4;0;4
"informations-geoscientifique";3;1;4
"informelles";4;0;4
"infraction";3;1;4
"institut-francais";3;1;4
"institut-francais-tandem-libre";4;0;4
"intercite";2;2;4
"internationaux";4;0;4
"intervention";4;0;4
"interventions";4;0;4
"intra-muros";4;0;4
"intra-ue";4;0;4
"inventions";3;1;4
"irlande";3;1;4
"irpp";4;0;4
"justice-penale";2;2;4
"kiosque";4;0;4
"lannion";3;1;4
"latitude";4;0;4
"legumes";3;1;4
"lettonie";4;0;4
"lieu-dit";4;0;4
"lieux-dits";2;2;4
"linguistique";3;1;4
"lituanie";4;0;4
"logement-individuel";4;0;4
"lubrifiants";4;0;4
"lucratives";4;0;4
"lycées";2;2;4
"maison de retraite";4;0;4
"maladies";4;0;4
"malvoyant";3;1;4
"manuscrits";4;0;4
"mapa";4;0;4
"marchandises";4;0;4
"marche-alimentaire";4;0;4
"marche-notifie";3;1;4
"materiel";4;0;4
"materielles";3;1;4
"maternels";3;1;4
"matières premières";1;3;4
"matrimonial";3;1;4
"medecine-generale";3;1;4
"meilleure";3;1;4
"mensuelle";4;0;4
"militaires";3;1;4
"minimum-vieillesse";3;1;4
"mobiles";1;3;4
"mortels";3;1;4
"motifs";4;0;4
"moulon";4;0;4
"multi-accueil";4;0;4
"médecins spécialistes";3;1;4
"nappe";4;0;4
"natalite";3;1;4
"nation";4;0;4
"nations";3;1;4
"nets";4;0;4
"nivellement";4;0;4
"non-nationaux";2;2;4
"nord pas de calais";3;1;4
"notre-dame-des-landes";4;0;4
"nox";4;0;4
"nuts";1;3;4
"obesite";3;1;4
"obstetrique";4;0;4
"occupants";4;0;4
"occupe";4;0;4
"oleoducs";4;0;4
"ondif";4;0;4
"organisme";3;1;4
"output";4;0;4
"ovins";4;0;4
"parc-en-enclos";4;0;4
"parcmetre";4;0;4
"parental";4;0;4
"parité";3;1;4
"parmi";2;2;4
"passages-a-niveau";4;0;4
"patrimoine-industriel";3;1;4
"pauvre";3;1;4
"pelouses";4;0;4
"penale";4;0;4
"permanentes";4;0;4
"personnel-hospitalier";2;2;4
"phytopharmaceutiques";2;2;4
"plante";4;0;4
"politique-d-immigration";3;1;4
"pommes";4;0;4
"pompe";1;3;4
"pondeuses";4;0;4
"populations";3;1;4
"position";4;0;4
"potentiel";3;1;4
"poudre";4;0;4
"poules";4;0;4
"pourcentage";3;1;4
"pouvant";4;0;4
"prefectures";4;0;4
"premier-ministre";4;0;4
"prendre";4;0;4
"prestation-familiale";3;1;4
"prevalence";1;3;4
"prevention-sanitaire";3;1;4
"prime";3;1;4
"privees";4;0;4
"procedures";3;1;4
"production-cinematographique";4;0;4
"production-de-bois";4;0;4
"profession-de-la-sante";3;1;4
"professionel-de-sante";4;0;4
"profondeur";4;0;4
"programme électoral";2;2;4
"projet-de-loi";4;0;4
"projet-de-loi-de-finances";3;1;4
"proposition-de-loi";4;0;4
"propulsion";3;1;4
"protection-de-l-environnement";4;0;4
"protection-maternelle-et-infantile";4;0;4
"protegees";4;0;4
"proteges";4;0;4
"pru";4;0;4
"prénoms";3;1;4
"quinquennales";4;0;4
"quotas";4;0;4
"raisin";4;0;4
"rampe";4;0;4
"ratio";4;0;4
"ravalement";4;0;4
"recuperation";3;1;4
"regards";4;0;4
"remboursements";2;2;4
"remorques";4;0;4
"rendement";1;3;4
"renouvelable";4;0;4
"repartition-geographique";3;1;4
"residents";2;2;4
"retraité";3;1;4
"reutilisation";3;1;4
"revues";4;0;4
"richesse";3;1;4
"rigole";4;0;4
"roumanie";4;0;4
"rurales";4;0;4
"saisonniers";4;0;4
"salaire-minimum";2;2;4
"salle-de-spectacle";4;0;4
"sante-bucco-dentaire";3;1;4
"santé sociale";2;2;4
"sapeur-pompier";4;0;4
"sciences du numérique";1;3;4
"scolarisation";4;0;4
"sdf";3;1;4
"secretaire-d-etat";3;1;4
"securite-alimentaire";1;3;4
"seismes";4;0;4
"semaine";4;0;4
"sensibilisation";2;2;4
"shom";3;1;4
"sites publics";2;2;4
"skate";4;0;4
"slovaquie";4;0;4
"soi-meme";4;0;4
"soins-de-ville";3;1;4
"sous-quartiers";4;0;4
"spa";1;3;4
"specialisation";4;0;4
"station-d-epuration";3;1;4
"stele";4;0;4
"suivi";3;1;4
"superieures";3;1;4
"supplementaires";4;0;4
"surpoids";3;1;4
"tarifaires";4;0;4
"tarifs médecins";3;1;4
"taux de réussite";1;3;4
"temperatures";3;1;4
"teom";3;1;4
"terrestre";3;1;4
"titre";4;0;4
"tnt";3;1;4
"tournesol";4;0;4
"tracteurs";4;0;4
"tracé";4;0;4
"traduction";4;0;4
"traffic";3;1;4
"trains";2;2;4
"traite";4;0;4
"transfert-de-technologie";4;0;4
"transfrontaliers";4;0;4
"transport-par-chemins-de-fer";1;3;4
"transport-terrestre";4;0;4
"travailleurs-sociaux";4;0;4
"tresorerie";3;1;4
"trimestriel";4;0;4
"trimestriels";4;0;4
"type";3;1;4
"ufc que choisir";3;1;4
"universel";4;0;4
"universités";3;1;4
"urgences-hospitaliers";2;2;4
"usages-internet";4;0;4
"variations";4;0;4
"vendre";4;0;4
"ventilation";4;0;4
"verte";4;0;4
"viande-fraiche";4;0;4
"videodisque";4;0;4
"vie-municipale";4;0;4
"vieillesse";4;0;4
"vignoble";3;1;4
"voies-ferrees";4;0;4
"voirie-departementale";4;0;4
"volailles";3;1;4
"volontaires";4;0;4
"volonte";4;0;4
"vrac";4;0;4
"za";4;0;4
"égalité femmes hommes";2;2;4
"élevage";4;0;4
"dataconnexions";3;1;4
"domaine public";3;1;4
"javascript";0;4;4
"voile";0;4;4
"Atelier-de-dxcoupe";4;0;4
"Etablissements-agrxxs";4;0;4
"Gibiers";4;0;4
"Lait";4;0;4
"Sperme";4;0;4
"legislation-phytosanitaire";4;0;4
"produits-phytopharmaceutiques";4;0;4
"thésaurus";2;2;4
"petite-couronne";4;0;4
"synop";3;1;4
"champagne";4;0;4
"enseignement secondaire";4;0;4
"évaluation";4;0;4
"jurisprudences";1;3;4
"indigo";4;0;4
"nouvelles régions";1;3;4
"merimee";4;0;4
"droit-ouvert";3;1;4
"openlaw";3;1;4
"zone-franche-urbaine";4;0;4
"complexe-sportif";4;0;4
"rénovation";2;2;4
"sapins";3;1;4
"hôtel";4;0;4
"la poste";2;2;4
"retraités";4;0;4
"vélos";1;3;4
"développement économique";3;1;4
"serrurerie";2;2;4
"vétérinaires";3;1;4
"centres de loisirs";4;0;4
"voyance amour";4;0;4
"groupement";4;0;4
"geodesique";4;0;4
"établissements scolaires";3;1;4
"éclairage";4;0;4
"mobilier urbain";3;1;4
"pictavie";4;0;4
"vitalis";4;0;4
"adpa";4;0;4
"cheminements";4;0;4
"plan-d-occupation-des-sols";4;0;4
"servitudes-d-utilite-publique";4;0;4
"e-administration";2;2;4
"risques-et-securite-risques-naturels";4;0;4
"auxerre";2;2;4
"cinemas";3;1;4
"milieu-biologique-especes-faune";4;0;4
"adaje";4;0;4
"electeurs";4;0;4
"milieu-biologique-habitats-remarquables-herbiers";4;0;4
"rectorat";3;1;4
"contamination";1;3;4
"observation-directe";4;0;4
"élection législative";4;0;4
"élection régionale";4;0;4
"référendum";4;0;4
"bruit-routier";4;0;4
"chalut";4;0;4
"culture-communication";4;0;4
"domaine-public-fluvial";4;0;4
"entreprise-de-transports";4;0;4
"fauchage";4;0;4
"ponts";4;0;4
"pprm";4;0;4
"reglementation-de-transport";4;0;4
"reseau-ferroviaire";4;0;4
"surveillance-du-trafic";4;0;4
"nuit des musées";2;2;4
"visualisation de données";0;4;4
"34000";4;0;4
"34070";4;0;4
"34080";4;0;4
"34090";4;0;4
"AIR LR";4;0;4
"Distributeur";4;0;4
"Electricité";4;0;4
"France";4;0;4
"GIC";4;0;4
"GIG";4;0;4
"Monument";4;0;4
"Parking";4;0;4
"RTE";4;0;4
"Sports";4;0;4
"TGV";4;0;4
"Transport";4;0;4
"aire de jeu";4;0;4
"centre ville";4;0;4
"corbeille à papier";4;0;4
"délibération exécutoire";4;0;4
"espaces chiens";4;0;4
"hygiène";3;1;4
"maison pour tous";4;0;4
"openstreetmap ";4;0;4
"point de collecte";4;0;4
"prénom";4;0;4
"quartier prioritaire";4;0;4
"station essence";4;0;4
"station service";4;0;4
"stèle";4;0;4
"toutounette";4;0;4
"télécommunication";4;0;4
"élection départementales";4;0;4
"viti-vinicole";2;2;4
"urgences-hospitalieres";2;2;4
"reforme-des-retraites";4;0;4
"geocoding";2;2;4
"expertise";2;2;4
"moteur de recherche";1;3;4
"grand paris seine ouest";3;1;4
"nuisance-pollution-du-sol";4;0;4
"agro-alimentaire";3;1;4
"erp-autre";4;0;4
"nature-paysage-biodiversite-inventaire-paysage";4;0;4
"nature-paysage-biodiversite-zonages-paysage";4;0;4
"pollution-du-sol";3;1;4
"couverture en grille altimétrique";4;0;4
"socio-economie-socio-economie";4;0;4
"site-inscrit";4;0;4
"transports-deplacements-transport-exceptionnel";4;0;4
"a-4";4;0;4
"bassin-d-emploi";4;0;4
"ppri-de-mesnil-martinsart";4;0;4
"pt-1";4;0;4
"t-1";4;0;4
"astaffort";4;0;4
"bajamont";4;0;4
"bias";4;0;4
"boe";4;0;4
"clairac";4;0;4
"damazan";4;0;4
"fals";4;0;4
"fauguerolles";4;0;4
"feugarolles";4;0;4
"fumel";4;0;4
"lafitte-sur-lot";4;0;4
"lafox";4;0;4
"lagruere";4;0;4
"laparade";4;0;4
"le-temple-sur-lot";4;0;4
"meilhan-sur-garonne";4;0;4
"montesquieu";4;0;4
"nicole";4;0;4
"saint-pardoux-du-breuil";4;0;4
"saint-sixte";4;0;4
"sainte-livrade-sur-lot";4;0;4
"transports-deplacements-transport-collectif";4;0;4
"air-climat-qualite-pollution";2;2;4
"foncier-sol-mutation-fonciere";4;0;4
"lombez";4;0;4
"mines";4;0;4
"mouvements-de-terrain";4;0;4
"rnr";4;0;4
"tar";4;0;4
"voie-ferree";4;0;4
"aire-sur-l-adour";4;0;4
"candresse";4;0;4
"grenade-sur-l-adour";4;0;4
"oeyregave";4;0;4
"peyrehorade";4;0;4
"deploiement-fibre-optique";1;3;4
"dpgd";4;0;4
"grand poitiers";3;1;4
"transports-collectifs";4;0;4
"livret de famille";4;0;4
"marchés";4;0;4
"mentions";4;0;4
"bus-arrets-abris-bus-transports-en-commun-tc-lignes";4;0;4
"bus-transports-en-commun-tc-lignes-lignes-urbaines-reseau";4;0;4
"napoleonien";4;0;4
"urbanisme-et-foncier-foncier-et-droit-des-sols";4;0;4
"eutrophisation";4;0;4
"legislation-en-matiere-d-environnement";4;0;4
"substance-toxique";4;0;4
"uu";4;0;4
"aide-au-financement";4;0;4
"energie-eolienne";4;0;4
"financement-immobilier";4;0;4
"gare-ferroviaire";4;0;4
"installation-a-haut-risque";4;0;4
"installation-industrielle";4;0;4
"population-legale";4;0;4
"services-et-equipements-publics-autres";4;0;4
"tension";4;0;4
"zonage-agricole";4;0;4
"zone-inondable";4;0;4
"amf";2;2;4
"classees";3;1;4
"delegataires";4;0;4
"plan-de-gestion";4;0;4
"canaux";4;0;4
"foret-de-protection";4;0;4
"commerce-des-plantes";3;1;4
"cours administratives";4;0;4
"torrents";4;0;4
"ailly-le-haut-clocher";4;0;4
"allonville";4;0;4
"app";1;3;4
"aubigny";4;0;4
"ault";4;0;4
"cardonnette";4;0;4
"cartigny";4;0;4
"corbie";4;0;4
"crecy-en-ponthieu";4;0;4
"doullens";4;0;4
"eclusier-vaux";4;0;4
"epagne-epagnette";4;0;4
"estrees-deniecourt";4;0;4
"friville-escarbotin";4;0;4
"gamaches";4;0;4
"grand-laviers";4;0;4
"havernas";4;0;4
"l-etoile";4;0;4
"longueau";4;0;4
"oust-marest";4;0;4
"pont-de-metz";4;0;4
"poulainville";4;0;4
"rosieres-en-santerre";4;0;4
"saigneville";4;0;4
"saint-quentin-la-motte-croix-au-bailly";4;0;4
"saint-vaast-en-chaussee";4;0;4
"salouel";4;0;4
"tully";4;0;4
"yonval";4;0;4
"atelier-de-dxcoupe";4;0;4
"métropole";4;0;4
"protection-de-la-faune-et-de-la-flore";4;0;4
"croix";4;0;4
"ripisylve";4;0;4
"courriers";3;1;4
"isoles";4;0;4
"captages-prioritaires";4;0;4
"arsenic";4;0;4
"circuits-courts";2;2;4
"sauvage";4;0;4
"sensibles";4;0;4
"degagement";4;0;4
"eau-n-masse-eau";4;0;4
"eau-n-zonages-eau";4;0;4
"biosphere";4;0;4
"vosges";3;1;4
"caritatif";4;0;4
"Accessibilité";4;0;4
"GTFS";4;0;4
"Géolocalisation";4;0;4
"Horaire";4;0;4
"Mouvements sociaux";4;0;4
"Régularité";4;0;4
"Tramway";4;0;4
"milieu-physique-hydrodynamique-colonne-d-eau";4;0;4
"webmapping";1;3;4
"quiberon";4;0;4
"fucale";4;0;4
"kermorvan";4;0;4
"climatisation";3;1;4
"evaluent";4;0;4
"ddt-72";4;0;4
"tags";4;0;4
"2nd";4;0;4
"CDs";4;0;4
"DVDs";4;0;4
"Livres";4;0;4
"Tisséo";4;0;4
"Toulouse";4;0;4
"canisac";4;0;4
"participatif";4;0;4
"projection";4;0;4
"rapprochement";4;0;4
"reutilisations";4;0;4
"régionale";4;0;4
"second tour";4;0;4
"vienne";3;1;4
"bzh";0;4;4
"zone-de-baignade";4;0;4
"onisep";3;1;4
"ville-de-limoges";4;0;4
"agence-immobiliere";2;2;4
"air-lr";4;0;4
"aire-de-jeu";4;0;4
"alloue";4;0;4
"anciens-combattants";4;0;4
"binomes";4;0;4
"cables";4;0;4
"centre-investigateur";4;0;4
"centres-de-loisirs";3;1;4
"cooperation-bilaterale";3;1;4
"corbeille-a-papier";4;0;4
"cours-administratives";4;0;4
"couverture-en-grille-altimetrique";4;0;4
"cybersecurite";3;1;4
"decoupage-adminsitratif";2;2;4
"deliberation-executoire";4;0;4
"depassements-honoraires";3;1;4
"dispositif-medical";3;1;4
"election-departementales";4;0;4
"election-municipale";4;0;4
"elues";2;2;4
"eu";4;0;4
"ferree";4;0;4
"feu-tricolore";4;0;4
"feux-tricolores";4;0;4
"fracture-sanitaire";3;1;4
"french-tech";4;0;4
"futur-en-seine";3;1;4
"geocatalogue";4;0;4
"gig-gic";4;0;4
"gilles-carrez";3;1;4
"grand-paris-seine-ouest";3;1;4
"grotte";4;0;4
"hotellerie-de-plein-air";4;0;4
"industries-agroalimentaires";4;0;4
"jaces";3;1;4
"jardiniere";4;0;4
"lieux-de-vote";4;0;4
"lieux-publics";4;0;4
"ma";4;0;4
"medecins-specialistes";3;1;4
"modeles";4;0;4
"nuit-des-musees";2;2;4
"numeros";3;1;4
"partis-politiques";2;2;4
"passage-a-niveau";4;0;4
"permis-b";2;2;4
"photographies-aeriennes";4;0;4
"pompes-funebres";3;1;4
"proces-verbal";4;0;4
"puissance-installee";4;0;4
"reduite";4;0;4
"reseaux-mobiles";2;2;4
"restauration-rapide";3;1;4
"sciences-du-numerique";1;3;4
"second-degre";4;0;4
"secteurs-de-vote";4;0;4
"senatoriales";3;1;4
"sens-unique";4;0;4
"sites-publics";2;2;4
"stationnement-abusif";4;0;4
"tarifs-medecins";3;1;4
"toulouse-metropole";3;1;4
"ufc-que-choisir";3;1;4
"conseils-departementaux";3;1;4
"tournee";2;2;4
"vie-locale";3;1;4
"blangy-tronville";4;0;4
"bosquel";4;0;4
"barrages";3;1;4
"captages";4;0;4
"espaces-naturels-proteges";4;0;4
"informations-complementaires";4;0;4
"infrastructure-de-transport";4;0;4
"loi-littoral";3;1;4
"loiret";3;1;4
"operations-programmees-d-amelioration-de-l-habitat";4;0;4
"ouvrages-prioritaires";4;0;4
"planification-et-documents-d-urbanisme";4;0;4
"urbanisme-et-foncier";4;0;4
"zones-vulnerables";4;0;4
"biogaz";3;1;4
"dechets-menagers-et-assimiles";4;0;4
"ordures-menageres-residuelles";4;0;4
"reseau-de-chaleur";4;0;4
"champ";4;0;4
"bouygues";3;1;4
"equitation";3;1;4
"sfr";3;1;4
"carte-pedologique";4;0;4
"environnement-cotier";3;1;4
"1887";4;0;4
"1936";4;0;4
"assistante";4;0;4
"commissariat";4;0;4
"commissariats";4;0;4
"dad";4;0;4
"drain";4;0;4
"ecologie-urbaine";3;1;4
"protections";4;0;4
"territoriales";4;0;4
"logos";4;0;4
"baac";3;1;4
"gestion-publique";4;0;4
"observations-definitives";4;0;4
"rod";4;0;4
"texte-integral";4;0;4
"ctc";4;0;4
"accessibilite-numerique";4;0;4
"contrat-de-territoire";4;0;4
"ephy";2;2;4
"open-data-france";3;1;4
"remarquable";4;0;4
"societe-du-grand-paris";4;0;4
"transition-numerique";3;1;4
"diplome-national-du-brevet";3;1;4
"ar-3";4;0;4
"franche";4;0;4
"propagation-des-ondes";4;0;4
"profilage";4;0;4
"abribus";3;1;4
"albert-kahn";4;0;4
"archives-de-la-planete";4;0;4
"autochromes";4;0;4
"budget-departemental";4;0;4
"gene-a-l-usager";4;0;4
"origines";4;0;4
"participations";4;0;4
"schemas";4;0;4
"solidaires";3;1;4
"solidarite-et-renouvellement-urbains";3;1;4
"trimestres";4;0;4
"jardins-publics";4;0;4
"radiomobile";4;0;4
"mhz";4;0;4
"gestionnaire";4;0;4
"largeur";3;1;4
"politique-energetique";4;0;4
"haut-niveau";4;0;4
"cper";3;1;4
"saint-brieuc";3;1;4
"service-public-de-la-donnee";3;1;4
"station-vtt";4;0;4
"registre-etat-civil";4;0;4
"baignades";4;0;4
"delais-de-paiement";3;1;4
"pictogramme";4;0;4
"point-de-vente";4;0;4
"guyane-habitat-politique-de-la-ville-construction-autorisation-d-urbanisme-permis-de-construire";4;0;4
"emploi-type";4;0;4
"accessibilite-pmr";3;1;4
"dinsic";3;1;4
"timeline";0;4;4
"chatbot";1;3;4
"ogp";3;1;4
"donneesouvertes";4;0;4
"ft-ir";4;0;4
"tmjm";4;0;4
"ultraviolet-spectroscopy";4;0;4
"antimicrobial-susceptibility";4;0;4
"lp";3;1;4
"contraintes";4;0;4
"ouvrages-de-protection";4;0;4
"politique-du-logement";4;0;4
"logement-neuf";4;0;4
"maison-individuelle";4;0;4
"ordinaire";4;0;4
"differential-scanning-calorimetry";4;0;4
"biofield-energy-healers";4;0;4
"biofield-energy-healing-treatment";4;0;4
"programme-vacances-travail";1;3;4
"scot-schema-coherence-territoriale-amenagement-developpement-durable-padd";4;0;4
"cotisants";4;0;4
"photointerpretation";4;0;4
"commerce-de-detail";3;1;4
"dgrh";4;0;4
"ecole-doctorale";4;0;4
"pbo";4;0;4
"pcri";4;0;4
"referens";4;0;4
"region-2016";4;0;4
"ssm";4;0;4
"prefecture-de-police";4;0;4
"reglementation-sanitaire";4;0;4
"lbc-bayonne";4;0;4
"tigf";4;0;4
"labrihe";4;0;4
"lalanne-arque";4;0;4
"lartigue";4;0;4
"lias";4;0;4
"lourties-monbrun";4;0;4
"manent-montane";4;0;4
"marestaing";4;0;4
"masseube";4;0;4
"meilhan";4;0;4
"monbrun";4;0;4
"monferran-plaves";4;0;4
"monfort";4;0;4
"montadet";4;0;4
"montaut-les-creneaux";4;0;4
"montegut-saves";4;0;4
"monties";4;0;4
"noilhan";4;0;4
"nougaroulet";4;0;4
"pebees";4;0;4
"pellefigue";4;0;4
"peyrusse-massas";4;0;4
"polastron";4;0;4
"ponsan-soubiran";4;0;4
"pouy-loubrin";4;0;4
"preneron";4;0;4
"projet-de-territoire";4;0;4
"puycasquier";4;0;4
"puylausic";4;0;4
"puysegur";4;0;4
"razengues";4;0;4
"riguepeu";4;0;4
"roquebrune";4;0;4
"roquelaure-saint-aubin";4;0;4
"sabaillan";4;0;4
"saint-antonin";4;0;4
"saint-arailles";4;0;4
"saint-arroman";4;0;4
"saint-blancard";4;0;4
"activites-peri-educatives";3;1;4
"dnb";4;0;4
"post-bac";2;2;4
"adlp";4;0;4
"catalogues";4;0;4
"domaines-emergents";4;0;4
"n-topographie";4;0;4
"tepos";4;0;4
"meuse";3;1;4
"vol";3;1;4
"leader";4;0;4
"nra";4;0;4
"ichn";4;0;4
"branchement";4;0;4
"plantation-darbres";4;0;4
"mises-en-service";4;0;4
"activite-economique-entreprises-";4;0;4
"allocation-personnalisee-autonom";4;0;4
"amenagement-numerique-des-territ";4;0;4
"couverture-en-grille-altimetriqu";4;0;4
"dotation-globale-de-fonctionneme";3;1;4
"education-artistique-et-culturel";3;1;4
"elections-legislatives-assemblee";3;1;4
"impot-de-solidarite-sur-la-fortu";1;3;4
"infrastructure-de-donnees-geogra";4;0;4
"legislation-en-matiere-d-environ";4;0;4
"operations-programmees-d-amelior";4;0;4
"orthophotographie-ortho-image-ph";4;0;4
"patrimoine-naturel-habitats-et-b";4;0;4
"plan-local-d-urbanisme-intercomm";4;0;4
"protection-de-la-faune-et-de-la-";4;0;4
"saint-quentin-la-motte-croix-au-";4;0;4
"servitudes-d-utilite-publique-et";4;0;4
"transports-infrastructure-circul";4;0;4
"urbanisme-et-foncier-foncier-et-";4;0;4
"urbanisme-et-foncier-planificati";4;0;4
"canche";4;0;4
"catenoy";4;0;4
"cotes-a-falaises";4;0;4
"croda";4;0;4
"emissaire";4;0;4
"hem";4;0;4
"interor-synthexim";4;0;4
"lawe";4;0;4
"libercourt";4;0;4
"sav-grande-paroisse";4;0;4
"therain";4;0;4
"usine-de-sangosse";4;0;4
"termites";4;0;4
"tuiles";2;2;4
"hors-inspire";4;0;4
"ileo";4;0;4
"mel";3;1;4
"parrainages";1;3;4
"virtuelle";4;0;4
"demande-de-raccordement";4;0;4
"alim-confiance";1;3;4
"presidentielle2017";3;1;4
"monreseaumobile-fr";1;3;4
"loir-et-cher";3;1;4
"presidentielle-2017";1;3;4
"chambery";3;1;4
"rome";2;2;4
"pret-a-taux-zero";2;2;4
"sgfgas";4;0;4
"renovation-energetique";4;0;4
"d3js";0;4;4
"cliniques";4;0;4
"cartographie-thematique";0;4;4
"transfert-de-competences";4;0;4
"nutri-score";0;4;4
"francais-de-letranger";3;1;4
"perimetres-administratifs";4;0;4
"d-1-biodiversite";4;0;4
"d-6-integrite-des-fonds-marins";4;0;4
"";4;0;4
"promotion";3;1;4
"stationnement-payant";4;0;4
"parentalite";4;0;4
"autres-charges-externes";4;0;4
"bareme-tarif-national";4;0;4
"capitaux-propres";4;0;4
"disponibilites";4;0;4
"efn";4;0;4
"immobilisations-corporelles";4;0;4
"immobilisations-incorporelles";4;0;4
"opendatasynth";4;0;4
"ordure";4;0;4
"passif";4;0;4
"provisions";4;0;4
"recupverre";4;0;4
"sro";4;0;4
"tarif-voyageurs";4;0;4
"ventilation-chiffre-daffaires";4;0;4
"ville-de-toulouse";4;0;4
"taxe-fonciere";4;0;4
"dab";4;0;4
"emprise-041";4;0;4
"pollution-des-cours-d-eau";4;0;4
"pollution-par-l-agriculture";4;0;4
"hydrocarbures-non-methaniques";4;0;4
"atelier-de-da-c-coupe";4;0;4
"etablissements-agra-c-a-c-s";4;0;4
"ail";4;0;4
"animanice";4;0;4
"beaux-arts";4;0;4
"cyber";4;0;4
"fiche";2;2;4
"formalite";4;0;4
"gilette";4;0;4
"top-10";3;1;4
"syndicat-denergie";4;0;4
"vehicules-electrique";3;1;4
"gab";4;0;4
"natura";4;0;4
"rest";2;2;4
"chute-de-blocs";4;0;4
"chute-de-pierres";4;0;4
"contrat-d-agriculture-durable";4;0;4
"dadou";4;0;4
"equipements-touristiques";4;0;4
"vere";4;0;4
"bd-adresse";4;0;4
"bourg";4;0;4
"ecologie-littoral";3;1;4
"n-ouvrage";4;0;4
"polution";4;0;4
"administrative-units";4;0;4
"classification-des-dechets";4;0;4
"collecte-des-dechets-a-la-source";4;0;4
"informatif";4;0;4
"mine";4;0;4
"n-inondation";4;0;4
"atmospherique";4;0;4
"decheteries";4;0;4
"violences-sexuelles";4;0;4
"redevabilite";4;0;4
"grands-itineraires";4;0;4
"nature-paysage-biodiversite-inventaire-nature-bi";4;0;4
"penne-dagenais";4;0;4
"plan-local-de-randonnee";4;0;4
"plr";4;0;4
"point-de-charge";4;0;4
"profils-de-plage";4;0;4
"revitalisations";4;0;4
"transects";4;0;4
"tres-haute-tension";4;0;4
"mort";3;1;4
"apaisee";4;0;4
"patrimoines";4;0;4
"mgp";4;0;4
"copieur";4;0;4
"parc-installe";4;0;4
"bassin-dorage";4;0;4
"appels-doffre";3;1;4
"secteurs-dactivite";4;0;4
"type-de-menage";4;0;4
"hautes-alpes";3;1;4
"encombrant";4;0;4
"filiere-de-production";4;0;4
"point-de-soutirage";4;0;4
"puissance-dinjection";4;0;4
"yelo";4;0;4
"sang";3;1;4
"permis-de-demolir";4;0;4
"wiiiz";3;1;4
"astrophysique";4;0;4
"distribuee";4;0;4
"e-infrastructure";4;0;4
"e-infrastructures";4;0;4
"feuille-de-route";4;0;4
"information-scientifique-et-technique";4;0;4
"instrument-de-leso";4;0;4
"ist";4;0;4
"monosite";4;0;4
"organisations-internationales";4;0;4
"physique-nucleaire-et-des-hautes-energies";4;0;4
"recherche-en-sciences-du-numerique-et-mathematiques";4;0;4
"sciences-de-la-matiere-et-ingenierie";4;0;4
"sciences-du-systeme-terre-et-de-lenvironnement";4;0;4
"tres-grande-infrastructure-de-recherche";4;0;4
"tres-grandes-infrastructures-de-recherche";4;0;4
"reseau-cartographique";4;0;4
"annuaire-des-bibliotheques-de-lenseignement-superieur";4;0;4
"esgbu";4;0;4
"cross";3;1;4
"laval-53130";4;0;4
"grand-site";4;0;4
"dom";4;0;4
"alpha";4;0;4
"beta";4;0;4
"basket";4;0;4
"comportement-social";4;0;4
"deplacements-doux";4;0;4
"etablissement-daccueil";4;0;4
"impulsyon";4;0;4
"traitement-de-leau";4;0;4
"seiche";4;0;4
"communate";4;0;4
"doux";4;0;4
"jardiner";4;0;4
"trekking";4;0;4
"mobilite-internationale";1;3;4
"mecenat-de-solidarite";4;0;4
"zones-apaisees";4;0;4
"zones-pietonnes";4;0;4
"aerosols-atmospheriques";4;0;4
"montfort-communaute";4;0;4
"nids";4;0;4
"batiments-communaux";4;0;4
"agde";4;0;4
"rochefort";4;0;4
"rack";4;0;4
"comptabilisation";4;0;4
"dict";4;0;4
"delta";4;0;4
"deltaplane";4;0;4
"amiante";4;0;4
"alec";4;0;4
"odds";4;0;4
"soins-medicaux";4;0;4
"prime-a-linvestissement";3;1;4
"tarifs-dachat";4;0;4
"mairie-de-quartiers";4;0;4
"zero-dechet";3;1;4
"ressource-agricole";4;0;4
"pes-marche";4;0;4
"95210";4;0;4
"95426";4;0;4
"attainville";4;0;4
"domont";4;0;4
"enghienlesbains";4;0;4
"moisselles";4;0;4
"montmagny";4;0;4
"multimodal";2;2;4
"prae";4;0;4
"protege";4;0;4
"zir";4;0;4
"pass-pass";4;0;4
"memoires-des-hommes";4;0;4
"argentre-du-plessis";1;3;4
"bourgbarre";1;3;4
"saint-renan";1;3;4
"carpentras";4;0;4
"citiz";4;0;4
"parole";4;0;4
"arret-de-bus-intra-urbain";4;0;4
"points-de-livraison";4;0;4
"taux-doccupation";3;1;4
"biologie-medicale";3;1;4
"distributeurs-denergie";2;2;4
"co-construction";4;0;4
"parc-national-des-ecrins";4;0;4
"aspremont";4;0;4
"aire-dalimentation-de-captage";4;0;4
"captage-deau";4;0;4
"gestion-de-cours-deau";4;0;4
"gonflement-dargile";4;0;4
"perimetre-dexposition";4;0;4
"permis-damenager-lotissements";4;0;4
"programme-dinteret-general";4;0;4
"retrait-dargile";4;0;4
"zone-dactivite";4;0;4
"clusters";4;0;4
"bresle";4;0;4
"mesure-agro-environnementale";4;0;4
"directrive-2002-49-ce";4;0;4
"perpignan";2;2;4
"r-111-3";4;0;4
"bierne-les-villages";4;0;4
"conseillers-financiers";4;0;4
"ete";3;1;4
"meteo-france";4;0;4
"aude";3;1;4
"open-agenda";3;1;4
"centralite";4;0;4
"nro";3;1;4
"satisfaction";4;0;4
"graphe";3;1;4
"crdoa";4;0;4
"oeuvres-dart";4;0;4
"route500";3;1;4
"recherche-scientifique";4;0;4
"bouffemont";4;0;4
"bainville-aux-miroirs";4;0;4
"ecluses";4;0;4
"zone-verte";4;0;4
"gondreville";4;0;4
"bouxieres-aux-dames";4;0;4
"arnaville";4;0;4
"bertrichamps";4;0;4
"chenevieres";4;0;4
"crevechamps";4;0;4
"fraimbois";4;0;4
"gelacourt";4;0;4
"glonville";4;0;4
"herimenil";4;0;4
"loisy";4;0;4
"lorey";4;0;4
"mangonville";4;0;4
"mont-sur-meurthe";4;0;4
"neuviller-sur-moselle";4;0;4
"pagny-sur-moselle";4;0;4
"rehainviller";4;0;4
"saint-remimont";4;0;4
"tonnoy";4;0;4
"parcs-dactivites";4;0;4
"lycee-professionnel";3;1;4
"assemblee-deliberante";4;0;4
"comite-syndical";3;1;4
"consommer-mieux-jeter-moins";4;0;4
"banque-hydro";4;0;4
"brenntag";4;0;4
"ludres";4;0;4
"seveal";4;0;4
"assistants";3;1;4
"mam";4;0;4
"fichiers-fonciers";4;0;4
"boite";4;0;4
"velov";4;0;4
"voies-cyclables";4;0;4
"attestations";1;3;4
"competence-transports";4;0;4
"lyceens";3;1;4
"mapillary";4;0;4
"photographie-360";4;0;4
"eig";2;2;4
"sws";4;0;4
"evolution-des-prix";0;4;4
"compte-de-gestion";4;0;4
"sorgho";4;0;4
"meunerie";4;0;4
"oleo-proteagineux";4;0;4
"chapelle";4;0;4
"marches-en-vifs";4;0;4
"brebis";4;0;4
"emission-de-gaz-a-effet-de-serre";4;0;4
"cessions";2;2;4
"demographie-des-effectifs";4;0;4
"frequentations";4;0;4
"reclamations";4;0;4
"sarrians";4;0;4
"transport-a-la-demande";4;0;4
"documentaire";4;0;4
"parcellaire-cadastral";4;0;4
"autostop";4;0;4
"pyrenees";4;0;4
"120-ug-m3-sur-8-heures";4;0;4
"map-series";4;0;4
"loger";2;2;4
"dlh";4;0;4
"transports-en-commun-haute-garonne";4;0;4
"consommation-espace";4;0;4
"alpi-datagouv";4;0;4
"nom-de-voie";4;0;4
"cinor";4;0;4
"transaction";3;1;4
"citalis";4;0;4
"rers";4;0;4
"mobilites-douces";4;0;4
"richarmenil";4;0;4
"chemins-inscrits";4;0;4
"tmm";4;0;4
"saintdenis";4;0;4
"visas";4;0;4
"borne-fontaine";4;0;4
"ocs-2-d";4;0;4
"lombricomposteur";4;0;4
"ap";4;0;4
"blablabus";1;3;4
"cirad";4;0;4
"fichier-irve-des-bornes-de-recharge";0;4;4
"schema-regional-de-coherence-ecologique-trame-verte-et-bleue";4;0;4
"srce-tvb";4;0;4
"pdesi";4;0;4
"plans-de-lignes";4;0;4
"referenciels-geographiques";4;0;4
"tmvl";4;0;4
"syndicat-mixte";4;0;4
"maps";3;1;4
"service-du-departement";4;0;4
"scdl-marches";4;0;4
"scdl-prenoms";4;0;4
"pierreville";4;0;4
"developpement-numerique";4;0;4
"maximum";4;0;4
"sise";4;0;4
"gnl";4;0;4
"couverture-5g";0;4;4
"statistics";1;3;4
"bio-dechets";4;0;4
"agricultures-urbaines";2;2;4
"maker";2;2;4
"collecte-enterree";4;0;4
"consommation-gaz";1;3;4
"covd-19";1;3;4
"dpae";4;0;4
"embauches";4;0;4
"observatoire-eco-embauches";4;0;4
"carte-deconfinement";0;4;4
"carte-deconfinement-departement";0;4;4
"autour-de-moi";0;4;4
"test-depistage";0;4;4
"zone-de-restructuration-de-la-defense";4;0;4
"ilots-de-fraicheur";4;0;4
"dt";4;0;4
"commune-donnee";4;0;4
"aoc-aop";4;0;4
"exoneration";4;0;4
"pole-d-equilibre-territorial-et-rural";4;0;4
"rev3";4;0;4
"revolution-industrielle";4;0;4
"reseau-cyclable";4;0;4
"amelioration-des-logements";4;0;4
"vias";4;0;4
"ep";4;0;4
"un";4;0;4
"sectorisation-college";4;0;4
"statistique-covid19";0;4;4
"chenal";4;0;4
"monofaisceaux";4;0;4
"admin-express-ade";4;0;4
"mairie-de-saint-denis";4;0;4
"adophe";4;0;4
"educative";4;0;4
"pfu";4;0;4
"saa";4;0;4
"sauo";4;0;4
"decouvrir-issy";4;0;4
"equipements-et-services";4;0;4
"parc-logement";4;0;4
"rehabilitation-logements-sociaux";4;0;4
"territoires-dindustrie";2;2;4
"argenteuil";4;0;4
"autres-mobilites";4;0;4
"nezel";4;0;4
"courbevoie";4;0;4
"embouchure";4;0;4
"equipement-de-proximite";4;0;4
"chelles";4;0;4
"centre-vaccination";0;4;4
"vac-si";3;1;4
"mobilite-et-transports";4;0;4
"carrieres-ss-poissy";4;0;4
"armentieres";4;0;4
"pln";4;0;4
"dossier-de-location";2;2;4
"dossierfacile";2;2;4
"10km";0;4;4
"rayon-10-km";0;4;4
"confinement-10-km";0;4;4
"200010049";4;0;4
"syndicat-mixte-gironde-numerique";4;0;4
"personnes-morales";1;3;4
"mensuel-de-lelectricite";4;0;4
"statistiques-et-regulation-des-informations-economiques";4;0;4
"abs";4;0;4
"1680";3;0;3
"1830";3;0;3
"64-432-cee";3;0;3
"a9";3;0;3
"abords";2;1;3
"absentes";3;0;3
"absolu";3;0;3
"acceder";3;0;3
"acces-aux-origines";3;0;3
"acces-soin";1;2;3
"accompagnateur";2;1;3
"accord de gestion concertée";3;0;3
"accord-collectif";1;2;3
"accueil-du-public";2;1;3
"action-en-justice";3;0;3
"action-internationale";3;0;3
"activite-liberale";1;2;3
"activite-mixte";1;2;3
"activite-salariee";1;2;3
"actualite-de-la-vie-publique";1;2;3
"adresse-cinema";1;2;3
"aeriennes";3;0;3
"aeronef";2;1;3
"aeronefs";2;1;3
"afpa";2;1;3
"agenda 21";3;0;3
"agent";2;1;3
"agglomérations";3;0;3
"agirc-arrco";3;0;3
"agregees";3;0;3
"agricoles";1;2;3
"aide et soin a domicile";3;0;3
"aide-a-la-pierre";3;0;3
"aide-sociale-departementale";3;0;3
"aire-de-covoiturage";3;0;3
"ajustees";3;0;3
"album";3;0;3
"alimentaires";2;1;3
"allocation-pour-adultes-handicapes";3;0;3
"altimétrie";3;0;3
"am-08-06-06";3;0;3
"ambassades";2;1;3
"anciennes";3;0;3
"annes";3;0;3
"annuaire-des-structures";2;1;3
"annuite";2;1;3
"antenne sociale";3;0;3
"appliques";3;0;3
"arbres-d-alignement";3;0;3
"arch";3;0;3
"argile";3;0;3
"armes";2;1;3
"arret-d-autobus";3;0;3
"art contemporain";2;1;3
"artisans";3;0;3
"asie";2;1;3
"ass";3;0;3
"assemblee-locale";3;0;3
"assistance";3;0;3
"assistant-familial";3;0;3
"assurance maladie";3;0;3
"assurance-vie";3;0;3
"assurance-vieillesse";2;1;3
"atmospheriques";3;0;3
"attributaire";2;1;3
"audiovisuel-public";3;0;3
"auteur";3;0;3
"automobiles";2;1;3
"autonomes";3;0;3
"autotrement";2;1;3
"autres-biens-medicaux";3;0;3
"avantages";3;0;3
"aveugle";2;1;3
"bande";3;0;3
"bassin-hydrographique";3;0;3
"batis";3;0;3
"beneficiaire";3;0;3
"bibliothèque nationale";3;0;3
"bicloo";3;0;3
"bien-être";3;0;3
"biens culturels";3;0;3
"boule";3;0;3
"bourses";3;0;3
"bovin";3;0;3
"brevet-depose";3;0;3
"brevet-en-vigueur";2;1;3
"brut";2;1;3
"brute";1;2;3
"brutes";3;0;3
"budget-supplementaire";3;0;3
"camera";2;1;3
"cameras";2;1;3
"canin";3;0;3
"cantonale";1;2;3
"capital-risque";3;0;3
"caprins";3;0;3
"caractere";3;0;3
"cas";2;1;3
"catégorie socioprofessionnelle";2;1;3
"ccit";1;2;3
"centrales";3;0;3
"centre-de-vaccinations";2;1;3
"centre-medico-social";3;0;3
"changement";3;0;3
"charbon";2;1;3
"chateaux";3;0;3
"chiffres";3;0;3
"chronologie";1;2;3
"chypre";3;0;3
"cigarette-electronique";2;1;3
"circuits";3;0;3
"cityssimo";2;1;3
"civils";3;0;3
"classe-particuliere";3;0;3
"classiques";3;0;3
"cnccfp";2;1;3
"cnop";2;1;3
"codéveloppement";3;0;3
"coefficients";2;1;3
"colis";3;0;3
"commande";3;0;3
"commande publique";2;1;3
"commercial";2;1;3
"commission-permanente";3;0;3
"communaux";2;1;3
"comparer";1;2;3
"complement";3;0;3
"composants";3;0;3
"composes";3;0;3
"composition";2;1;3
"composition-des-aliments";1;2;3
"comptes de campagne";2;1;3
"comptes-de-la-protection-sociale";3;0;3
"conditionnement";2;1;3
"conditions-de-travail";3;0;3
"confere";3;0;3
"configuration";3;0;3
"conférence";2;1;3
"connues";3;0;3
"conseil-constitutionnel";2;1;3
"constitutionnel";3;0;3
"consulats";3;0;3
"contribution";2;1;3
"coopération bilatérale";3;0;3
"coopération internationale";3;0;3
"coques";3;0;3
"corps";3;0;3
"cotefe";2;1;3
"cotisations";3;0;3
"cotisations-sociales";3;0;3
"courants";2;1;3
"court-metrage";3;0;3
"couts";3;0;3
"crise-economique";3;0;3
"croise";3;0;3
"crédit";3;0;3
"cvae";3;0;3
"cvt";3;0;3
"cycliste";3;0;3
"d-activite";3;0;3
"d-exclusion";3;0;3
"dangereux";2;1;3
"debarques";3;0;3
"dechargees";3;0;3
"dechets-collecte-traitement-et-elimination";1;2;3
"decile";1;2;3
"decoupageelectoral";3;0;3
"decrets";2;1;3
"deficit";2;1;3
"deflate";3;0;3
"delai";3;0;3
"delit";1;2;3
"delivres";3;0;3
"demarche-participative";3;0;3
"denivele";3;0;3
"densite-medicale";2;1;3
"depense-de-fonctionnement";3;0;3
"depense-de-sante";1;2;3
"depositaires";3;0;3
"depot-bancaire";3;0;3
"derniere";2;1;3
"detail";3;0;3
"developper";3;0;3
"deversoir";3;0;3
"differentes";3;0;3
"difficultes";3;0;3
"dioxyde-d-azote";3;0;3
"directrices";3;0;3
"dirigeants";2;1;3
"disparites";2;1;3
"disque";3;0;3
"distance";1;2;3
"distinctifs";3;0;3
"distribution-gaz";1;2;3
"diversite";1;2;3
"divortialite";3;0;3
"donnees-juridiques";1;2;3
"donneesociodemographique";1;2;3
"dossiers";3;0;3
"douche";3;0;3
"droits";2;1;3
"droits-fondamentaux";1;2;3
"dup";3;0;3
"duquel";3;0;3
"développement";3;0;3
"développement local";3;0;3
"développement solidaire";3;0;3
"e-learning";2;1;3
"e-sante";1;2;3
"echeance";3;0;3
"ecloseries";3;0;3
"economie-solidaire";3;0;3
"ecopoint";3;0;3
"ecrans";1;2;3
"educatif";2;1;3
"efficacite";2;1;3
"effluents";3;0;3
"election-nationale";3;0;3
"electriques";3;0;3
"embarques";3;0;3
"emploi-population";3;0;3
"emprise-au-sol";3;0;3
"engagement";2;1;3
"enquete-menages-deplacements";3;0;3
"enregistrees";3;0;3
"enseignant";3;0;3
"enseignante";3;0;3
"enumerees";3;0;3
"environnementales";3;0;3
"envois";2;1;3
"equipementsportif";3;0;3
"equivalent";3;0;3
"ermd";3;0;3
"espaces naturels";3;0;3
"espaces-et-territoires";3;0;3
"espacevert";3;0;3
"espagne";3;0;3
"estimations-localisees-de-population";1;2;3
"etablissement-public";3;0;3
"etablissement-sante";1;2;3
"etalage";3;0;3
"etant";3;0;3
"etaq";2;1;3
"etat-de-sante";3;0;3
"etudiante";3;0;3
"europeenes";2;1;3
"europeenne-regionale";1;2;3
"eurozone";3;0;3
"evreux";1;2;3
"excel";1;2;3
"exception";3;0;3
"exercice-liberal";2;1;3
"exhaustivite";3;0;3
"experience";3;0;3
"exploitations";1;2;3
"exports";1;2;3
"expression";3;0;3
"exprimees";3;0;3
"externe";3;0;3
"fabrication";2;1;3
"facteur";3;0;3
"facturation";3;0;3
"faits constatés";1;2;3
"faj";3;0;3
"fauteuils";2;1;3
"fecondite";3;0;3
"federations-sportives";2;1;3
"ferroviaires";3;0;3
"filiere-medico-sociale";3;0;3
"filles";1;2;3
"fins";3;0;3
"fixes";3;0;3
"flux migratoire";3;0;3
"fonciere";3;0;3
"fonctions";3;0;3
"formel";3;0;3
"forte";3;0;3
"fournissent";3;0;3
"fsl";3;0;3
"futur";2;1;3
"garcons";1;2;3
"gare-ferroviere";2;1;3
"gas";3;0;3
"gazes";3;0;3
"gazole";1;2;3
"gelatine";3;0;3
"generaliste";3;0;3
"generiques";3;0;3
"gibiers-sauvage";3;0;3
"glace";3;0;3
"globalisation";1;2;3
"gn";2;1;3
"grandeur";2;1;3
"grossesse";1;2;3
"groupe-politique";3;0;3
"groupes";3;0;3
"guerre 14-18";2;1;3
"guide-d-information";2;1;3
"guide-touristique";2;1;3
"gynecologue";2;1;3
"habitat-prive";3;0;3
"habitudes";2;1;3
"harmonisees";3;0;3
"hebergement-temporaire";3;0;3
"historiques";2;1;3
"hommes-femmes";2;1;3
"horticulture";3;0;3
"hospitalisation-partielle";3;0;3
"hospitalise";1;2;3
"huit";3;0;3
"humides";3;0;3
"humidité";3;0;3
"hôpitaux";1;2;3
"imc";1;2;3
"immigrés";1;2;3
"import";2;1;3
"importantes";3;0;3
"imposition";1;2;3
"incendies";3;0;3
"incineration";3;0;3
"incitations";3;0;3
"independant";3;0;3
"indicateur de";1;2;3
"indicateur de valeur ajouté";1;2;3
"individuelles";2;1;3
"inegalite";3;0;3
"infections";1;2;3
"influencant";3;0;3
"initiative-locale";2;1;3
"input";3;0;3
"instance";3;0;3
"instrument-de-musique";3;0;3
"intensite-technologique";3;0;3
"inter-entreprises";3;0;3
"inter_region_de_recherche_clinique";3;0;3
"interet";3;0;3
"interet-de-l-enfant";3;0;3
"interets";3;0;3
"investissement-regional";2;1;3
"invoquees";3;0;3
"isolation";2;1;3
"issy-les-moulienaux";1;2;3
"jauge";3;0;3
"jours";3;0;3
"jugement";3;0;3
"justice-de-proximite";1;2;3
"kml";3;0;3
"lfs";3;0;3
"libellees";3;0;3
"liberte";3;0;3
"ligneux";3;0;3
"lisier";3;0;3
"liste-cinema";1;2;3
"livre-ancien";3;0;3
"logement-foyer";3;0;3
"longitude";3;0;3
"longtemps";3;0;3
"lors";3;0;3
"luminaire";3;0;3
"macon";2;1;3
"maintien-a-domicile";3;0;3
"maison-de-quartier";3;0;3
"maison-de-retraite";3;0;3
"maison-retraite";3;0;3
"marketing";1;2;3
"marques";3;0;3
"masse salariale";2;1;3
"materiel-roulant";3;0;3
"menacee";3;0;3
"menacees";3;0;3
"metal";1;2;3
"micro-creche";3;0;3
"miel";2;1;3
"migration";3;0;3
"million";3;0;3
"minima";3;0;3
"ministerielle";1;2;3
"minute";2;1;3
"mise";3;0;3
"mod mécanique";3;0;3
"module";3;0;3
"modélisation numérique";3;0;3
"ménage";3;0;3
"nabs";3;0;3
"naturelle";2;1;3
"neet";3;0;3
"nominal";3;0;3
"nominale";3;0;3
"non-consolide";3;0;3
"non-dangereux";2;1;3
"non-participation";3;0;3
"nouveaux-nes";3;0;3
"nuitee";3;0;3
"nuptialite";3;0;3
"nurseries";3;0;3
"objectifs";3;0;3
"objet";2;1;3
"objets";2;1;3
"occitan";3;0;3
"oiseaux";3;0;3
"oma";1;2;3
"open";3;0;3
"opendata71";1;2;3
"ordinateurs";3;0;3
"organigramme";3;0;3
"organisation-familiale";3;0;3
"organisationnelle";3;0;3
"otan";1;2;3
"ouvrage-hydraulique";3;0;3
"ovin";3;0;3
"pacifique";3;0;3
"parc automobile";3;0;3
"parites";3;0;3
"parlement-europeen";3;0;3
"partages";3;0;3
"partenaire";3;0;3
"partenaires";3;0;3
"particules-fines";3;0;3
"partie-poitique";2;1;3
"passe";3;0;3
"payer";3;0;3
"pays tiers";3;0;3
"pc";3;0;3
"pediatre";1;2;3
"percu";3;0;3
"percue";3;0;3
"pere";3;0;3
"periodiques";3;0;3
"permanence";3;0;3
"persistant";3;0;3
"personne";3;0;3
"personnel-administratif";1;2;3
"personnelle";3;0;3
"personnes-agees-dependantes";3;0;3
"pertes";3;0;3
"perturbation";3;0;3
"pharmacie-officine";2;1;3
"pistes cyclables";3;0;3
"plan-d-eau";3;0;3
"plan-de-formation";3;0;3
"planification-des-transports";3;0;3
"plantes-ligneuses";3;0;3
"plde";3;0;3
"pmsi";3;0;3
"pn";3;0;3
"pole emploi";2;1;3
"poles";2;1;3
"politique publique";3;0;3
"politique-de-defense";1;2;3
"politique-de-l-eau";1;2;3
"ponderation";3;0;3
"ponderee";3;0;3
"porcin";3;0;3
"porte-parole";3;0;3
"portee";3;0;3
"portefeuille";3;0;3
"positions";3;0;3
"possedant";3;0;3
"possibilites";3;0;3
"possibles";3;0;3
"poulets";3;0;3
"pouvoir";1;2;3
"ppm";3;0;3
"pra";3;0;3
"praticien-hospitalier";1;2;3
"pre-elementaire";3;0;3
"precedent";3;0;3
"prelevement-d-eau";3;0;3
"prematurement";3;0;3
"prescolaire";3;0;3
"pressions";2;1;3
"prestation sociale";3;0;3
"prets-emprunts";3;0;3
"prevalences";3;0;3
"prevention-specialisee";3;0;3
"primaires";3;0;3
"prise";3;0;3
"privee";3;0;3
"produits-culturels";3;0;3
"professeurs";3;0;3
"professionnelle";3;0;3
"professionnelles";3;0;3
"professionnels de santé";3;0;3
"projet de développement";3;0;3
"propositions politiques";1;2;3
"propriete";3;0;3
"protection-des-sites";2;1;3
"protection-du-patrimoine";2;1;3
"protection-judiciaire-de-la-jeunesse";3;0;3
"précarité";3;0;3
"présidentielles";3;0;3
"prévention";3;0;3
"prévisions météo";3;0;3
"qualite-de-l-eau";2;1;3
"quantile";3;0;3
"quantites";3;0;3
"quartier-decoupage";3;0;3
"quasi-monnaie";3;0;3
"quotidiens";3;0;3
"ra";3;0;3
"radon";3;0;3
"randonnées";3;0;3
"rapide";3;0;3
"realisant";3;0;3
"recent";3;0;3
"recours-aux-soins";3;0;3
"recu";3;0;3
"regard";3;0;3
"regime";2;1;3
"regulation";1;2;3
"regulierement";3;0;3
"reliee";3;0;3
"remboursement";1;2;3
"remplacement";3;0;3
"renouvellement";3;0;3
"repartition-par-sexe";2;1;3
"requalification";3;0;3
"reseau-hydrographique";3;0;3
"residentiels";3;0;3
"ressortissants";3;0;3
"ressource-energetique";3;0;3
"rester";3;0;3
"retard";3;0;3
"retire";3;0;3
"retour";3;0;3
"revenu disponible brut";1;2;3
"revenu national";1;2;3
"rgl";2;1;3
"risque-sanitaire";1;2;3
"rvolues";3;0;3
"salles cinéma";3;0;3
"sante-autonomie";3;0;3
"savoir";3;0;3
"saône-et-loire";1;2;3
"scrapping";3;0;3
"secondaire";3;0;3
"secourisme";3;0;3
"secteur-primaire";3;0;3
"sections";3;0;3
"semestriels";3;0;3
"serieux";3;0;3
"service-deconcentre";3;0;3
"sessad";3;0;3
"signes";3;0;3
"site internet";2;1;3
"slovenie";3;0;3
"soins-de-suite";3;0;3
"soiree";2;1;3
"solides";3;0;3
"sombre";3;0;3
"source-d-energie-renouvelable";2;1;3
"sous-sections";3;0;3
"soutien";3;0;3
"specialiste";3;0;3
"ssr";3;0;3
"stationnement-places";1;2;3
"statuts";3;0;3
"substances";2;1;3
"subvention municipale";3;0;3
"sud-ouest";3;0;3
"suisse";2;1;3
"superficie-agricole-utilisee";3;0;3
"superieure";3;0;3
"support";3;0;3
"surface-en-herbe";3;0;3
"surveillance-epidemiologique";3;0;3
"suvention";3;0;3
"sylviculture";3;0;3
"systeme-economique";3;0;3
"tabagisme";2;1;3
"taxation";1;2;3
"temps-de-travail";2;1;3
"tetes";3;0;3
"théâtres";1;2;3
"tires";3;0;3
"toiture";3;0;3
"toucher";3;0;3
"tourisme-rural";3;0;3
"touristiques";3;0;3
"trait de cote";1;2;3
"traitees";3;0;3
"trans";2;1;3
"transit";2;1;3
"transport-malade";3;0;3
"troisieme";3;0;3
"trolley";3;0;3
"trop";3;0;3
"trouvant";3;0;3
"truies";3;0;3
"unies";3;0;3
"urbaine-rurale";3;0;3
"utilisation-rationnelle-de-l-energie";2;1;3
"utilité publique";2;1;3
"valeur";2;1;3
"valeur-ajoutee";3;0;3
"vergers";3;0;3
"viabilite";3;0;3
"victime";2;1;3
"videoprotectioncamerasprotection-des-citoyensprotection-des-bienssecuriteprefecture-de-police";1;2;3
"vih";2;1;3
"villages-de-france";1;2;3
"vins";2;1;3
"vkm";3;0;3
"voierie-departementale";3;0;3
"voix";3;0;3
"volumes";3;0;3
"véhicules";1;2;3
"wallis-et-futuna";3;0;3
"zone-agricole";3;0;3
"écart de salaire";1;2;3
"économie sociale et solidaire";1;2;3
"élu";3;0;3
"élues";1;2;3
"élus municipaux";1;2;3
"éléctions";3;0;3
"équipement-sportif";1;2;3
"plaque adresse";0;3;3
"transition énergétique";1;2;3
"umap";0;3;3
"64-432-CEE";3;0;3
"88-407-CEE";3;0;3
"Abattoirs";3;0;3
"Animaux-domestiques";3;0;3
"Boucherie";3;0;3
"Centre-de-collecte";3;0;3
"Oeufs";3;0;3
"Restauration-collective";3;0;3
"sxcuritx-sanitaire";3;0;3
"vercors";3;0;3
"vidéoprotection";1;2;3
"accès";3;0;3
"cnsa";3;0;3
"biere";2;1;3
"credit auto";2;1;3
"pret auto";2;1;3
"simulation credit auto";2;1;3
"adp";2;1;3
"competence-territoriale";3;0;3
"mydataball";2;1;3
"statut-juridique";3;0;3
"hadoop";0;3;3
"activités";2;1;3
"accreditation";3;0;3
"enseignement supérieur recherche";2;1;3
"opendatasoft";0;3;3
"jeux vidéo";3;0;3
"histogramme";1;2;3
"apis";0;3;3
"antennes relais";0;3;3
"hôpital";2;1;3
"télétransmis";3;0;3
"électronique";3;0;3
"hers";3;0;3
"b2b";0;3;3
"arboriculture";3;0;3
"ald";2;1;3
"cultes";3;0;3
"ciqual";0;3;3
"pin";2;1;3
"gpe";3;0;3
"equipements-administratifs";3;0;3
"comue";3;0;3
"homme-femme";1;2;3
"rémunération";2;1;3
"collèges";2;1;3
"issytv";2;1;3
"aide ménagère";3;0;3
"borne-a-verre";3;0;3
"dejections-canines";3;0;3
"donnee-environnementale";3;0;3
"fournisseur-de-services-internet";3;0;3
"salubrite";3;0;3
"secteur-sauvegarde";3;0;3
"fonds solidarité énergie";3;0;3
"balisette";3;0;3
"ventouse";3;0;3
"accueil collectif de la petite enfance";3;0;3
"crèches départementales";3;0;3
"bénéficiaire";3;0;3
"cdt";3;0;3
"couloirs";3;0;3
"parcs départementaux";3;0;3
"incubateur";3;0;3
"c3";2;1;3
"service-d-incendie";3;0;3
"sacem";2;1;3
"d-9-questions-sanitaires";3;0;3
"surveillance-sanitaire";3;0;3
"cartographie-d-habitats";3;0;3
"eunis";3;0;3
"habitats-physiques";3;0;3
"milieu-physique-habitats-physiques";3;0;3
"activite-economique-peche";3;0;3
"élections municipales 2008";3;0;3
"edater";0;3;3
"autorites-publiques";3;0;3
"bassins";3;0;3
"lutte-contre-les-inondations";3;0;3
"organisation-territoriale";3;0;3
"paysager";3;0;3
"point-de-repere";3;0;3
"pompage";3;0;3
"reseau-energie-divers";3;0;3
"route-a-grande-circulation";3;0;3
"routes-nationales";2;1;3
"sgar";3;0;3
"sources-d-energie";3;0;3
"zone-de-chalandise";2;1;3
"cgu";3;0;3
"rcp";2;1;3
"TER";3;0;3
"Vélo";3;0;3
"cave";3;0;3
"cimetières";3;0;3
"croisement";3;0;3
"géographie";2;1;3
"moulin";3;0;3
"point adresse";3;0;3
"restitution";3;0;3
"rond-point";3;0;3
"transport en commun";3;0;3
"végétation";3;0;3
"ajaccien";3;0;3
"ajaccio";2;1;3
"correspondance";3;0;3
"schengen";3;0;3
"open-street-map";3;0;3
"paris-beer-week";3;0;3
"commerce extérieur";3;0;3
"budget-2014";3;0;3
"géocodage";0;3;3
"amenagement-numerique-du-territoire";3;0;3
"enseignement élémentaire";3;0;3
"programme enseignement";3;0;3
"école maternelle";3;0;3
"avifaune";3;0;3
"bassin-rhone-mediterranee";3;0;3
"exploitation-elevage";3;0;3
"impact-sur-l-environnement";3;0;3
"postgresql";0;3;3
"reponses";3;0;3
"transports-infrastructure-aerien";3;0;3
"champs-de-tir";3;0;3
"culture-societe-service-enseignement";3;0;3
"desserte-forestiere";3;0;3
"ac-1";3;0;3
"ac-2";3;0;3
"aerodromes";3;0;3
"bray-sur-somme";3;0;3
"el-7";3;0;3
"ppri-de-la-vallee-de-la-somme";3;0;3
"ppri-de-la-vallee-de-la-somme-et-de-ses-affluents";3;0;3
"risque-de-mouvement-de-terrain";3;0;3
"t-5";3;0;3
"predation";3;0;3
"buzet-sur-baise";3;0;3
"castelculier";3;0;3
"lauzun";3;0;3
"lavardac";3;0;3
"saint-nicolas-de-la-balerme";3;0;3
"saint-sylvestre-sur-lot";3;0;3
"saint-vite";3;0;3
"villeneuve-sur-lot";3;0;3
"mouillages";3;0;3
"regroupement-territorial-inclut-tous-groupements-communaux-et-urbains";3;0;3
"habitat-politique-de-la-ville-accession-a-la-propriete";3;0;3
"risque-avalanche";3;0;3
"wetland";3;0;3
"cabas-loumasses";3;0;3
"cadeillan";3;0;3
"catonvielle";3;0;3
"cazaux-saves";3;0;3
"cologne";3;0;3
"condom";3;0;3
"cuelas";3;0;3
"endoufielle";3;0;3
"fleurance";3;0;3
"garravet";3;0;3
"isle-arne";3;0;3
"isle-jourdain";3;0;3
"lamaguere";3;0;3
"laymont";3;0;3
"maravat";3;0;3
"marsan";3;0;3
"maurens";3;0;3
"miradoux";3;0;3
"mirepoix";3;0;3
"monblanc";3;0;3
"moncorneil-grazan";3;0;3
"monferran-saves";3;0;3
"mongausy";3;0;3
"mont-d-astarac";3;0;3
"montamat";3;0;3
"montiron";3;0;3
"nom-de-commune";3;0;3
"nom-de-la-commune";3;0;3
"zad";3;0;3
"pauvreté";2;1;3
"habitat-politique-de-la-ville-renovation";3;0;3
"riviere-saas-et-gourby";3;0;3
"zonage-a-risque-naturel";3;0;3
"amii";3;0;3
"point-d-apport-volontaire";3;0;3
"activités sportives";2;1;3
"animaux errants";3;0;3
"chats";3;0;3
"chauffage-urbain";2;1;3
"eau-pluviale";3;0;3
"randonnee-cycliste";3;0;3
"valorisation-energetique";3;0;3
"auberge de jeunesse";3;0;3
"gîte";3;0;3
"taxe de séjour";3;0;3
"chu";2;1;3
"eaux-pluviales";3;0;3
"maternité";3;0;3
"mère";3;0;3
"paternité";3;0;3
"achats publics";2;1;3
"avantages en nature";3;0;3
"ecluse";3;0;3
"mobilite-transport-deplacement-collectif";3;0;3
"mobilite-transport-organisation-et-planification";3;0;3
"plans-locaux-d-urbanisme";3;0;3
"puit";3;0;3
"randonneurs";3;0;3
"aires-urbaines";3;0;3
"legislation-en-matiere-de-ressources-en-eau";3;0;3
"projets-connus-etude-d-impact-autorite-environnementale-avis-de-l-autorite-environnementale-poitou-charentes-charente-ch";3;0;3
"qualite-de-l-air";3;0;3
"zonages-risques-technologiques";3;0;3
"zone-defense";3;0;3
"voyance gratuite amour";3;0;3
"limeil-brevannes";2;1;3
"contrainte-une-prescription-qui-se-superpose-a-une-zone-du-document-d-urbanisme-exerce-en-general-une-contrainte-supplem";3;0;3
"plan-de-deplacement-urbain";3;0;3
"aides-fiscales";3;0;3
"besoins-en-logement";3;0;3
"ecole-de-conduite";1;2;3
"enquete-publique";3;0;3
"installation-dangereuse";3;0;3
"logement-locatif";3;0;3
"mobilite-transport-transport-ferroviaire";3;0;3
"plafond-de-loyer";3;0;3
"production-d-energie";3;0;3
"production-d-energie-electrique";3;0;3
"protection-des-especes";3;0;3
"risques-et-securite-risques-sanitaires";3;0;3
"zones-de-revitalisation-rurale";3;0;3
"sie";3;0;3
"groupements";2;1;3
"adour";3;0;3
"anguille";2;1;3
"intercommunal";3;0;3
"parcs-naturels-marins";3;0;3
"parcs-naturels-regionaux";3;0;3
"pnm";3;0;3
"reserves-naturelles-nationales";3;0;3
"zone-active";3;0;3
"équipements sportifs";0;3;3
"reseau-de-telecommunication";3;0;3
"pathologie-vegetale";3;0;3
"jade";1;2;3
"aigneville";3;0;3
"ailly-sur-somme";3;0;3
"argoeuvre";3;0;3
"beauchamps";3;0;3
"bernaville";3;0;3
"bertangles";3;0;3
"bettencourt-saint-ouen";3;0;3
"bonneville";3;0;3
"bouttencourt";3;0;3
"boves";3;0;3
"brutelles";3;0;3
"chepy";3;0;3
"curlu";3;0;3
"dargnies";3;0;3
"dreuil-les-amiens";3;0;3
"fouilloy";3;0;3
"gouvernance-de-l-eau-politique-publique-gestion-integree";3;0;3
"guyencourt-sur-noye";3;0;3
"la-chaussee-tirancourt";3;0;3
"lancheres";3;0;3
"long";3;0;3
"moilains";3;0;3
"mons-boubert";3;0;3
"morlancourt";3;0;3
"pende";3;0;3
"rainneville";3;0;3
"sailly-flibeaucourt";3;0;3
"sains-en-amienois";3;0;3
"saint-sauveur";3;0;3
"senlis-le-sec";3;0;3
"usage-de-sols";3;0;3
"vers-sur-selles";3;0;3
"villers-carbonnel";3;0;3
"woignarue";3;0;3
"woincourt";3;0;3
"znt";3;0;3
"skos";1;2;3
"code de la route";0;3;3
"précipitations";3;0;3
"anomalie de précipitations";3;0;3
"Consommation";3;0;3
"ajpp";3;0;3
"aller";3;0;3
"allocataire";3;0;3
"amplitude";3;0;3
"attente";2;1;3
"rentree";3;0;3
"teleprocedure";3;0;3
"alertes";2;1;3
"mat";3;0;3
"délits";2;1;3
"amenagement-urbanisme-politique-europeenne";3;0;3
"foret-transformation";3;0;3
"redynamisation";1;2;3
"étudiants";3;0;3
"2014-0";3;0;3
"peps";3;0;3
"cop21";1;2;3
"Comptage";3;0;3
"Qualité de l'air";3;0;3
"Histoire";3;0;3
"Transilien";3;0;3
"choroplethe";0;3;3
"isopaques";3;0;3
"milieu-physique-geologie-sedimentologie-isopaques";3;0;3
"milieu-physique-geologie-sedimentologie-ressources-minerales";3;0;3
"carte-des-formations";3;0;3
"webgl";0;3;3
"plouharnel";3;0;3
"belle-ile-en-mer";3;0;3
"cote-de-trestel-a-paimpol-estuaires-du-trieux-et-du-jaudy-archipel-de-brehat-et-tregor-goelo";3;0;3
"estuaire-de-l-aulne";3;0;3
"golfe-du-morbihan";3;0;3
"mangrove";3;0;3
"rade-de-brest";3;0;3
"sept-iles";3;0;3
"zone-intertidale";3;0;3
"france-bretagne-finistere-pays-de-morlaix-morlaix-baie-de-morlaix";3;0;3
"habitat-intertidal-typologie-natura-2000-cartographie-cahier-d-habitats-estran";3;0;3
"fresnes";0;3;3
"utilisation-autre";3;0;3
"lecteurs";3;0;3
"microfilm";3;0;3
"numérisation";3;0;3
"brasserie";2;1;3
"food-truck";3;0;3
"fusion de communes";1;2;3
"indices de fréquence des traitements";3;0;3
"donges-44052";3;0;3
"ssd";3;0;3
"rentrée scolaire 2016";2;1;3
"calories";0;3;3
"Abonnés";3;0;3
"Best-seller";3;0;3
"Bus";3;0;3
"Inscrits";3;0;3
"Usagers";3;0;3
"acceuil";3;0;3
"démocratie locale";3;0;3
"oeuvres";3;0;3
"permanent";3;0;3
"vetement";3;0;3
"billet";2;1;3
"photocopie";3;0;3
"indicateurs de fréquence des traitements";3;0;3
"dmr";3;0;3
"soregies";3;0;3
"contrat à durée indéterminée";3;0;3
"droit des sociétés";3;0;3
"fracture";3;0;3
"dedd";3;0;3
"duo";3;0;3
"fractures";3;0;3
"inra";2;1;3
"scpi";2;1;3
"accord-de-gestion-concertee";3;0;3
"accueil-collectif-de-la-petite-enfance";3;0;3
"achats-publics";2;1;3
"aide-et-soin-a-domicile";3;0;3
"aide-menagere";3;0;3
"amenager";2;1;3
"animaux-errants";3;0;3
"anomalie-de-precipitations";3;0;3
"antisemitisme";3;0;3
"art-contemporain";2;1;3
"arts-decoratifs";2;1;3
"assurance-sante";2;1;3
"avantages-en-nature";3;0;3
"banc-public";3;0;3
"bande-dessinee";2;1;3
"belvederes";3;0;3
"bordure-de-trottoir";3;0;3
"centre-de-gestion";3;0;3
"codeveloppement";3;0;3
"courants-de-maree";3;0;3
"creches-departementales";3;0;3
"cremation";3;0;3
"crematorium";3;0;3
"croix-rouge";3;0;3
"depense-publique";2;1;3
"developpement-durable-et-energie";2;1;3
"developpement-solidaire";3;0;3
"donnees-genrees";3;0;3
"dotation-globale-de-fonctionnement";2;1;3
"ecart-de-salaire";1;2;3
"emplacements-reserves";3;0;3
"emploi-agricole";3;0;3
"enseignement-elementaire";3;0;3
"enseignement-superieur-recherche";2;1;3
"epaves";2;1;3
"etat-4001";2;1;3
"evolution-des-territoires";3;0;3
"federations";2;1;3
"file-de-pylones";3;0;3
"flux-migratoire";3;0;3
"fonds-solidarite-energie";3;0;3
"formalites";2;1;3
"france-culture";3;0;3
"frequences";3;0;3
"fuite-eau";3;0;3
"fusion-de-communes";1;2;3
"geometre-expert";3;0;3
"giratoire";3;0;3
"grand-poitiers";2;1;3
"grandes-cultures";3;0;3
"groupements-a-fiscalite-propre";3;0;3
"gynecologues";1;2;3
"habitudes-alimentaires";1;2;3
"handicapees";3;0;3
"indicateur-de";1;2;3
"indicateur-de-valeur-ajoute";1;2;3
"indicateurs-de-frequence-des-traitements";3;0;3
"indices-de-frequence-des-traitements";3;0;3
"innovation-sociale";2;1;3
"interim";3;0;3
"jaces-2016";3;0;3
"jacques-jp-martin";3;0;3
"jacques-martin";3;0;3
"legal-data";1;2;3
"lice-en-bois";3;0;3
"maisons-de-retraite";3;0;3
"marches-et-europe";3;0;3
"mediateur";3;0;3
"mobilite-professionnelle";3;0;3
"mutuelle-sante";2;1;3
"nebulosite";3;0;3
"nid-de-poule";3;0;3
"niveaux-caracteristiques";2;1;3
"nom-de-rue";2;1;3
"numerisation";3;0;3
"parc-automobile";3;0;3
"parcs-departementaux";3;0;3
"paternite";3;0;3
"pays-de-loire";2;1;3
"pays-tiers";3;0;3
"pere-lachaise";1;2;3
"pic";3;0;3
"plaque-de-rue";3;0;3
"point-de-vue";3;0;3
"porte-a-porte";3;0;3
"portion-de-voie";3;0;3
"produits-petroliers";3;0;3
"programme-electoral";1;2;3
"programme-enseignement";3;0;3
"projet-de-developpement";3;0;3
"propositions-politiques";1;2;3
"renovation-habitat";2;1;3
"rentree-scolaire-2016";2;1;3
"reperes-fondamentaux";2;1;3
"representation-syndicale";3;0;3
"ressources-pedagogiques";2;1;3
"revenu-disponible-brut";1;2;3
"revenu-national";1;2;3
"service-en-gare";3;0;3
"services-techniques";3;0;3
"subventions-aux-structures";3;0;3
"teletransmis";3;0;3
"terrain-de-sport";3;0;3
"trottoir-degrade";3;0;3
"video-protection";3;0;3
"zero-hydrographique";2;1;3
"analyse-semantique";0;3;3
"annonce-legale";1;2;3
"banque-mondiale";1;2;3
"base-permanente-des-equipements";1;2;3
"categorie-socioprofessionnelle";2;1;3
"code-de-la-route";0;3;3
"code-du-travail";1;2;3
"covoiturage-temps-reel";2;1;3
"economie-denergie";2;1;3
"expatries";0;3;3
"intelligence-economique";0;3;3
"plaque-adresse";0;3;3
"territoires-de-vie";2;1;3
"cambron";3;0;3
"installationsde-suivi-environnemental";3;0;3
"lieutenant";3;0;3
"ebc";3;0;3
"lignes-electriques";2;1;3
"pcet";3;0;3
"transports-deplacements-transport-de-matiere-dangereuse";3;0;3
"zones-basses";3;0;3
"zones-humides-d-importance-internationale";3;0;3
"chaufferie";3;0;3
"eau-brute";3;0;3
"energie-autres";2;1;3
"isdnd";3;0;3
"matieres-phosphorees";3;0;3
"aix-en-provence";1;2;3
"grandpublic";3;0;3
"athletisme";3;0;3
"culture-loisirs";3;0;3
"distribution-demographique";3;0;3
"epicerie";3;0;3
"sinoe";2;1;3
"ecotoxicologie";3;0;3
"vulgarisation";3;0;3
"1820";3;0;3
"administratif-decoupage";3;0;3
"archeologique";3;0;3
"boitiers";3;0;3
"cluster";1;2;3
"dsi";2;1;3
"et";3;0;3
"saisine";3;0;3
"secretariat";3;0;3
"prix-au-m2";1;2;3
"preservation";3;0;3
"prix-m2";1;2;3
"referes";3;0;3
"dietetique";1;2;3
"village";2;1;3
"risk";3;0;3
"orthophotographie-ortho-image-photographie-aerienne-referentiel-languedoc-roussillon";3;0;3
"ministeres";3;0;3
"textes-legislatifs";1;2;3
"stations-service";2;1;3
"beautifulsoup";3;0;3
"leboncoin";3;0;3
"crc";3;0;3
"crtc";3;0;3
"carroyage-dfci";3;0;3
"defense-de-la-foret-contre-les-incendies";3;0;3
"handicap-visuel";3;0;3
"lecteurs-ecran";3;0;3
"legalstart";3;0;3
"mission-etalab";3;0;3
"numeration";2;1;3
"numerotation";3;0;3
"sgp";3;0;3
"uk";0;3;3
"subway";3;0;3
"aeroport-nantes-atlantique";3;0;3
"i-lab";3;0;3
"ilab";3;0;3
"repertoire-national-des-structures-de-recherche";3;0;3
"multi-alea";3;0;3
"perimetre-alea";3;0;3
"perimetre-d-exposition";3;0;3
"zone-alea";3;0;3
"zone-d-alea";3;0;3
"zones-de-gestion-de-restriction-ou-de-reglementation-et-unites-dedeclaration";3;0;3
"zones-de-gestion-de-restriction-ou-de-reglementation-et-unitesde-declaration";3;0;3
"sky-tv";0;3;3
"agence-nationale-de-renovation-urbaine";3;0;3
"agrements";3;0;3
"alignements";3;0;3
"allocation-personnalisee-dautonomie";3;0;3
"cavaliers";3;0;3
"edas";3;0;3
"emprises-de-gestion";3;0;3
"estampes";3;0;3
"foyers";3;0;3
"localisations";3;0;3
"micro-creches";3;0;3
"preemptions";3;0;3
"ufr";3;0;3
"crise-de-la-dette";3;0;3
"conseillers-generaux";3;0;3
"semi";2;1;3
"bop";3;0;3
"cias";3;0;3
"water";3;0;3
"anonymisation";2;1;3
"power-bi";0;3;3
"reseau-routier-national-non-concede";3;0;3
"climate";2;1;3
"chatou";3;0;3
"gentilly";3;0;3
"aides-sociales";3;0;3
"places-disponibles";3;0;3
"revenu-minimum-dinsertion";3;0;3
"pratiques-sportives";3;0;3
"athletes";3;0;3
"medailles";1;2;3
"dopage";1;2;3
"immo";1;2;3
"vannes";1;2;3
"voiries";3;0;3
"cholet-49099";3;0;3
"saint-aignan-grandlieu-44150";3;0;3
"saint-herblain-44162";3;0;3
"affiche";3;0;3
"carte-grise";1;2;3
"quais";3;0;3
"rodez";2;1;3
"avalanches";3;0;3
"zones-urbaines-sensibles";3;0;3
"programme-culturelle";3;0;3
"systeme-d-information";2;1;3
"debit-internet";1;2;3
"saint-lo";2;1;3
"fracture-numerique";2;1;3
"bulletins";3;0;3
"baie-de-somme";3;0;3
"pprn-du-marquenterre-baie-de-somme";3;0;3
"clermont-ferrand";2;1;3
"nutriments";1;2;3
"points-gps";3;0;3
"servitudes-d-utilite-publique-et-services-publics";3;0;3
"sup-a-9";3;0;3
"sup-pm-3";3;0;3
"velocipede";3;0;3
"fourier-transform-infrared";3;0;3
"non-concede";3;0;3
"scanning-electron-microscopy";3;0;3
"dsc";3;0;3
"tga";3;0;3
"xrd";3;0;3
"multidrug-resistant";3;0;3
"contrainte";3;0;3
"parcs-naturels";3;0;3
"plu-plan-local-d-urbanisme";2;1;3
"vval-du-cher";3;0;3
"biotyping";3;0;3
"complements-alimentaires";3;0;3
"amenagement-urbanisme-n-zonages-amenagement";3;0;3
"metadonnee";3;0;3
"cadmium";3;0;3
"thermogravimetric-analysis";3;0;3
"pro-inflammatory-cytokines";3;0;3
"splenocytes";3;0;3
"bidiversite";3;0;3
"granulats-marins-marin-concession-concessions-exploitation-permis-sables-graviers-gie";3;0;3
"bareme";3;0;3
"commerce-dalimentation";3;0;3
"dailymotion";3;0;3
"devenir-enseignant";3;0;3
"doi";3;0;3
"entreprises-innovantes";3;0;3
"espace-de-loisirs";3;0;3
"eter";3;0;3
"extension";1;2;3
"france-detaillee";2;1;3
"funding-data";3;0;3
"isni";3;0;3
"issn";3;0;3
"laureat";3;0;3
"laureates";3;0;3
"nouvelle-region";3;0;3
"orgref";3;0;3
"pes";3;0;3
"referens-iii";3;0;3
"savoir-faire";3;0;3
"alpes";2;1;3
"impression";2;1;3
"mapping";0;3;3
"cartes-grises";3;0;3
"taxi-et-transport-public";2;1;3
"musees-de-france";2;1;3
"inventaire-ecologique";3;0;3
"drt";3;0;3
"granel";3;0;3
"lesgor";3;0;3
"lesperon";3;0;3
"lussagnet";3;0;3
"rion-des-landes";3;0;3
"societe-petroliere-de-depot-spd";3;0;3
"vielle-saint-girons";3;0;3
"impots-taxes";2;1;3
"rhone-alpes-auvergne";3;0;3
"avap";3;0;3
"haute-saone";2;1;3
"marambat";3;0;3
"mirannes";3;0;3
"monbardon";3;0;3
"monlaur-bernet";3;0;3
"panassac";3;0;3
"pompiac";3;0;3
"pujaudran";3;0;3
"reglementaire";3;0;3
"sinistres";3;0;3
"troncon-littoral";3;0;3
"aube-informations";2;1;3
"reduction-de-gaz-a-effet-de-serre";3;0;3
"tarot";3;0;3
"demographie-scolaire";3;0;3
"pedt";3;0;3
"pyramide-age";1;2;3
"rythme";3;0;3
"cnrs";2;1;3
"mogneneins";3;0;3
"facies";3;0;3
"energie-positive";3;0;3
"n-zonages-planification";3;0;3
"territoire-a-energie-positive";3;0;3
"recensement-agricole";3;0;3
"iaa";3;0;3
"agriculture-peche";3;0;3
"capricorne-asiatique-anaplophora-arbre-feuillu-sante-vegetale-alsace";3;0;3
"accueil-collectif-de-la-petite-e";3;0;3
"agence-nationale-de-renovation-u";3;0;3
"amenagement-urbanisme-politique-";3;0;3
"capricorne-asiatique-anaplophora";3;0;3
"chambres-territoriales-des-compt";3;0;3
"climatology-meteorology-atmosphe";2;1;3
"contrainte-une-prescription-qui-";3;0;3
"cote-de-trestel-a-paimpol-estuai";3;0;3
"dechets-collecte-traitement-et-e";1;2;3
"defense-de-la-foret-contre-les-i";3;0;3
"deliberation-conseil-municipal-f";3;0;3
"eolien-terrestre-energie-renouve";3;0;3
"estimations-localisees-de-popula";1;2;3
"etablissements-publics-de-cooper";3;0;3
"france-bretagne-finistere-pays-d";3;0;3
"gouvernance-de-l-eau-politique-p";3;0;3
"granulats-marins-marin-concessio";3;0;3
"habitat-intertidal-typologie-nat";3;0;3
"habitat-politique-de-la-ville-ac";3;0;3
"habitat-politique-de-la-ville-re";3;0;3
"indicateurs-de-frequence-des-tra";3;0;3
"indices-de-frequence-des-traitem";3;0;3
"journees-europeennes-du-patrimoi";1;2;3
"milieu-physique-habitats-physiqu";3;0;3
"milieu-physique-hydrodynamique-c";3;0;3
"mobilite-transport-deplacement-c";3;0;3
"mobilite-transport-organisation-";3;0;3
"mobilite-transport-transport-fer";3;0;3
"necropole-nationale-cimetiere-mi";3;0;3
"population-recensement-repartiti";3;0;3
"ppri-de-la-vallee-de-la-somme-et";3;0;3
"pprn-du-marquenterre-baie-de-som";3;0;3
"projets-connus-etude-d-impact-au";3;0;3
"reduction-de-gaz-a-effet-de-serr";3;0;3
"regroupement-territorial-inclut-";3;0;3
"repertoire-national-des-structur";3;0;3
"risques-et-securite-risques-sani";3;0;3
"schema-regional-de-coherence-eco";3;0;3
"scot-schema-coherence-territoria";3;0;3
"site-industriel-production-site-";3;0;3
"solidarite-et-renouvellement-urb";3;0;3
"systemes-de-maillage-geographiqu";3;0;3
"transports-deplacements-transpor";3;0;3
"transports-infrastructure-ferrov";3;0;3
"utilisation-rationnelle-de-l-ene";2;1;3
"videoprotectioncamerasprotection";1;2;3
"zones-humides-d-importance-inter";3;0;3
"contrat-territorial";3;0;3
"metropoles";1;2;3
"syane";2;1;3
"steu";3;0;3
"zonage-planification";3;0;3
"a-9";3;0;3
"aa-superieure";3;0;3
"couthures-sur-garonne";3;0;3
"de-sangosse";3;0;3
"domanial";3;0;3
"lys";3;0;3
"pont-sainte-maxence";3;0;3
"prairie";3;0;3
"primagaz";3;0;3
"zones-agricoles";3;0;3
"ppri-mortagne";3;0;3
"r-programming";0;3;3
"challenge";3;0;3
"cremations";3;0;3
"inidice";3;0;3
"socio";3;0;3
"tva-intracommunautaire";0;3;3
"habitat-benthique";3;0;3
"indice-de-confiance";3;0;3
"points-de-charge";3;0;3
"drones-civils";2;1;3
"contractuel";3;0;3
"doctorant";3;0;3
"professeur";3;0;3
"mobiliers-urbains";3;0;3
"recommandations";3;0;3
"association-francaise";2;1;3
"syndicats-intercommunaux";2;1;3
"archives-nationales";3;0;3
"consommation-denergie";3;0;3
"annecy";2;1;3
"syme05";2;1;3
"stats";2;1;3
"nptz";3;0;3
"genomique";2;1;3
"pprmvt";3;0;3
"agregation";1;2;3
"elections-presidentielles-2017";0;3;3
"photogrammetrie";3;0;3
"sciences-participatives";3;0;3
"travaux-publics";3;0;3
"salles";2;1;3
"sante-mentale";3;0;3
"poteau-incendie";3;0;3
"observations-cotieres";3;0;3
"toto";2;1;3
"cadaste";3;0;3
"geometres";3;0;3
"index";3;0;3
"biologiques-habitats-benthiques";3;0;3
"observations-in-situ";3;0;3
"axes";3;0;3
"ilots";3;0;3
"blockchain";2;1;3
"die";3;0;3
"mef";3;0;3
"carpe-diem";3;0;3
"d-3-especes-commerciales";3;0;3
"d-7-conditions-hydrographiques";3;0;3
"mediterranee-occidentale";3;0;3
"tourisme-daffaire";3;0;3
"catalogues-en-ligne";3;0;3
"denomination";3;0;3
"domiciliation";3;0;3
"graffiti";3;0;3
"mandature";3;0;3
"perturbations";3;0;3
"plantation";3;0;3
"postes-publics";3;0;3
"imaje";3;0;3
"ais";3;0;3
"bfr";3;0;3
"menagere";3;0;3
"subventions-a-recevoir";3;0;3
"trajet-intercites";3;0;3
"verbalisation";3;0;3
"voyageur";3;0;3
"auto-partage";3;0;3
"philosophie";3;0;3
"so-mobility";3;0;3
"compte-satellite";2;1;3
"eligibilite-fibre";0;3;3
"solde-migratoire";3;0;3
"controles-sanitaires";1;2;3
"bdortho";2;1;3
"clubs-sportfis";3;0;3
"police-gendarmerie-crime-delits";2;1;3
"normalisation";3;0;3
"bretelles";3;0;3
"substance-dangereuse";3;0;3
"echangeurs";3;0;3
"handball";2;1;3
"commerce-de-proximite";1;2;3
"oxydes-d-azote";3;0;3
"deviations";3;0;3
"fermeture-de-voies";3;0;3
"paache";3;0;3
"adhesion";2;1;3
"amenagement-cyclable";3;0;3
"attestation-accueil";3;0;3
"cagnes-sur-mer";3;0;3
"carenage";3;0;3
"castagniers";3;0;3
"colomars";3;0;3
"gattieres";3;0;3
"lithophyllum";3;0;3
"matisse";3;0;3
"mpt";3;0;3
"saint-jeannet";3;0;3
"valdeblore";3;0;3
"vence";3;0;3
"epora";3;0;3
"enceinte";1;2;3
"reseau-routier-national-concede";3;0;3
"centre-daffaires";3;0;3
"produits-references-statiques";3;0;3
"edigeo";3;0;3
"dispositifs-de-surveillance";3;0;3
"produits-a-valeur-ajoutee";3;0;3
"phytosanitaires";1;2;3
"piratage";2;1;3
"besancon";2;1;3
"affaires-internationales";2;1;3
"client-fragile";3;0;3
"isr";3;0;3
"dpo";1;2;3
"assemblee-de-corse";3;0;3
"awala-yalimapo";3;0;3
"ile-de-cayenne";3;0;3
"cerou";3;0;3
"migrateurs";2;1;3
"tassements-differentiels";3;0;3
"zone-de-preemption";3;0;3
"n-zonages-etude";3;0;3
"plans-schemas-programmes";3;0;3
"accidents-de-la-circulation";0;3;3
"barjac";3;0;3
"espace-public-espaces-verts";3;0;3
"mende";2;1;3
"minier-fer";3;0;3
"nettoyage";3;0;3
"radioelectrique";3;0;3
"suppression";3;0;3
"bdtopo";3;0;3
"procedure-prefectorale";3;0;3
"php";0;3;3
"lutte";3;0;3
"violences-sexistes";3;0;3
"locations";3;0;3
"diplome-universitaire-de-technologie";3;0;3
"limites-maritimes";3;0;3
"lobby";3;0;3
"produits-locaux";3;0;3
"trident";3;0;3
"le-havre";1;2;3
"investissement-participatif";2;1;3
"chemin-rural";3;0;3
"documents-composites";3;0;3
"domaine-de-graveyron";3;0;3
"gireve";3;0;3
"graines";3;0;3
"le-mas-dagenais";3;0;3
"ouvrages-protection";3;0;3
"peuplements";3;0;3
"plants";3;0;3
"residant";3;0;3
"risques-sanitaires";3;0;3
"spartines";3;0;3
"stratigraphie";3;0;3
"teledetection";3;0;3
"tempetes";3;0;3
"datavizu";0;3;3
"telefilms";3;0;3
"cartes-postales-anciennes";2;1;3
"cep";2;1;3
"cir";2;1;3
"bassins-economiques";3;0;3
"ppi";3;0;3
"copropriete";2;1;3
"resistance";3;0;3
"seconde-guerre-mondiale";3;0;3
"classee";2;1;3
"spl";3;0;3
"mediabus";3;0;3
"musibus";3;0;3
"offre-demploi";2;1;3
"slo";3;0;3
"enfant-handicape";3;0;3
"residences-autonomie";3;0;3
"ariege";2;1;3
"montgeon";3;0;3
"mycologie";3;0;3
"tranche-dage";3;0;3
"cotes-darmor";1;2;3
"hautes-pyrenees";2;1;3
"val-doise";1;2;3
"vaucluse";2;1;3
"accueil-pour-les-chiens-guides";3;0;3
"attestation-daccessibilite";3;0;3
"boucle-magnetique-a-laccueil-ou-dans-la-salle-de-reunion";3;0;3
"deficience-mentale-psychique-ou-cognitive";3;0;3
"fauteuil-roulant-ou-mobilite-reduite";3;0;3
"langue-des-signes-francaise-a-laccueil-ou-pour-lactivite";3;0;3
"personnes-mal-entendantes-ou-sourdes";3;0;3
"personnes-mal-et-non-voyantes";3;0;3
"emprise-074";3;0;3
"gestionnaire-130009764";3;0;3
"ascad";3;0;3
"iufm";3;0;3
"irve-83";3;0;3
"mouvelecvar";2;1;3
"concarneau";3;0;3
"plo";3;0;3
"lectorat";3;0;3
"action-coeur-de-ville";2;1;3
"n-demographie";3;0;3
"n-site-industriel";3;0;3
"selective";3;0;3
"saint-martin-du-var";3;0;3
"apprentissage-artificiel";2;1;3
"territoriale";3;0;3
"compte-administratif-2017";3;0;3
"plui-plu-pos-sudocuh";3;0;3
"efs";3;0;3
"semitag";3;0;3
"centre-val-de-loire";1;2;3
"provence-alpes-cote-dazur";1;2;3
"publicites";3;0;3
"oiseau";3;0;3
"operateur-national";3;0;3
"plf";1;2;3
"investissement-local";1;2;3
"lieux-ressources";3;0;3
"parti-socialiste";3;0;3
"raicaux";3;0;3
"jean-jacques-kantorow";3;0;3
"marches-de-travaux";3;0;3
"tourdefrance2018";3;0;3
"transports-publics";3;0;3
"evolution-professionnelle";2;1;3
"lucon-85128";3;0;3
"sable-sur-sarthe-72264";3;0;3
"ler";2;1;3
"bulots";3;0;3
"gamma";3;0;3
"ferre";3;0;3
"transport-de-marchandise";3;0;3
"agro-ecologie";3;0;3
"aide-a-lemploi";3;0;3
"aipc";3;0;3
"appel-doffre";3;0;3
"badminton";3;0;3
"basketball";3;0;3
"capoeira";3;0;3
"centre-daction-medico-sociale-precoce";3;0;3
"college-denseignement-general";3;0;3
"csaj";3;0;3
"environnement-et-sante";2;1;3
"gym";3;0;3
"ping-pong";3;0;3
"politique-de-lemploi";3;0;3
"procedure-civile";3;0;3
"production-vegetale";3;0;3
"stationnnement";3;0;3
"terroir-viticole";3;0;3
"twirling";3;0;3
"volley";3;0;3
"yoga";3;0;3
"allee";3;0;3
"boucle";3;0;3
"excursion";3;0;3
"lia";3;0;3
"naturaliste";3;0;3
"panorama";3;0;3
"quadrillage";3;0;3
"hub";3;0;3
"datatourisme";1;2;3
"pia";3;0;3
"test-description-subcat";3;0;3
"mission-locale";3;0;3
"saint-etienne";1;2;3
"autorite-organisatrice";3;0;3
"ressort-territorial";3;0;3
"pde";3;0;3
"transparence-sante";1;2;3
"o-3";3;0;3
"frelons";3;0;3
"escamotable";3;0;3
"imprimante";2;1;3
"rouge";1;2;3
"cap-dagde";3;0;3
"capbus";3;0;3
"vandieres";3;0;3
"chalonsenchampagne";3;0;3
"points-dapports-volontaires";3;0;3
"transdev";3;0;3
"ballade";3;0;3
"elec";3;0;3
"commencement";3;0;3
"conclu";3;0;3
"soumissionnaire";3;0;3
"ffvl";2;1;3
"interconnectes";2;1;3
"apple";2;1;3
"casa";3;0;3
"locataire";3;0;3
"faire";3;0;3
"cpam";3;0;3
"running";2;1;3
"arrete-tarifaire-du-9-mai-2017";3;0;3
"hydrogene";3;0;3
"biodechet";3;0;3
"dechet-organique";3;0;3
"service-de-collecte";3;0;3
"tac";3;0;3
"cepages";3;0;3
"95199";3;0;3
"ezanville";3;0;3
"limites-intercommunales";3;0;3
"pem";3;0;3
"natixis";3;0;3
"cavaillon";1;2;3
"saint-didier";2;1;3
"meze";3;0;3
"chavagne";0;3;3
"reseaux-de-chaleur";3;0;3
"bilingue";3;0;3
"fresque";3;0;3
"periscolaire";3;0;3
"wittelsheim";3;0;3
"annonce";1;2;3
"amenagement-hydroagricole";3;0;3
"arthaud";3;0;3
"as";3;0;3
"asselineau";3;0;3
"bap";3;0;3
"c6h6";3;0;3
"cheminade";3;0;3
"dupont-aignan";3;0;3
"fillon";3;0;3
"hamon";3;0;3
"lassalle";3;0;3
"le-pen";3;0;3
"macron";3;0;3
"melenchon";3;0;3
"ni";3;0;3
"pb";3;0;3
"poutou";3;0;3
"trump";3;0;3
"centre-valdeloire";3;0;3
"agglobus";3;0;3
"amenagement-foncier-travaux";3;0;3
"information-preoccupante";3;0;3
"oeuvre-dart";3;0;3
"googlemaps";0;3;3
"recharge-a-destination";1;2;3
"rerb";3;0;3
"centrale-a-energie-eolienne";3;0;3
"contrat-dagriculture-durable";3;0;3
"etudes-dimpact";3;0;3
"gestion-de-la-qualite-de-leau";3;0;3
"liste-des-cours-deau";3;0;3
"programmes-locaux-dhabitat";3;0;3
"tableau-dassemblage";3;0;3
"zone-dalea";3;0;3
"zone-de-developpement-de-leolien";3;0;3
"appellation-dorigine-protegee";3;0;3
"bassin-demploi";3;0;3
"cartographie-dhabitats";3;0;3
"service-dincendie";3;0;3
"corridor-ecologique";3;0;3
"reservoir-de-biodiversite";3;0;3
"sous-trame";3;0;3
"elements-fragmentants";3;0;3
"zones-a-enjeux";3;0;3
"mimizan";3;0;3
"plui-scot-pos-sudocuh";3;0;3
"ecologie-et-environnement";2;1;3
"lda";2;1;3
"arc-international";3;0;3
"points-de-reperes";3;0;3
"chateau-gontier-sur-mayenne";3;0;3
"limite-maritime";3;0;3
"arbitrage";3;0;3
"expert";3;0;3
"mode-de-gestion";3;0;3
"plus-values";3;0;3
"interet-general";2;1;3
"droit-du-sol";3;0;3
"psa";3;0;3
"montbeliard";3;0;3
"distribution-electrique";1;2;3
"siah";3;0;3
"evron";3;0;3
"ponctualite";3;0;3
"ram";3;0;3
"premiers-secours";2;1;3
"isochrone";1;2;3
"sdaasp";3;0;3
"sdtan";3;0;3
"zone-dactivites";3;0;3
"flash";2;1;3
"gipac";3;0;3
"ispf";3;0;3
"agenda-culturel";3;0;3
"sous-sols";3;0;3
"vallee";3;0;3
"levens";3;0;3
"bouche";3;0;3
"ile-de-re";3;0;3
"payants";3;0;3
"zone-orange";3;0;3
"reseau-arc-en-ciel";3;0;3
"garde-denfants";2;1;3
"pei";3;0;3
"atton";3;0;3
"bayon";3;0;3
"flin";3;0;3
"lay-saint-christophe";3;0;3
"saint-clement";3;0;3
"cartograpie";0;3;3
"vittonville";3;0;3
"city-stade";3;0;3
"github";2;1;3
"services-generaux";3;0;3
"deliberation-budget-compte-rendu";3;0;3
"femmes-hommes";3;0;3
"limey-remenauville";3;0;3
"episodes";3;0;3
"mutations";2;1;3
"maisons-assistants-maternels";3;0;3
"marqueurs-gps";3;0;3
"trames";3;0;3
"prm";3;0;3
"rouen";2;1;3
"athmospherique";3;0;3
"ligne-urbaine";3;0;3
"omm";3;0;3
"trvg";3;0;3
"charcuterie";3;0;3
"parite-homme-femme";0;3;3
"chemins-de-fer-de-provence";3;0;3
"car-jaune";3;0;3
"15-25-ans";3;0;3
"accident-du-travail";3;0;3
"digne-les-bains";2;1;3
"lignes-interurbaines";3;0;3
"personnel-communal";3;0;3
"salles-de-spectacle";3;0;3
"seance";3;0;3
"coordonnee";3;0;3
"beauvais";1;2;3
"communes-france";2;1;3
"osmose-qa";2;1;3
"sante-environnement";2;1;3
"gros-bovins";3;0;3
"agneau";3;0;3
"prix-moyen-pondere";2;1;3
"veaux-de-8-jours";3;0;3
"benzoapyrene";3;0;3
"nickel";3;0;3
"veaux-de-boucherie";3;0;3
"annuaires";2;1;3
"brevets-deposes";3;0;3
"declaration-preliminaire-de-laide-publique-au-developpement";3;0;3
"demandes-de-brevets";3;0;3
"equivalent-temps-plein-travaille";3;0;3
"jeunes-entreprises-innovantes";3;0;3
"programmations";3;0;3
"projet-de-loi-de-reglement";3;0;3
"viti-vinicoles";3;0;3
"administrative";3;0;3
"aubignan";3;0;3
"bedoin";3;0;3
"cove";3;0;3
"malaucene";3;0;3
"mazan";3;0;3
"standard-cnig-plu-v2017";3;0;3
"farine";3;0;3
"plr-2018";3;0;3
"dsp";3;0;3
"bearn";3;0;3
"bd-historique";3;0;3
"enghien-les-bains";3;0;3
"regimes-speciaux";3;0;3
"elue";3;0;3
"dicom";3;0;3
"definition";3;0;3
"aeroports-de-paris";2;1;3
"cerema-eau-mer-fleuve";3;0;3
"exzeco-inondation-risque";3;0;3
"france-metropole";1;2;3
"numero-de-voirie";3;0;3
"deserts-medicaux";1;2;3
"transformation-digitale";2;1;3
"dae-arret-cardiaque-coeur-scdl";3;0;3
"api-boamp";1;2;3
"donnees-administratives";3;0;3
"plaquettes";2;1;3
"plasma";2;1;3
"milieu-marin";3;0;3
"1784";3;0;3
"1801";3;0;3
"seveso-haut";1;2;3
"emissions-de-gaz-a-effet-de-serre";2;1;3
"1785";3;0;3
"1788";3;0;3
"1792";3;0;3
"bailleurs";3;0;3
"marans";3;0;3
"thermometre-reaumur";3;0;3
"neuves-maisons";3;0;3
"operation-logement";3;0;3
"edtech";2;1;3
"route-optique";3;0;3
"plf-2020";2;1;3
"amel";3;0;3
"ipe";3;0;3
"effectif-prive";3;0;3
"etablissement-employeur";3;0;3
"esms";3;0;3
"place-de-stationnement";3;0;3
"marche-immobilier";0;3;3
"legi";1;2;3
"greve";3;0;3
"circuits-scolaires";3;0;3
"atlas-etudiants";3;0;3
"calais";3;0;3
"personnes-decedees";0;3;3
"conseil-economique-et-social";3;0;3
"tests";2;1;3
"catalogue-collectif-de-france-ccfr";3;0;3
"instagram";3;0;3
"400-kv";3;0;3
"reseaux-energie";2;1;3
"rapport-activites";3;0;3
"fiches-horaires";3;0;3
"bornes-electrique";3;0;3
"service-au-public";3;0;3
"bulletin";2;1;3
"domaine-sanitaire-et-social";3;0;3
"election-municpale";3;0;3
"saison";3;0;3
"consommation-denergie-primaire";3;0;3
"consommation-energetique-finale";3;0;3
"inventaire-des-consommations";3;0;3
"source-de-consommation-denergie";3;0;3
"lecovid";0;3;3
"plots";0;3;3
"soee";3;0;3
"reu";3;0;3
"camions-de-collecte";3;0;3
"collecte-des-encombrants";3;0;3
"composteurs-collectifs";3;0;3
"dechets-toxiques";3;0;3
"renovations-energetiques";3;0;3
"donnees-foncieres";2;1;3
"d-7-changements-hydrographiques";3;0;3
"la-roche-sur-yon";2;1;3
"le-mans";2;1;3
"toulon";2;1;3
"visioconference";2;1;3
"electricite-verte";2;1;3
"garanties-dorigine";2;1;3
"atlas-paysager";3;0;3
"guillaume";0;3;3
"guillaumerozier";0;3;3
"tracker";0;3;3
"coronavirus-mortalite";0;3;3
"cccg";3;0;3
"proparco";3;0;3
"santepubliquefrance";0;3;3
"gresivaudan";3;0;3
"activite-epidemique";1;2;3
"prix-maisons";1;2;3
"culture-tourisme-patrimoine";3;0;3
"voironnais";3;0;3
"matching";1;2;3
"le-grand-chalon";3;0;3
"chalon-sur-saone";3;0;3
"simm";3;0;3
"haut-reseaux-tres-haut-debit";3;0;3
"hotel-de-ville";3;0;3
"emploi-stable";3;0;3
"ipdoc";3;0;3
"secteur-academique";3;0;3
"temps-plein";3;0;3
"chutes";3;0;3
"colleges-publics";3;0;3
"securite-incendie";3;0;3
"auterive";3;0;3
"castanet-tolosan";3;0;3
"castelmaurou";3;0;3
"roques";3;0;3
"cadastre-napoleonien";2;1;3
"environnement-naturel";3;0;3
"martigues";3;0;3
"reseau-de-telecommunications";3;0;3
"eld";2;1;3
"taux-de-reproduction";0;3;3
"bessan";3;0;3
"grau-dagde";3;0;3
"pezenas";3;0;3
"portiragnes";3;0;3
"saint-thibery";3;0;3
"tamarissiere";3;0;3
"mobigo";3;0;3
"loisirs-et-sport";3;0;3
"geographical-referentials";3;0;3
"produit-local";3;0;3
"test-pcr";0;3;3
"test-coronavirus";0;3;3
"activites-nautiques";3;0;3
"esterel";3;0;3
"bon-depargne";3;0;3
"bons-de-caisse";3;0;3
"algorithme";3;0;3
"musee-francais-de-la-carte-a-jouer";3;0;3
"ville-de-saint-denis";3;0;3
"carene";3;0;3
"choletbus";3;0;3
"oleane";3;0;3
"setram";3;0;3
"tul";3;0;3
"technicienne";3;0;3
"catalogue-simplifie";3;0;3
"subventions-etablissement-francais-du-sang";3;0;3
"tousanticovid";2;1;3
"antigenique";3;0;3
"amenagement-du-territoire-et-urbanisme";3;0;3
"infrastructures-numeriques";2;1;3
"taux-emploi";3;0;3
"balades-issy-com";3;0;3
"indicateurs-covid";0;3;3
"fnso";3;0;3
"fonds-national-de-la-science-ouverte";3;0;3
"vol-doiseau";0;3;3
"20km";0;3;3
"confinement-20-km";0;3;3
"eligible";1;2;3
"infrastructure-ferroviaire";3;0;3
"departement-14";3;0;3
"agrement-communautaire";3;0;3
"experimentation-cantines";3;0;3
"sage-estuiare-de-la-loire";3;0;3
"vaccinodromes";1;2;3
"formation-education-et-emploi";3;0;3
"app-store";3;0;3
"budget-2021";3;0;3
"autoconsommateur";3;0;3
"autoconsommation-collective";3;0;3
"production-locale";3;0;3
"jeux-techniques";3;0;3
"pre-saint-gervais";3;0;3
"actes-detat-civil";2;1;3
"parcs-de-stationnement";3;0;3
"vacsi";3;0;3
"10-km";0;3;3
"zone-sortie-10-km";0;3;3
"sante-fr";3;0;3
"213304082";3;0;3
"213304330";3;0;3
"condiment";3;0;3
"corde";3;0;3
"epice";3;0;3
"installation-et-transmission";3;0;3
"jambon";3;0;3
"mairie-de-saint-genes-de-lombaud";3;0;3
"mairie-de-saint-loubes";3;0;3
"methode-de-culture";3;0;3
"salaison";3;0;3
"signe-officiel-de-qualite";3;0;3
"1994-2010";2;0;2
"1995";2;0;2
"1999-2011";2;0;2
"2001-2010";2;0;2
"2004-2010";2;0;2
"25-49 ans";2;0;2
"500";2;0;2
"72-heures";2;0;2
"90-539-cee";2;0;2
"91-68-cee";2;0;2
"a-c-n";2;0;2
"a1";1;1;2
"abatoirs";2;0;2
"abonnements";2;0;2
"academique";2;0;2
"accedent";2;0;2
"acces-a-la-justice";1;1;2
"acces-soins";2;0;2
"accident-travail";2;0;2
"accompagnees";2;0;2
"accords";1;1;2
"achevement";2;0;2
"acquisitions";2;0;2
"acteurs-administratifs";1;1;2
"action publique";2;0;2
"action-de-formation";2;0;2
"action-economique";2;0;2
"actionsociale";1;1;2
"active";2;0;2
"activite-de-loisir";2;0;2
"activites-spatiales";1;1;2
"actuellement";2;0;2
"ad-hoc";2;0;2
"administratives";2;0;2
"adoption-d-enfant";1;1;2
"adoption-internationale";1;1;2
"adulte";2;0;2
"aeroport-de-beauvais-tille";2;0;2
"afnor";2;0;2
"afrique";1;1;2
"agr-egats";2;0;2
"agre-gats";2;0;2
"agrege";2;0;2
"agriculteurs";2;0;2
"agriculture biologique";1;1;2
"aide-a-la-reconversion";2;0;2
"aide-projet";2;0;2
"airlr";2;0;2
"ajustement";2;0;2
"aliments-pour-animaux";2;0;2
"allocation de solidarité aux personnes âgées";1;1;2
"allocation-adulte-handicape";2;0;2
"ambassadeurs";1;1;2
"amelioree";2;0;2
"ameliorees";2;0;2
"ameliorer";2;0;2
"amende";2;0;2
"amerique";1;1;2
"amis";1;1;2
"aménager";1;1;2
"ancienneté";1;1;2
"anciens-sites-industriels";2;0;2
"annuaire-de-lirmm";2;0;2
"annuaire-statistique";2;0;2
"annuelle";2;0;2
"antarctique";2;0;2
"anterieur";2;0;2
"anticipee";2;0;2
"antisémitisme";2;0;2
"appareil productif";1;1;2
"appareils";2;0;2
"appartenant";2;0;2
"appel-d-offre";2;0;2
"apprentissage-professionnel";1;1;2
"arboree";2;0;2
"arbuste";2;0;2
"arc";2;0;2
"archipel molene";1;1;2
"archéologie";1;1;2
"ard";2;0;2
"arrêts";2;0;2
"art-dramatique";2;0;2
"artiste";2;0;2
"arts décoratifs";1;1;2
"arts numériques";1;1;2
"arts plastiques";1;1;2
"arup";1;1;2
"as1";2;0;2
"aseemblee";2;0;2
"aspa";1;1;2
"assimiles";2;0;2
"assortiment";2;0;2
"assurance-maternite";1;1;2
"astronautique";1;1;2
"atlantic";2;0;2
"atteinte";1;1;2
"atteinte-aux-droits-de-l-homme-et-aux-libertes-fondamentales";1;1;2
"audiences";2;0;2
"auditions";2;0;2
"australie";1;1;2
"autofinancement";2;0;2
"autorise";1;1;2
"autorisé";1;1;2
"autorites";2;0;2
"autriche";1;1;2
"aviation";2;0;2
"aviculture";2;0;2
"ayrault";2;0;2
"ba-ba";2;0;2
"balades";2;0;2
"band";2;0;2
"bande dessinée";1;1;2
"barges";2;0;2
"barrieres";1;1;2
"bas";2;0;2
"bassin-emploi";2;0;2
"batiment-industriel";2;0;2
"batimentshistoriques";1;1;2
"bercy";2;0;2
"betteraves";2;0;2
"bhns";2;0;2
"bibliographie-nationale";2;0;2
"bibliophile";2;0;2
"biens";2;0;2
"biocapacité";1;1;2
"blesse";1;1;2
"blessee";2;0;2
"bord";2;0;2
"boues";2;0;2
"boursiere";2;0;2
"bs";2;0;2
"bto";2;0;2
"budgetaire";2;0;2
"budgetaires";2;0;2
"burkina-faso";2;0;2
"bus-a-haut-niveau-de-service";2;0;2
"c-d-e";2;0;2
"cabinet";1;1;2
"cabotage";2;0;2
"calculer";2;0;2
"cales";2;0;2
"camelia";2;0;2
"canal-de-navigation";2;0;2
"capacite-d-accueil";2;0;2
"capacites";2;0;2
"capitalisation";2;0;2
"caprin";2;0;2
"caracteristiques geographiques oceanographiques";1;1;2
"cardiologue";2;0;2
"cardiopathies";2;0;2
"cargo";2;0;2
"carrières";2;0;2
"carte ancienne";1;1;2
"carte communale";1;1;2
"carte marine";2;0;2
"carte-judiciaire";1;1;2
"cartes-de-base";2;0;2
"cartescolaire";2;0;2
"catégorie abc";2;0;2
"cavm";2;0;2
"cbprd";2;0;2
"ccp";2;0;2
"cdn";1;1;2
"central";2;0;2
"centrale";2;0;2
"centre pompidou";2;0;2
"centre-culturel";2;0;2
"centre-d-hebergement";2;0;2
"centre-de-realisation";2;0;2
"centre-ouest";2;0;2
"centres investigateur";2;0;2
"centreville";2;0;2
"cepidc";2;0;2
"ceramique";2;0;2
"cereale-alimentaire";2;0;2
"cerealiere";2;0;2
"certains";2;0;2
"certificat-complementaire-de-protection";2;0;2
"certificat-d-utilite";2;0;2
"certifies";2;0;2
"cessations";1;1;2
"ceux";2;0;2
"cfap";1;1;2
"chaine";2;0;2
"chalands";2;0;2
"chalet-de-vente";2;0;2
"chambre-hote";2;0;2
"champions";2;0;2
"change";2;0;2
"changement de résidence";2;0;2
"chargement";2;0;2
"chauffage urbain";1;1;2
"cheminees-anciennes";2;0;2
"cheminementtrottoir";1;1;2
"chercheurs";2;0;2
"chimie";2;0;2
"chimique";2;0;2
"chirurgicales";2;0;2
"choisi";2;0;2
"chroniques";2;0;2
"cib";2;0;2
"cibul";2;0;2
"cigarette electronique";1;1;2
"cigarette électronique";2;0;2
"cigarettes";2;0;2
"cis";2;0;2
"citl";2;0;2
"clap";1;1;2
"clévacances";2;0;2
"cmu-complementaire";2;0;2
"cns";2;0;2
"cohabitationnel";2;0;2
"collaborant";2;0;2
"collaboration";2;0;2
"collaborative";1;1;2
"collagene";2;0;2
"collectees";2;0;2
"collectifs";2;0;2
"college-d-enseignement-general";2;0;2
"college-d-enseignement-specialise";2;0;2
"colleges-prives";2;0;2
"colza";2;0;2
"combinee";2;0;2
"commandes";2;0;2
"commence";1;1;2
"commencé";1;1;2
"communication-des-donnees";2;0;2
"compagnie";2;0;2
"compensation";2;0;2
"complete";2;0;2
"compte-sante";2;0;2
"comptes-nationaux-de-la-sante";2;0;2
"condamnations";2;0;2
"condamnations-penales";2;0;2
"confiance";1;1;2
"confort";1;1;2
"connaissances";2;0;2
"connectes";2;0;2
"connu";2;0;2
"conseil régional";2;0;2
"conseils-generaux";2;0;2
"considerant";2;0;2
"consideres";2;0;2
"consolidation";2;0;2
"consolide";2;0;2
"consommateur";1;1;2
"consommation-de-soins-et-de-biens-medicaux";2;0;2
"consommation-medicale";1;1;2
"consumer";2;0;2
"contentieux-electoral";1;1;2
"contexte";2;0;2
"continent";2;0;2
"contre";2;0;2
"controle-des-lois";1;1;2
"conventionnels";2;0;2
"convergence";2;0;2
"conversion";1;1;2
"convertir";2;0;2
"coopération";1;1;2
"coopératives";2;0;2
"coordonnees-geographique";1;1;2
"correcteurs";2;0;2
"corruption";1;1;2
"cosip";2;0;2
"cotieres";2;0;2
"courants de marée";2;0;2
"cours des comptes";1;1;2
"couvertes";2;0;2
"creativite";1;1;2
"crediteurs";2;0;2
"cres";2;0;2
"critere";2;0;2
"croatie";2;0;2
"croisieres";2;0;2
"csbm";2;0;2
"cts";2;0;2
"culture et communication";2;0;2
"culture-permanente";2;0;2
"culturels";2;0;2
"cvs";2;0;2
"cyclabilite";1;1;2
"cyclomoteurs";1;1;2
"cylindree";2;0;2
"céréales";2;0;2
"d-appels";2;0;2
"d-etail";2;0;2
"d-occupation";2;0;2
"d-offres";2;0;2
"dalle";2;0;2
"danemark";1;1;2
"dbo";2;0;2
"debat-parlementaire";2;0;2
"debits";1;1;2
"debordement";2;0;2
"decaissee";2;0;2
"decaissements";2;0;2
"deces-annuel";2;0;2
"dedouanement";2;0;2
"defiscalisation";2;0;2
"defoliation";2;0;2
"degres-jours";2;0;2
"delais";2;0;2
"delegations";2;0;2
"deliberationexecutoire";2;0;2
"delinquance-juvenile";1;1;2
"delinquants-precoces";1;1;2
"delivrance";2;0;2
"demandes";1;1;2
"demandeurs";2;0;2
"demographique";2;0;2
"dendrométrie";1;1;2
"denergie";2;0;2
"depart";2;0;2
"depense-sociale";2;0;2
"deposants";2;0;2
"deposes";2;0;2
"dernieres";2;0;2
"desentreprises";2;0;2
"designes";2;0;2
"desosser";2;0;2
"dessin-et-modele";1;1;2
"dessins-et-modeles";2;0;2
"dessins-et-modeles-deposes";2;0;2
"destination";1;1;2
"detaille";2;0;2
"detention";2;0;2
"detenues";2;0;2
"dette-exterieure";1;1;2
"dette-exterieure-publique";1;1;2
"dettes";1;1;2
"developpe";2;0;2
"developpement-social";1;1;2
"developpement-soutenable";2;0;2
"deviation";2;0;2
"devis";1;1;2
"df-dn";2;0;2
"dialogue-social";1;1;2
"dijon";1;1;2
"dimanche";2;0;2
"dimensions";2;0;2
"dioxines";1;1;2
"diplomatiques";2;0;2
"disciple-sportive";2;0;2
"discotheques";2;0;2
"disponible";2;0;2
"disponibles";2;0;2
"disposant";2;0;2
"dispositions";2;0;2
"disquaire";2;0;2
"distribution-d-eau";2;0;2
"division";2;0;2
"divorces";1;1;2
"document-public";1;1;2
"documentation-technique";2;0;2
"domainepublic";2;0;2
"dommages";2;0;2
"donnees-comptables";1;1;2
"donnees-economiques";1;1;2
"donnees-epa";2;0;2
"donnees-etat";2;0;2
"dotation-de-fonctionnement";2;0;2
"dotees";2;0;2
"dpma";2;0;2
"droit-au-logement";1;1;2
"droit-de-l-urbanisme";1;1;2
"droit-social";2;0;2
"droits-d-auteur";1;1;2
"droits-de-la-femme";1;1;2
"dublin";2;0;2
"déjections animales";2;0;2
"départs";2;0;2
"développement durable et énergie";2;0;2
"e-cigarette";1;1;2
"e-commerce";1;1;2
"e-liquide";1;1;2
"eau-de-transition";2;0;2
"eaupotable";1;1;2
"ecart";1;1;2
"echec";2;0;2
"echographies";2;0;2
"echp";2;0;2
"ecigarette";1;1;2
"ecn";2;0;2
"eco-efficacite";2;0;2
"ecrites";2;0;2
"ecusson";2;0;2
"editeur";1;1;2
"education-speciale";2;0;2
"effectif salarié";1;1;2
"effectif-non-salarie";1;1;2
"effectue";2;0;2
"eft";2;0;2
"elargie";2;0;2
"elargies";2;0;2
"elargir";2;0;2
"elearning";2;0;2
"eleve-enseignant";2;0;2
"eliquide";1;1;2
"emploi-public";1;1;2
"employes";2;0;2
"employeurs";2;0;2
"empreinte écologique";1;1;2
"energetiques";1;1;2
"enfa";1;1;2
"enfants-moins-de-3-ans";1;1;2
"engagements";2;0;2
"enquête";2;0;2
"enregistres";2;0;2
"enseignement-public";2;0;2
"enseignement-public-et-prive";1;1;2
"entreposage";2;0;2
"entrepot";2;0;2
"entrepreneur";1;1;2
"entreprise-en-difficulte";2;0;2
"entreprises-de-distribution";2;0;2
"entretien-routier";2;0;2
"enumeres";2;0;2
"environmental-policy";2;0;2
"environneme";1;1;2
"environnemental";2;0;2
"environnementaux";2;0;2
"envisageant";2;0;2
"epave";1;1;2
"epicentres";2;0;2
"epreuves";2;0;2
"epreuves-classantes-nationales";2;0;2
"ept";2;0;2
"equivalent temps";1;1;2
"eric";2;0;2
"error-404";2;0;2
"escalier-exterieur";2;0;2
"espace naturel";2;0;2
"espace-militaire";1;1;2
"espérance de vie";1;1;2
"esri";1;1;2
"essences";2;0;2
"estimee";2;0;2
"etablissements-enregristres";2;0;2
"etalab-gouv-fr";1;1;2
"etape";2;0;2
"etaps";1;1;2
"etat-major";2;0;2
"ethique";1;1;2
"etudiee";2;0;2
"etudient";2;0;2
"eu-ets";2;0;2
"eu-silc";2;0;2
"eur";2;0;2
"européennes";2;0;2
"euros";1;1;2
"exacts";2;0;2
"excedent";2;0;2
"excellence";2;0;2
"exclues";2;0;2
"exclusif";2;0;2
"exclusion";1;1;2
"exercice-salarie";1;1;2
"expeditions";2;0;2
"expliquer";2;0;2
"exploitant-agricole";2;0;2
"exploitants";2;0;2
"exploites";2;0;2
"explolitation";2;0;2
"expropriation";1;1;2
"extraction";2;0;2
"extractives";2;0;2
"extraite";2;0;2
"extremes";1;1;2
"facture";2;0;2
"fam";2;0;2
"famille-monoparentale";2;0;2
"fats";2;0;2
"ferraille";2;0;2
"fertilite";2;0;2
"fertilizers";2;0;2
"feuxrouges";2;0;2
"feuxtricolores";2;0;2
"fibre optique";1;1;2
"fichier-unite";1;1;2
"films-agrees";2;0;2
"films-francais";1;1;2
"films-sortis";1;1;2
"financiere";1;1;2
"fiscales";2;0;2
"flexibilite";2;0;2
"fluctuations";2;0;2
"flux-migratoires";1;1;2
"fmi";2;0;2
"foire";1;1;2
"fonctionnaire";2;0;2
"fondations";1;1;2
"fonds-cmu";2;0;2
"fonds-de-dotation";1;1;2
"fonds-structurel";2;0;2
"forcee";2;0;2
"forces";2;0;2
"formation-en-alternance";1;1;2
"formation-et-apprentissage";1;1;2
"formulaires";1;1;2
"fossiles";1;1;2
"fourni";2;0;2
"fournisseur";2;0;2
"foyers-fiscaux";2;0;2
"fpi";2;0;2
"frais cabinet";1;1;2
"fraises";2;0;2
"france culture";2;0;2
"frequemment";2;0;2
"fumeur";2;0;2
"fédérations";1;1;2
"garanties";2;0;2
"geants";2;0;2
"general";2;0;2
"generation";1;1;2
"geres";2;0;2
"gestion-budgetaire";2;0;2
"gestion-de-la-dette";1;1;2
"gestion-de-la-foret";1;1;2
"gestion-onf";1;1;2
"ghm";2;0;2
"gibiers-d-elevage";2;0;2
"gir";2;0;2
"glissiere";2;0;2
"golf";2;0;2
"gouv";1;1;2
"gr";2;0;2
"grain";2;0;2
"grande-consommation";1;1;2
"grandes écoles";1;1;2
"graves";2;0;2
"gravite";2;0;2
"gravure";2;0;2
"grece";2;0;2
"grenouilles";2;0;2
"grille-tarifaire";2;0;2
"group";2;0;2
"groupe-d-elu";2;0;2
"gynécologues";1;1;2
"géodésie";2;0;2
"habitat-amenagement";1;1;2
"habituelle";2;0;2
"habituellement";2;0;2
"handicape-mental";1;1;2
"harmonis-es";2;0;2
"harmonise";2;0;2
"hebergement-d-urgence";1;1;2
"hebergement-pour-personnes-agees";2;0;2
"hemicycle";2;0;2
"herbacee";2;0;2
"hollande";2;0;2
"horloges";2;0;2
"hospitalisation-complete";2;0;2
"hote";2;0;2
"hydroelectrique";2;0;2
"hydroelectriques";2;0;2
"hypertension-arterielle";2;0;2
"iati";1;1;2
"ifn";1;1;2
"ifre";1;1;2
"ile_de_france";2;0;2
"immatriculation-de-societe";1;1;2
"immatriculation-de-vehicule";2;0;2
"immediatement";2;0;2
"immeubles";2;0;2
"immobilise";2;0;2
"immunisation";1;1;2
"implantations";2;0;2
"implantees";2;0;2
"implementation";2;0;2
"important";2;0;2
"impôts";2;0;2
"incorporels";2;0;2
"indice-de-pollution";1;1;2
"individuels";2;0;2
"induites";2;0;2
"industrie-industrie";2;0;2
"info-trafic";1;1;2
"information-legale";1;1;2
"information-sur-la-pollution";1;1;2
"informatique-et-liberte";1;1;2
"innodation";2;0;2
"innondations";2;0;2
"innovante";2;0;2
"inria";2;0;2
"insalubrite";2;0;2
"insecurite";1;1;2
"institutionel";2;0;2
"interimaire";2;0;2
"intermediaire";1;1;2
"interquintile";2;0;2
"interruptions-volontaires-de-grossesse";2;0;2
"intervention-sociale";2;0;2
"intra";2;0;2
"inventaire forestier national";1;1;2
"investissements-etrangers";2;0;2
"investissements-francais";2;0;2
"invs";2;0;2
"irdes";2;0;2
"irrigables";2;0;2
"irriguees";2;0;2
"isced";2;0;2
"ischemiques";2;0;2
"iuf";2;0;2
"ivg";2;0;2
"ivg-medicamenteuse";2;0;2
"jacques jp martin";2;0;2
"jacques martin";2;0;2
"jardin-botanique";2;0;2
"jep";2;0;2
"jeu-video";2;0;2
"jeux en ligne";2;0;2
"journee";2;0;2
"juge";1;1;2
"jusque";2;0;2
"justice-administrative";1;1;2
"kel";1;1;2
"kelquartier";1;1;2
"kilometrage";2;0;2
"knight-foundation";2;0;2
"l-acces";2;0;2
"ladministration";2;0;2
"laitieres";2;0;2
"laitiers";2;0;2
"langues";2;0;2
"lapins";2;0;2
"legales";1;1;2
"legume-a-racine";2;0;2
"letranger";2;0;2
"liberalite";2;0;2
"libertic";2;0;2
"licence-payante";2;0;2
"limites-de-voies";2;0;2
"liquidation-de-societe";2;0;2
"lit";2;0;2
"lit-hospitalier";2;0;2
"littérature";1;1;2
"logistique";2;0;2
"loi pinel";1;1;2
"longueur";2;0;2
"loto";1;1;2
"louviers";2;0;2
"luxembourg";2;0;2
"luz";2;0;2
"lyceen";2;0;2
"m-n";2;0;2
"maastricht";2;0;2
"machinerie";2;0;2
"machines";2;0;2
"magazines";2;0;2
"maison-accueil-personne-agee";2;0;2
"maison-des-adolescents";2;0;2
"maison-des-aines";2;0;2
"maladies cardio-vasculaires";1;1;2
"mali";1;1;2
"malnutrition";2;0;2
"management";2;0;2
"manque";2;0;2
"manufacturier";2;0;2
"manufacturieres";2;0;2
"marchands";2;0;2
"marche-de-plein-vent";2;0;2
"marche-du-gravail";2;0;2
"marchepublic";2;0;2
"marque-deposee";2;0;2
"masse";2;0;2
"masse-d-eau";2;0;2
"masseur-kinesitherapeute";2;0;2
"matchs";2;0;2
"matiere";2;0;2
"matieres";1;1;2
"matrimoniale";2;0;2
"matériel";2;0;2
"maximal";2;0;2
"maximums";2;0;2
"mdg";1;1;2
"mdg2015";1;1;2
"mecaniques";2;0;2
"medecine-chirurgie-obstetrique";2;0;2
"medecins-generalistes";1;1;2
"mediator";1;1;2
"melons";2;0;2
"menager";2;0;2
"mental";2;0;2
"mettre";2;0;2
"mineraux";2;0;2
"minimum";1;1;2
"minimum vieillesse";1;1;2
"ministre-delegue";2;0;2
"mixte";2;0;2
"mobilisation";2;0;2
"mod electronique";2;0;2
"mod électronique";2;0;2
"modale";2;0;2
"mode-occupation";2;0;2
"modes";2;0;2
"modèle numérique de terrain";2;0;2
"mois";1;1;2
"mondiale";1;1;2
"monnaie";1;1;2
"monumentales";2;0;2
"morbidite";2;0;2
"mortalite-evitable";2;0;2
"mortalite-infantile";1;1;2
"moteurs";2;0;2
"motif";2;0;2
"motocycles";2;0;2
"mouvement-sportif";1;1;2
"mre";2;0;2
"mtc";2;0;2
"municipales 2008";1;1;2
"murs";2;0;2
"métadonnées";2;0;2
"nature de fond";1;1;2
"naturelles";2;0;2
"necessaires";2;0;2
"necessitant";2;0;2
"nicotine";1;1;2
"nitreux";2;0;2
"niveaux caracteristiques";1;1;2
"niveaux-moyens";2;0;2
"niveuax";2;0;2
"noms";1;1;2
"non-rhst";2;0;2
"non-ue";2;0;2
"normal";2;0;2
"notaire";2;0;2
"notice-bibliographique";2;0;2
"nouveaux-cas";1;1;2
"nouvelle-zelande";1;1;2
"nouvelles-technologies";1;1;2
"nucleaire-civil";1;1;2
"objectif";2;0;2
"obligation";1;1;2
"obligations-de-service-public";1;1;2
"obstetricien";1;1;2
"obstructions";1;1;2
"occupant";2;0;2
"occupee";2;0;2
"occuper";2;0;2
"octroi";2;0;2
"officiel";1;1;2
"officielle";2;0;2
"officine-privee";1;1;2
"offres";1;1;2
"oliveraies";2;0;2
"ondam";2;0;2
"ong";1;1;2
"onu";2;0;2
"optimisme";2;0;2
"ordinateur";2;0;2
"ordre";2;0;2
"organisation-culturelle";1;1;2
"organise";2;0;2
"organismes-publics";1;1;2
"orthophoniste";2;0;2
"orthoptiste";2;0;2
"ouessant";1;1;2
"outward";2;0;2
"ovoproduits";2;0;2
"pacte-92";2;0;2
"paie";2;0;2
"paiement-a-la-performance";2;0;2
"panneaux-de-circulation-routiere";2;0;2
"par-departement";2;0;2
"paramedical";1;1;2
"paramedicaux";2;0;2
"parcours-buissonniers";2;0;2
"parcs-relais";2;0;2
"parkingsouterrain";1;1;2
"partiellement";2;0;2
"partis_politiques";1;1;2
"parts";2;0;2
"pass";2;0;2
"passagers";2;0;2
"pathologie";2;0;2
"patient";1;1;2
"patrimoine naturel";2;0;2
"patrimoine-immobilier";1;1;2
"patrimoine-religieux";1;1;2
"pedicure";2;0;2
"perequation";2;0;2
"perfectionnement";2;0;2
"performantes";2;0;2
"perinatalite";2;0;2
"personnalisee";2;0;2
"personnel-infirmier";1;1;2
"perte";2;0;2
"peuplee";2;0;2
"pge";2;0;2
"pharmacien";1;1;2
"phosphore";2;0;2
"photo aérienne";2;0;2
"photoaerienne";2;0;2
"photographies aériennes";2;0;2
"pieces";1;1;2
"pied";2;0;2
"pjl";2;0;2
"plan-agroenvironnemental";2;0;2
"planningcadastre";1;1;2
"plate-forme";2;0;2
"plus-nace";2;0;2
"poids";2;0;2
"points d intéret";1;1;2
"poires";2;0;2
"poiriers";2;0;2
"poker";1;1;2
"police-gendarmerie-crime-delits-statistiques";1;1;2
"politique-d-insertion";1;1;2
"politique-de-cooperation";1;1;2
"politique-de-l-audiovisuel";1;1;2
"politique-de-l-emploi";1;1;2
"politique-de-l-energie";1;1;2
"politique-de-la-famille";1;1;2
"politique-du-livre";1;1;2
"politique-familiale";1;1;2
"politique-industrielle";1;1;2
"politique-penitentiaire";1;1;2
"politique-portuaire";1;1;2
"politique-spatiale";1;1;2
"politique-urbaine";1;1;2
"politiques-communes";1;1;2
"politiques-europeennes";1;1;2
"pologne";1;1;2
"ponpignane";2;0;2
"population-scolaire";2;0;2
"porcins";2;0;2
"port-maritime";2;0;2
"portable";2;0;2
"ports-autonomes";1;1;2
"possdant";2;0;2
"postes-de-direction";1;1;2
"poteaux-a-feux";2;0;2
"potentielles";2;0;2
"poursuite";2;0;2
"pourvoir";1;1;2
"pouvoir-local";2;0;2
"pouvoirs-publics";1;1;2
"poésie";1;1;2
"pratiques";2;0;2
"pratiques phyto-sanitaires";2;0;2
"pratiques-amateurs";2;0;2
"precaution";2;0;2
"premier ministre";2;0;2
"presdientielles";2;0;2
"preservatifs";2;0;2
"presomption-d-innocence";1;1;2
"prestataire";2;0;2
"prestation-securite-sociale";1;1;2
"prestations-sociales";2;0;2
"prevention-des-risques";1;1;2
"prevention-sante";2;0;2
"prevu";2;0;2
"primes";2;0;2
"privacy";2;0;2
"prix des terres";2;0;2
"probabilite";2;0;2
"procedure-simplifiee";2;0;2
"production-de-legumes-frais";2;0;2
"produit-a-base-de-fruits";2;0;2
"produit-interieur-brut";2;0;2
"produits pétroliers";2;0;2
"professions liberales";1;1;2
"profits";2;0;2
"programmes politiques";1;1;2
"promotion-des-echanges";1;1;2
"propres";2;0;2
"proprietaire";1;1;2
"proprietaires";2;0;2
"protection-de-la-faune";2;0;2
"protection-juridique";1;1;2
"provenance";1;1;2
"préalable";1;1;2
"psychotropes";2;0;2
"pva";2;0;2
"pve";1;1;2
"père-lachaise";1;1;2
"pédagogie";2;0;2
"pédologie";1;1;2
"pôle de competitivité";2;0;2
"qr-code";2;0;2
"qualifications";2;0;2
"qualité de vie";1;1;2
"qualiville";2;0;2
"question-prioritaire-de-constitutionnalite";1;1;2
"raccordee";2;0;2
"rachats";2;0;2
"radioprotection";1;1;2
"radiosondage";1;1;2
"rapport-d-activites";2;0;2
"rapporte";2;0;2
"readaptation";2;0;2
"rebasees";2;0;2
"recherche clinique";2;0;2
"rechercher";2;0;2
"reconversion-professionnelle";1;1;2
"recourir";2;0;2
"recus";1;1;2
"recyclable";2;0;2
"redoublants";2;0;2
"reduction";2;0;2
"reechelonne";2;0;2
"reechelonnes";2;0;2
"reel";2;0;2
"reelles";2;0;2
"reels";2;0;2
"referentiel geographique littoral";1;1;2
"reforme-penale";1;1;2
"refroidissement";2;0;2
"regionales-vote";1;1;2
"reglement-ce-183-2005";2;0;2
"reinsertion";1;1;2
"relatifs";2;0;2
"relation-aerienne";2;0;2
"relations-exterieures";1;1;2
"relations-professionnelles";1;1;2
"remontees-nappes";2;0;2
"remplis";2;0;2
"rencontres";1;1;2
"rendements";1;1;2
"renoncement-soins";2;0;2
"rentrees";2;0;2
"reparation";2;0;2
"repere";2;0;2
"reperes fondamentaux";1;1;2
"representant";2;0;2
"reserve-biologique";1;1;2
"reserve-naturelle-regionale";2;0;2
"reside";2;0;2
"residence-de-tourisme";2;0;2
"residentielle";2;0;2
"resources";2;0;2
"responsabilites";2;0;2
"responsive-design";1;1;2
"ressources forestières";1;1;2
"resteraient";2;0;2
"restriction";2;0;2
"resultant";2;0;2
"resultat-de-l-exercice";2;0;2
"resultats du bac";2;0;2
"retrait";2;0;2
"revenu-liberal";2;0;2
"revenue";2;0;2
"revenus-modestes";2;0;2
"risque-industriel";1;1;2
"roman";2;0;2
"rougeole";1;1;2
"royaume-uni";1;1;2
"rpi";1;1;2
"rsa-activite";2;0;2
"rt-2012";2;0;2
"rénovation habitat";1;1;2
"répartition espèces";1;1;2
"réseau social";2;0;2
"résultat";1;1;2
"résultats du bep";2;0;2
"résultats du brevet des collèges";2;0;2
"résultats du bts";2;0;2
"résultats du cap";2;0;2
"sages-femmes";1;1;2
"sahara";2;0;2
"salmonelle";2;0;2
"samsah";2;0;2
"sanction";2;0;2
"sante-travail";2;0;2
"sarkozy";2;0;2
"satellite-photographie-montepllier";2;0;2
"satese";2;0;2
"saucisse";2;0;2
"saumon";1;1;2
"savs";2;0;2
"sciage";2;0;2
"sciages";2;0;2
"scientifiques";2;0;2
"secteur-d-activite";1;1;2
"secteur-privee";2;0;2
"secteur-publique";2;0;2
"secuite";2;0;2
"securite-interieure";1;1;2
"securite-nucleaire";1;1;2
"sediments";2;0;2
"sejour-hospitalier";2;0;2
"sejourne";2;0;2
"sejours-hospitaliers";2;0;2
"selection";1;1;2
"semitan";2;0;2
"serie";2;0;2
"service-de-documentation";2;0;2
"service-public-d-archives";2;0;2
"servicepublic";2;0;2
"services-de-l-eau";1;1;2
"services-postaux";1;1;2
"seuils";2;0;2
"seule";2;0;2
"sexes";1;1;2
"signalisation-touristique";2;0;2
"signatures";2;0;2
"signes de qualité";2;0;2
"sipperec";2;0;2
"sitadel2";1;1;2
"sites-classes";2;0;2
"sms";1;1;2
"sn";1;1;2
"socio-demographiques";1;1;2
"socio-economiques";2;0;2
"sociodemographie";2;0;2
"socolissimo";1;1;2
"soins-dentaires";2;0;2
"soins-longue-durée";2;0;2
"soit";2;0;2
"solde";2;0;2
"sorties-loisir";1;1;2
"sorties-nocturnes";2;0;2
"souffrent";1;1;2
"sourcing";1;1;2
"sous-traitance";2;0;2
"souterraine";1;1;2
"soutiens";2;0;2
"souvenirs";2;0;2
"sp95";1;1;2
"specialite-medicale";2;0;2
"spectateurs";2;0;2
"sphère culturelle";1;1;2
"sport-de-balle";1;1;2
"sport-professionnel";1;1;2
"ssiad";2;0;2
"standards";1;1;2
"stations-services";1;1;2
"statiss";2;0;2
"stockage-des-dechets";2;0;2
"strasplus";2;0;2
"succes";2;0;2
"sucrieres";2;0;2
"suffisance";2;0;2
"suicides";2;0;2
"suivant";2;0;2
"suivants";2;0;2
"superfice";2;0;2
"surcharge-ponderale";2;0;2
"surete-nucleaire";1;1;2
"surface-boisee";2;0;2
"survie";2;0;2
"sve";2;0;2
"syndicat-de-communes";2;0;2
"syndicats-d-eau-potable";2;0;2
"systeme-de-sante";1;1;2
"systeme-universitaire";1;1;2
"sédimentologie";2;0;2
"sénatoriales";1;1;2
"tarif de cubage";1;1;2
"taxes-foncieres";2;0;2
"tcheque";2;0;2
"techniciens";1;1;2
"technique";2;0;2
"telepac";2;0;2
"telephonique";1;1;2
"telephoniques";1;1;2
"temperament";2;0;2
"temple";2;0;2
"temporaire";2;0;2
"temporaires";2;0;2
"temps-de-parcours";1;1;2
"températures";2;0;2
"terre-labourable";2;0;2
"terres";2;0;2
"the";1;1;2
"tirage";2;0;2
"top";2;0;2
"tourime";1;1;2
"tourisme-de-masse";2;0;2
"touristes";1;1;2
"tra";1;1;2
"tracts";2;0;2
"traitement-de-l-eau";2;0;2
"traitment";2;0;2
"transformant";2;0;2
"transformes";2;0;2
"transigees";2;0;2
"transitions";2;0;2
"transports-maritime-et-fluvial";2;0;2
"travailleur";2;0;2
"tri-sac";1;1;2
"trimestrielle";2;0;2
"troc";1;1;2
"trois";2;0;2
"trouver";1;1;2
"tuees";2;0;2
"tvs";2;0;2
"téléphoniques";1;1;2
"uem";2;0;2
"ufo";2;0;2
"union";2;0;2
"unite-de-betail";2;0;2
"unite-soins-longue-duree";2;0;2
"unites-video-vendues";2;0;2
"usage des sols";1;1;2
"usld";2;0;2
"uterus";2;0;2
"utile";2;0;2
"utilisations";2;0;2
"utilises";2;0;2
"utilite";1;1;2
"vacants";1;1;2
"vaches";2;0;2
"vague";1;1;2
"val-de-saone";2;0;2
"valables";2;0;2
"valeurs";2;0;2
"validite";2;0;2
"vandalisme";2;0;2
"vapotage";2;0;2
"varietes";2;0;2
"veille-sanitaire";1;1;2
"venerables";2;0;2
"ventilee";2;0;2
"verdure";2;0;2
"verglas";2;0;2
"veterans";2;0;2
"veterinaire";1;1;2
"victimes";2;0;2
"videocassette";2;0;2
"videotheques";2;0;2
"vie associative";2;0;2
"vie politique";2;0;2
"vie_politique";1;1;2
"vieillissement-population";2;0;2
"vignobles";1;1;2
"vis-a-vis";2;0;2
"visant";2;0;2
"visibilite";1;1;2
"vivant";1;1;2
"vod";2;0;2
"volailles-et-lapins";1;1;2
"vsl";2;0;2
"vulnerables";2;0;2
"week-ends";2;0;2
"wifi paris";1;1;2
"world-bank";1;1;2
"wwf";1;1;2
"zero hydrographique";1;1;2
"zone-emploi";2;0;2
"zone-industrielle";2;0;2
"zone-vulnerable";2;0;2
"zones-bleues";2;0;2
"zones-submersibles";2;0;2
"zonescolaire";2;0;2
"écrans";1;1;2
"écrans cinéma";2;0;2
"égalité hommes-femmes";1;1;2
"épandage";2;0;2
"épaves";1;1;2
"équidés";1;1;2
"jorf";0;2;2
"journees-europeennes-du-patrimoine-2012";0;2;2
"journees-patrimoine-2012";0;2;2
"rff";1;1;2
"90-539-CEE";2;0;2
"91-68-CEE";2;0;2
"AM-08-06-06";2;0;2
"Aquaculture";2;0;2
"Collecte-de-lait";2;0;2
"DA-c-sosser";2;0;2
"Escargots";2;0;2
"Etablissements-enregristrxs";2;0;2
"Gelatine";2;0;2
"Gibiers-dxlevage";2;0;2
"Gibiers-sauvage";2;0;2
"PAche";2;0;2
"Repas";2;0;2
"Rxglement-CE-183-2005";2;0;2
"Viande";2;0;2
"autorisation-de-mise-sur-le-marche";2;0;2
"dosage";2;0;2
"dose-homologation";2;0;2
"phases-de-risque";2;0;2
"alimentation-eau-potable";2;0;2
"bibliothèques";1;1;2
"lorenz";0;2;2
"histoire de france";1;1;2
"objets mobiliers";1;1;2
"vocabulaire";1;1;2
"data-utile";1;1;2
"qualite-eau";1;1;2
"logements éligibles";1;1;2
"très haut débit";1;1;2
"code du travail";0;2;2
"chaussure";2;0;2
"aidants";1;1;2
"comparateur credit auto";1;1;2
"credit auto 0";1;1;2
"sodetrel";2;0;2
"meilleur taux credit auto";1;1;2
"simulation credit";1;1;2
"simulation pret";1;1;2
"inegalite-de-sante";2;0;2
"coface";1;1;2
"périmètres";2;0;2
"urbanismes";2;0;2
"nom de rue";1;1;2
"affluence";2;0;2
"simulation emprunt";2;0;2
"cio";1;1;2
"communauté";1;1;2
"filtrage";0;2;2
"téléchargement";1;1;2
"à la demande";2;0;2
"téléphonie mobile";0;2;2
"performance publique";2;0;2
"art déco";2;0;2
"émetteurs";2;0;2
"antennes mobiles";0;2;2
"innovation sociale";1;1;2
"code-barres";0;2;2
"automédication";1;1;2
"corbeil-essonnes";2;0;2
"fusion des régions";1;1;2
"insertion professionnelle";0;2;2
"sp98";0;2;2
"remembrement";0;2;2
"boire";2;0;2
"robinet";2;0;2
"segment";2;0;2
"ddj";0;2;2
"élections professionnelles";1;1;2
"quartier-en-difficulte";2;0;2
"mue";2;0;2
"bnf";2;0;2
"océanographie";2;0;2
"prévisions";2;0;2
"services techniques";2;0;2
"distributeurs de billets";2;0;2
"fontaines à eau";2;0;2
"bureaux de poste";2;0;2
"google";1;1;2
"europe-centrale";0;2;2
"aires de jeux";1;1;2
"thermographie";1;1;2
"artistique";2;0;2
"collecte-sélective";2;0;2
"ohq";2;0;2
"toutounet";2;0;2
"restauration rapide";2;0;2
"agence immobilière";1;1;2
"temps-réel";2;0;2
"elections municipales";1;1;2
"ludothèque";2;0;2
"médiathèque";2;0;2
"bureau de poste";2;0;2
"intérim";2;0;2
"bricolage";1;1;2
"plomberie";1;1;2
"parfumeries";1;1;2
"equipements-sociaux-medicaux";2;0;2
"lieux-de-culte";2;0;2
"assurance santé";2;0;2
"départements français";2;0;2
"mutuelle santé";2;0;2
"mutuelle";1;1;2
"surendettement";1;1;2
"university";1;1;2
"deci";2;0;2
"code civil";0;2;2
"ipad";0;2;2
"rpls";2;0;2
"lpp";1;1;2
"onomastique";0;2;2
"expatriés";0;2;2
"secteur maternelle";2;0;2
"secteur élémentaire";2;0;2
"squares";2;0;2
"personnes agées";2;0;2
"population agées";2;0;2
"représentation syndicale";2;0;2
"admission post bac";0;2;2
"chèque taxi";2;0;2
"forfait amethyste";2;0;2
"groupe-scolaire";2;0;2
"mise-en-valeur";2;0;2
"prevention-des-risques-naturels";2;0;2
"proprete-urbaine";2;0;2
"reseau-electronique-d-information";2;0;2
"slan-de-sauvegarde-et-mise-en-valeur";2;0;2
"vestiges";2;0;2
"cybersécurité";1;1;2
"fonds aide généraliste";2;0;2
"menages avec enfants";2;0;2
"projets de ville";2;0;2
"trafic routier";2;0;2
"voyance amour gratuite";2;0;2
"voyance amoureuse";2;0;2
"equilibre";1;1;2
"voyance gratuite par tchat";2;0;2
"voyance par tchat";2;0;2
"assistants maternels";2;0;2
"protection infantile";2;0;2
"prévention spécialisée";2;0;2
"abattement";2;0;2
"bassin loire-bretagne";2;0;2
"allocation compensatrice tierce personne";2;0;2
"prestation de compensation du handicap";2;0;2
"privé";2;0;2
"itinéraires";2;0;2
"tiers lieu";1;1;2
"aber";2;0;2
"flore-opportuniste";2;0;2
"milieu-biologique-especes-especes-proliferantes-indesirables";1;1;2
"manche-mer-du-nord";2;0;2
"abcis";2;0;2
"gestion-de-la-peche";2;0;2
"balances";2;0;2
"depannage";1;1;2
"élection présidentielle 2012";2;0;2
"élections législatives 2012";2;0;2
"élections cantonales 2011";2;0;2
"élections régionales 2010";2;0;2
"élections européennes 2009";2;0;2
"élections cantonales 2008";2;0;2
"élection présidentielle 2007";2;0;2
"élections législatives 2007";2;0;2
"élections régionales 2004";2;0;2
"élections européennes 2004";2;0;2
"élections cantonales 2004";2;0;2
"élection présidentielle 2002";2;0;2
"élections législative 2002";2;0;2
"2000";2;0;2
"référendum 2000";2;0;2
"élection cantonale 2001";2;0;2
"1999";2;0;2
"élections européennes 1999";2;0;2
"1994";2;0;2
"acces-a-la-mer";2;0;2
"activite-economique-autres";2;0;2
"amenagement-de-la-zone-littorale";2;0;2
"belle-isle-en-terre";2;0;2
"collecte-de-dechet";2;0;2
"controle-de-la-circulation";2;0;2
"coquillages";2;0;2
"eau-de-baignade";2;0;2
"exploitation-des-oceans";2;0;2
"gouarec";2;0;2
"ipli";2;0;2
"mobilite-transport-autres";2;0;2
"mobilite-transport-transport-maritime-et-fluvial";2;0;2
"plancoet";2;0;2
"plongee";1;1;2
"plu-35";2;0;2
"pontrieux";2;0;2
"protection-de-biotope";2;0;2
"secteur-de-recutement";2;0;2
"anmv";2;0;2
"gip-e-bourgogne";2;0;2
"total";2;0;2
"openlayers";0;2;2
"référencement";1;1;2
"seo";1;1;2
"tavaco";2;0;2
" activités économiques";2;0;2
" eau potable";2;0;2
" les déplacements professionnels";2;0;2
" montpellier ";2;0;2
" plan";2;0;2
" sport";2;0;2
"AFNOR";2;0;2
"Abris";2;0;2
"Achat";2;0;2
"Arbres";2;0;2
"Arrets";2;0;2
"Banc";2;0;2
"Barcelone";2;0;2
"Barrière";2;0;2
"Batiment";2;0;2
"Bethléem";2;0;2
"Boites aux lettres";2;0;2
"Borne incendie";2;0;2
"CAF";2;0;2
"Camping";2;0;2
"Chengdu";2;0;2
"Col";2;0;2
"Croix";2;0;2
"DUP";2;0;2
"Douche";2;0;2
"Défibrillateur";2;0;2
"EU";2;0;2
"Eolienne";2;0;2
"Espagne";2;0;2
"Frontière";2;0;2
"Fès";2;0;2
"Giratoire";2;0;2
"Grand cœur";2;0;2
"Grotte";2;0;2
"Heidelberg";2;0;2
"Kos";2;0;2
"Lampadaire";2;0;2
"Localité";2;0;2
"Louisville";2;0;2
"MAPA";2;0;2
"MNS";2;0;2
"MNT";2;0;2
"Magasin";2;0;2
"Modèle numérique de surface";2;0;2
"Modèle numérique de terrain";2;0;2
"Montagne";2;0;2
"OPAH";2;0;2
"Parc";2;0;2
"Passage à niveau";2;0;2
"Passages piétons";2;0;2
"Piscine";2;0;2
"Plan";2;0;2
"Point de vue";2;0;2
"Point géodésique";2;0;2
"Ponpignane";2;0;2
"Poubelle";2;0;2
"Puits";2;0;2
"QualiVille";2;0;2
"Restaurant";2;0;2
"Rio de Janeiro";2;0;2
"Route";2;0;2
"SNCF";2;0;2
"Sherbrooke";2;0;2
"Source";2;0;2
"Sport";2;0;2
"THT";2;0;2
"Taxi";2;0;2
"Tibériade";2;0;2
"Tlemcen";2;0;2
"Toilette";2;0;2
"Tour de France";2;0;2
"Tourisme";2;0;2
"Téléphone";2;0;2
"UFO";2;0;2
"Vidéo protection";2;0;2
"Ville sans limite";2;0;2
"WC";2;0;2
"ZPPAUP";2;0;2
"Zoo";2;0;2
"action sociale";2;0;2
"aire piétonne";2;0;2
"aménagement urbain";2;0;2
"banc public";2;0;2
"bassin versant";2;0;2
"batîment";2;0;2
"caméras";2;0;2
"canton ";2;0;2
"capitelle";2;0;2
"chaussée";2;0;2
"cheminement trottoir";2;0;2
"citerne";2;0;2
"clapas";2;0;2
"compte rendu";2;0;2
"courbes de niveau";2;0;2
"course à pied";2;0;2
"distributeur de billet";2;0;2
"donnée sociodémographique";2;0;2
"douche publique";2;0;2
"décisions";2;0;2
"défibrillateur";2;0;2
"dénivelé";2;0;2
"enlèvement";2;0;2
"entrée ville";2;0;2
"etat civil";2;0;2
"feux rouges";2;0;2
"feux tricolores";2;0;2
"fourrière";2;0;2
"garrigue";2;0;2
"handicap ";2;0;2
"indice qualité air";2;0;2
"jardinière";2;0;2
"jardinières";2;0;2
"le logement";2;0;2
"lettre";2;0;2
"liberté";2;0;2
"mont";2;0;2
"mégalithes";2;0;2
"numéro de rue";2;0;2
"office de tourisme";2;0;2
"openstreemap";2;0;2
"permis de construire";2;0;2
"point haut";2;0;2
"procès verbal";2;0;2
"péage";2;0;2
"reportage";2;0;2
"rivières";2;0;2
"sens de circulation";2;0;2
"site de proximité";2;0;2
"site hébergement";2;0;2
"sites classés";2;0;2
"sites inscrits";2;0;2
"sociodémographie";2;0;2
"sommet";2;0;2
"sous-quartier";2;0;2
"station métrologique";2;0;2
"terrain de sport";2;0;2
"toponyme ";2;0;2
"téléphone public";2;0;2
"voies privées";2;0;2
"végétaux";2;0;2
"zone piétonnière";2;0;2
"échange";2;0;2
"écusson";2;0;2
"équipement sportif";2;0;2
"étape";2;0;2
"événement sportif";2;0;2
"chrs";2;0;2
"nc8";2;0;2
"fiscalité douanière";2;0;2
"indirect";2;0;2
"serrurier";1;1;2
"serrurier paris";1;1;2
"fairplay renovation";1;1;2
"isolation comble";1;1;2
"isolation exterieur";1;1;2
"isolation toiture";1;1;2
"ite";1;1;2
"renovation energetique";1;1;2
"sarking";1;1;2
"rendez-vous aux jardins";1;1;2
"stereotypes-femme-homme";2;0;2
"vie-professionnelle";1;1;2
"délinquance";1;1;2
"rehabilitation";2;0;2
"ginseng";1;1;2
"vélib";0;2;2
"dependance-des-personnes-agees";2;0;2
"ressources pédagogiques";1;1;2
"unt";2;0;2
"futur en seine";1;1;2
"1-national-et-interregional";2;0;2
"etablissement-public-foncier-de-normandie";2;0;2
"reseau-energie-telecommunications";2;0;2
"git";0;2;2
"zde";2;0;2
"non-restreint";2;0;2
"contrôles";1;1;2
"nature-paysage-biodiversite-inventaire-nature-biodiversite";2;0;2
"zone-a-risque";2;0;2
"amenagement-urbanisme-zonages-etude";2;0;2
"industrie-laitiere";2;0;2
"masse-eau";2;0;2
"sites-industriels-tours-aerorefrigerantes";2;0;2
"hebdomadaire";2;0;2
"quotidien";2;0;2
"21-cote-d-or";2;0;2
"4-g";2;0;2
"amenagement-numerique-des-territoires";2;0;2
"conseil-departemental-21";2;0;2
"drjscs";2;0;2
"eau-masse-d-eau";2;0;2
"equipement-sportif-ou-culturel";2;0;2
"habitat-politique-de-la-ville";2;0;2
"crémation";2;0;2
"perspectives";2;0;2
"évolutions";2;0;2
"bodacc";1;1;2
"assurance-auto";1;1;2
"élections partielles";2;0;2
"réunion";1;1;2
"seances-publiques";2;0;2
"pld";2;0;2
"bandes-enherbees";2;0;2
"canalisations-d-eau-et-d-assainissement";2;0;2
"centres-de-reception-radio-electriques";2;0;2
"cormoran";2;0;2
"culture-societe-service-sante-social";2;0;2
"defrichement";2;0;2
"degagement-aerien";2;0;2
"depot-de-munition";2;0;2
"patrimoine-architectural-et-urbain";2;0;2
"plan-d-alignement";2;0;2
"tourbiere";2;0;2
"a-8";2;0;2
"bois-forets-et-dunes";2;0;2
"conseillers-regionaux";1;1;2
"i-4";2;0;2
"mesnil-martinsart";2;0;2
"mesures-agroenvironnementales";2;0;2
"plan-de-prevention-technologique";2;0;2
"pprt-de-mesnil-saint-nicaise-et-nesle";2;0;2
"prevention-risques-naturels-previsibles-ou-miniers";2;0;2
"protection-des-eaux";2;0;2
"zone-d-ativite";2;0;2
"bon-encontre";2;0;2
"casseneuil";2;0;2
"caudecoste";2;0;2
"frechou";2;0;2
"gaujac";2;0;2
"ledat";2;0;2
"monheurt";2;0;2
"nerac";2;0;2
"entite-territoriale";2;0;2
"foncier-sol-propriete-fonciere";2;0;2
"ansan";2;0;2
"arrouede";2;0;2
"auch";1;1;2
"aujan-mournede";2;0;2
"aurade";2;0;2
"aussos";2;0;2
"auterrive";2;0;2
"avensac";2;0;2
"bajonnette";2;0;2
"barcelonne-du-gers";2;0;2
"bazian";2;0;2
"beaupuy";2;0;2
"bedechan";2;0;2
"bellegarde";2;0;2
"betcave-aguin";2;0;2
"bezeril";2;0;2
"boulaur";2;0;2
"brugnens";2;0;2
"callian";2;0;2
"casteron";2;0;2
"castillon-debats";2;0;2
"cazaux-d-angles";2;0;2
"chelan";2;0;2
"clermont-saves";2;0;2
"encausse";2;0;2
"esclassan-labastide";2;0;2
"escorneboeuf";2;0;2
"espaon";2;0;2
"faget-abbatial";2;0;2
"fregouville";2;0;2
"gaujan";2;0;2
"gimont";2;0;2
"goutz";2;0;2
"isle-bouzon";2;0;2
"labastide-saves";2;0;2
"lahas";2;0;2
"lussan";2;0;2
"montegut";2;0;2
"mouchan";2;0;2
"participation-urbanisme";2;0;2
"pavie";2;0;2
"plan-local";2;0;2
"preignan";2;0;2
"retrait-gonflement";2;0;2
"sic";2;0;2
"transports-deplacements-transport-de-marchandise";2;0;2
"urbanisme-operationnel";2;0;2
"vic-fezensac";2;0;2
"zsc";2;0;2
"architectural";2;0;2
"narosse";2;0;2
"ca-montlucon";2;0;2
"ca-moulins";2;0;2
"ca-vichy";2;0;2
"vichy-val-d-allier";2;0;2
"vva";2;0;2
"diplôme";2;0;2
"fip";2;0;2
"bellejouanne";2;0;2
"blaiserie";2;0;2
"bois de st pierre";2;0;2
"centre aquatique";2;0;2
"ganterie";2;0;2
"joel potreau";2;0;2
"mairie annexe";2;0;2
"pass parasol";2;0;2
"transport gratuit";2;0;2
"ajutage";2;0;2
"alimentation-en-eau";2;0;2
"biotopes";2;0;2
"dechets-recyclables";2;0;2
"dessableur";2;0;2
"eglises";2;0;2
"etangs";2;0;2
"fourrière animale";2;0;2
"ouvrages-eau";2;0;2
"passerelles";2;0;2
"station-d-epuration-des-eaux-usees";2;0;2
"terrains-gens-du-voyage";2;0;2
"tombes";2;0;2
"tunnels";2;0;2
"zone-d-amenagement-concerte";2;0;2
"blessés";2;0;2
"fille";2;0;2
"garçons";1;1;2
"gravité";2;0;2
"reseau-pluvial";2;0;2
"tués";2;0;2
"données couvertes";2;0;2
"trafic-fluvial";2;0;2
"open law";1;1;2
"parkings-relais-parking-p-tram-tramway-tram-voiture-stationnement";2;0;2
"population-recensement-repartition-occupation-des-sols";2;0;2
"tam";2;0;2
"destinations-touristiques";2;0;2
"etat-sanitaire";2;0;2
"mobilite-transport-transport-aerien";2;0;2
"point-d-eau";2;0;2
"quai";2;0;2
"services-et-equipements-publics-administrations";2;0;2
"charron";2;0;2
"gestion-quantitative";2;0;2
"mouvement-terrain";2;0;2
"parc-locatif-social";2;0;2
"parc-logements";2;0;2
"poitou-charente";2;0;2
"pollution-chimique";1;1;2
"protection-de-l-eau";2;0;2
"ruptures-de-barrages";2;0;2
"services-etat";2;0;2
"site-de-production-d-energie";2;0;2
"station-de-surveillance";2;0;2
"submersions";2;0;2
"zones-inondables";2;0;2
"tchat voyance gratuit";2;0;2
"atlas régional";2;0;2
"montpellier-mediterranee-metropole";2;0;2
"bresil";1;1;2
"alfortville";2;0;2
"plaine-centrale";2;0;2
"pprt-plan-de-prevention-des-risques-technologiques";2;0;2
"bassin-vie";2;0;2
"nébulosité";2;0;2
"mahina";2;0;2
"aides-a-la-pierre";2;0;2
"b-1-b-2";2;0;2
"dalo";2;0;2
"installation-chimique";2;0;2
"logement-politique-de-la-ville-autres";2;0;2
"marche-de-l-habitat";2;0;2
"occupation-du-sol-sol-sous-sol-autres";2;0;2
"operations-programmees-de-l-habitat";2;0;2
"programme-d-action";2;0;2
"programme-de-conservation-des-especes";2;0;2
"reseau-de-mesure";2;0;2
"scellier";2;0;2
"schema-regional-eolien";2;0;2
"schemas-d-amenagement-et-de-gestion-des-eaux";2;0;2
"sre";2;0;2
"zar";2;0;2
"zone-tendue";2;0;2
"mobilité professionnelle";2;0;2
"reserve-boisee";2;0;2
"zone-speciale-conservation";2;0;2
"emplacement-reserve";2;0;2
"alliances";1;1;2
"aerorefrigerantes";2;0;2
"agendas-21";2;0;2
"anguilles";2;0;2
"modernisation-des-znieff";2;0;2
"ogs";2;0;2
"parc-national-des-pyrenees";2;0;2
"ramsar";2;0;2
"schema-de-coherence-territorial";2;0;2
"zp";2;0;2
"intelligence économique.";0;2;2
"dgccrf - consommation  plaintes";2;0;2
"champ-de-tir";2;0;2
"petite-region-agricole";2;0;2
"simplification";1;1;2
"googlemap";0;2;2
"sans-domiciles";2;0;2
"foret-milieu-vegetal";2;0;2
"capp";1;1;2
"cass";1;1;2
"éco2mix";1;1;2
"conseil-d-etat";1;1;2
"gestion-des-risques";2;0;2
"transport solide";2;0;2
"arrest";2;0;2
"athies";2;0;2
"bellancourt";2;0;2
"bovelles";2;0;2
"bussy-les-daours";2;0;2
"cagny";2;0;2
"clery-sur-somme";2;0;2
"estreboeuf";2;0;2
"fienvillers";2;0;2
"hailles";2;0;2
"hebecourt";2;0;2
"mericourt-l-abbe";2;0;2
"milieux-remarquables-biodiversite";2;0;2
"monchy-lagache";2;0;2
"mouflers";2;0;2
"neufmoulin";2;0;2
"pprm-montdidier";2;0;2
"prouzel";2;0;2
"quesnoy-le-montant";2;0;2
"rumigny";2;0;2
"saint-quentin-en-tourmont";2;0;2
"samatan";2;0;2
"usage-des-droits";2;0;2
"vecquemont";2;0;2
"ville-le-marclet";2;0;2
"medecine-sociale";2;0;2
"da-c-sosser";2;0;2
"dar";2;0;2
"etablissements-enregristrxs";2;0;2
"gibiers-dxlevage";2;0;2
"rxglement-ce-183-2005";2;0;2
"tests-sxrologiques";1;1;2
"prédiction";1;1;2
"bibus";2;0;2
"inrap";0;2;2
"cevennes";2;0;2
"mats";2;0;2
"e-santé";0;2;2
"médecine";1;1;2
"vidange";2;0;2
"bassin versant expérimental";2;0;2
"européenne";2;0;2
"Effacement";2;0;2
"File d'attente";2;0;2
"Filières";2;0;2
"Flexibilité";2;0;2
"Flux";2;0;2
"Jour";2;0;2
"MA";2;0;2
"NEBEF";2;0;2
"Raccordement";2;0;2
"Régions";2;0;2
"alt";2;0;2
"anteriorite";2;0;2
"celibataire";1;1;2
"colca";2;0;2
"marché de l'électricité";2;0;2
"personnes-couvertes";2;0;2
"tous-regimes";2;0;2
"verses";2;0;2
"programme-d-actions-de-prevention";2;0;2
"zone-exposee";2;0;2
"zones-reglementees";2;0;2
"dom-com";2;0;2
"état 4001";2;0;2
"ammonium";2;0;2
"communaute-d-agglomeration";2;0;2
"grenelle";2;0;2
"ill-nappe-rhin";2;0;2
"piezometre";2;0;2
"schema-d-amenagement-et-de-sestion-des-eaux";2;0;2
"neo4j";0;2;2
"tribunaux de commerce";2;0;2
"assurance chômage";2;0;2
"creuse";1;1;2
"haute-vienne";1;1;2
"apul";2;0;2
"rgc";2;0;2
"cocomodel";0;2;2
"future";0;2;2
"zi";2;0;2
"aéroport";1;1;2
"radio-électrique";2;0;2
"préfecture";2;0;2
"inondable";2;0;2
"retenue";2;0;2
"arrêts maladie";2;0;2
"régime général";2;0;2
"entreprise batiment";0;2;2
"démarche";2;0;2
"polynésie";2;0;2
"procédure";2;0;2
"pfalzerwald";2;0;2
"copernicus";2;0;2
"médication";0;2;2
"Points de vente";2;0;2
"RER";2;0;2
"Infrastructure";2;0;2
"Ligne";2;0;2
"Litiges";2;0;2
"Médiateur";2;0;2
"OpenStreetMap";2;0;2
"Passages à niveau";2;0;2
"comptage et flux";2;0;2
"panneaux solaires";1;1;2
"brigades";2;0;2
"carottages";2;0;2
"histoire des arts";2;0;2
"institution culturelle";2;0;2
"pédagogique";2;0;2
"impact administratif et territorial";0;2;2
"tournée";0;2;2
"reichstett";2;0;2
"higher  education";1;1;2
"carte de france";0;2;2
"prostate";1;1;2
"aide à la presse";2;0;2
"énergies renouvelables";1;1;2
"enseignes";2;0;2
"encombrement";2;0;2
"cote-de-granit-rose";2;0;2
"estuaire-de-la-vilaine";2;0;2
"guisseny";2;0;2
"habitat-benthos-typologie-natura-2000-intertidal-cartographie-rebent";2;0;2
"herbier";2;0;2
"ile-tome";2;0;2
"intertidal-subtidal";2;0;2
"kerlouan";2;0;2
"mer-iroise";2;0;2
"milieu-physique-geologie-sedimentologie-nature-des-fonds";2;0;2
"plouguerneau";2;0;2
"sediment-marin";2;0;2
"tanne";2;0;2
"aber-benoit";2;0;2
"aber-wrac-h";2;0;2
"corsen";2;0;2
"etat-de-mer";2;0;2
"goulven";2;0;2
"hydrodynamisme";2;0;2
"keremma";2;0;2
"le-conquet";2;0;2
"phytobenthos";2;0;2
"ria";2;0;2
".fr";2;0;2
"afnic";2;0;2
"whois";2;0;2
"shp";1;1;2
"cotation";2;0;2
"viandes rouges";2;0;2
"aire-alimentation-captage";2;0;2
"april";0;2;2
"archivage électronique";2;0;2
"politique culturelle";2;0;2
"communes nouvelles";1;1;2
"labfab";2;0;2
"tierslieux";2;0;2
"delimitations";2;0;2
"planimetrie";2;0;2
"carquefou-44026";2;0;2
"famille-social-sante";2;0;2
"grande distribution";0;2;2
"location appartement";2;0;2
"sgami";1;1;2
" recette";2;0;2
"1875";2;0;2
"3";2;0;2
"3ieme";2;0;2
"alloué";2;0;2
"ausonnelle";2;0;2
"bilan financier";2;0;2
"binômes";2;0;2
"boir";2;0;2
"bouconne";2;0;2
"buvable";2;0;2
"colomiers";2;0;2
"libelle";2;0;2
"mjc";2;0;2
"patin";2;0;2
"plat";2;0;2
"poche";2;0;2
"preparation";2;0;2
"reflexivite";2;0;2
"réalisation";2;0;2
"trasport";2;0;2
"moneo";2;0;2
"timbre";2;0;2
"code insee";2;0;2
"taxref";1;1;2
"école élémentaire";2;0;2
"régie";2;0;2
"syndicat energies vienne";2;0;2
"tout venant";2;0;2
"non cadre";2;0;2
"contrat de travail";2;0;2
"dragage";2;0;2
"droit-des-sols";2;0;2
"espace-public-autres";2;0;2
"foncier-et-droit-des-sols";2;0;2
"occupation-du-sol-sol-sous-sol-sol-et-sous-sol";2;0;2
"referentiels-topographie-et-tres-grande-echelle";2;0;2
"discontinuites";2;0;2
"fragmentations";2;0;2
"obstacles-ferroviaires";2;0;2
"obstacles-routiers";2;0;2
"afaf";1;1;2
"société civile de placement immobilier";2;0;2
"20e-siecle";2;0;2
"25-49-ans";2;0;2
"3ieme-circonscription";2;0;2
"a-la-demande";2;0;2
"accident-corporel";2;0;2
"acte-de-deces";1;1;2
"activites-sportives";1;1;2
"aire-pietonne";2;0;2
"alimentation-animale";2;0;2
"allocation-compensatrice-tierce-personne";2;0;2
"allocation-de-solidarite-aux-personnes-agees";1;1;2
"appel-a-projets";2;0;2
"archipel-molene";1;1;2
"archivage-electronique";2;0;2
"arrets-maladie";2;0;2
"arts-numeriques";1;1;2
"aucamville";2;0;2
"aussonne";2;0;2
"barcelone";2;0;2
"bassin-versant-experimental";2;0;2
"bassins-scolaires";2;0;2
"beaute";1;1;2
"beauzelle";2;0;2
"bethleem";2;0;2
"biocapacite";1;1;2
"bois-de-st-pierre";2;0;2
"borne-incendie";2;0;2
"bruguieres";2;0;2
"budget-2016";2;0;2
"carte-ancienne";1;1;2
"carte-marine";2;0;2
"castelginest";2;0;2
"categorie-abc";2;0;2
"celebration";2;0;2
"centre-pompidou";2;0;2
"centres-investigateur";2;0;2
"changement-de-residence";2;0;2
"changeur-de-monnaie";2;0;2
"chaussee-degradee";2;0;2
"cheminement-trottoir";2;0;2
"chengdu";2;0;2
"cheque-taxi";2;0;2
"clevacances";2;0;2
"col";2;0;2
"communications-electroniques";2;0;2
"comptes-de-resultats";2;0;2
"conges";2;0;2
"constructeur-maison";1;1;2
"cooperatives";2;0;2
"cornebarrieu";2;0;2
"coupe-du-monde";1;1;2
"cours-des-comptes";1;1;2
"course-a-pied";2;0;2
"credit-auto";2;0;2
"credit-auto-pas-cher";2;0;2
"crue-soudaine";1;1;2
"culture-et-communication";2;0;2
"deces-domicilies";2;0;2
"dejections-animales";2;0;2
"dendrometrie";1;1;2
"depot-legal";2;0;2
"deux-roues-motorisees";2;0;2
"dgccrf-consommation-plaintes";2;0;2
"distributeur-de-billet";2;0;2
"donnee-sociodemographique";2;0;2
"donnees-couvertes";2;0;2
"douche-publique";2;0;2
"ecrans-cinema";2;0;2
"election-europeenne";2;0;2
"election-presidentielle-2007";2;0;2
"election-presidentielle-2012";2;0;2
"elections-europeennes-2009";2;0;2
"elections-municipales-2008";2;0;2
"elections-senatoriales";2;0;2
"electricite-seine-aval";1;1;2
"electromagnetique";2;0;2
"emetteurs";2;0;2
"enlevement";2;0;2
"entree-ville";2;0;2
"epoux";2;0;2
"evenement-sportif";2;0;2
"fenouillet";2;0;2
"fes";2;0;2
"fete-du-cinema";2;0;2
"feux-rouges";2;0;2
"fonbeauzard";2;0;2
"fonds-aide-generaliste";2;0;2
"fonds-europeens";2;0;2
"fontaines-a-eau";2;0;2
"forfait-amethyste";2;0;2
"formalites-administratives";1;1;2
"fourriere-animale";2;0;2
"foyer-fiscal";2;0;2
"fr";2;0;2
"frais-cabinet";1;1;2
"francaise";1;1;2
"france-info";2;0;2
"france-inter";2;0;2
"gagnac-sur-garonne";2;0;2
"garcon";2;0;2
"gites-de-france";2;0;2
"grand-cur";2;0;2
"grand-toulouse";2;0;2
"grandes-ecoles";1;1;2
"gratentour";2;0;2
"heidelberg";2;0;2
"heure-limite-de-depot";2;0;2
"histoire-de-france";1;1;2
"humidite-du-sol";2;0;2
"imagerie-aerienne";2;0;2
"indice-qualite-air";2;0;2
"institution-culturelle";2;0;2
"institutionnel";2;0;2
"inventaire-forestier-national";1;1;2
"investissements-d-avenir";1;1;2
"jeune-entreprise-innovante";1;1;2
"jeux-video";2;0;2
"joel-potreau";2;0;2
"kilometrique";2;0;2
"kos";2;0;2
"launaguet";2;0;2
"le-logement";2;0;2
"les-deplacements-professionnels";2;0;2
"lespinasse";2;0;2
"litiges";2;0;2
"location-appartement";2;0;2
"logements-eligibles";1;1;2
"loi-pinel";1;1;2
"louisville";2;0;2
"mairies-annexes";2;0;2
"mairies-de-quartier";2;0;2
"maladies-cardio-vasculaires";1;1;2
"marque-francaise";2;0;2
"materiel-agricole";1;1;2
"mecanisme-dajustement-ma";2;0;2
"megalithes";2;0;2
"menages-avec-enfants";2;0;2
"mod-electronique";2;0;2
"mod-mecanique";2;0;2
"modele-numerique-de-surface";2;0;2
"moyens-materiels";2;0;2
"municipales-2008";1;1;2
"nature-de-fond";1;1;2
"numero-de-rue";2;0;2
"objectifs-du-millenaire";2;0;2
"oceanographie";2;0;2
"open-law";1;1;2
"pad";2;0;2
"pedagogique";2;0;2
"petite-echelle";2;0;2
"plan-comptable";1;1;2
"plan-de-zonage";2;0;2
"plan-france-tres-haut-debit";1;1;2
"plein-air";2;0;2
"plein-vent";2;0;2
"poesie";1;1;2
"point-geodesique";2;0;2
"point-haut";2;0;2
"points-de-vente";2;0;2
"pole-de-competitivite";2;0;2
"politique-culturelle";2;0;2
"population-agees";2;0;2
"pratiques-phyto-sanitaires";2;0;2
"pret-auto";2;0;2
"preteurs";2;0;2
"prix-des-terres";2;0;2
"prix-en-euros-hors-tva";2;0;2
"prix-en-euros-ttc";2;0;2
"prix-mutuelle";1;1;2
"professions-liberales";1;1;2
"programmes-politiques";1;1;2
"projets-de-ville";2;0;2
"protection-infantile";2;0;2
"puits";2;0;2
"rachat-de-credit";1;1;2
"reception";2;0;2
"referencement";1;1;2
"referentiel-geographique-littoral";1;1;2
"regioanles";2;0;2
"rendez-vous-aux-jardins";1;1;2
"repartition-especes";1;1;2
"repertoire-national-des-elus";1;1;2
"representants-interets";2;0;2
"responsable-dequilibre-re";2;0;2
"ressources-forestieres";1;1;2
"resultat-global";2;0;2
"resultats-du-bac";2;0;2
"resultats-du-bep";2;0;2
"resultats-du-brevet-des-colleges";2;0;2
"resultats-du-bts";2;0;2
"resultats-du-cap";2;0;2
"rio-de-janeiro";2;0;2
"risques-chimiques";2;0;2
"risques-professionnels";2;0;2
"saint-alban";2;0;2
"saint-jory";2;0;2
"salles-cinema";2;0;2
"sanitaire-et-social";2;0;2
"secteur-elementaire";2;0;2
"secteur-maternelle";2;0;2
"secteurs-scolaires";2;0;2
"seilh";2;0;2
"seminaire";2;0;2
"separation";2;0;2
"serrurier-paris";1;1;2
"sherbrooke";2;0;2
"signes-de-qualite";2;0;2
"simulation-credit";2;0;2
"simulation-credit-auto";2;0;2
"site-de-proximite";2;0;2
"site-hebergement";2;0;2
"societe-civile-de-placement-immobilier";2;0;2
"societe-de-production";2;0;2
"soins-longue-duree";2;0;2
"solde-commercial";1;1;2
"station-metrologique";2;0;2
"structures-accueil";2;0;2
"tarif-de-cubage";1;1;2
"telephone-public";2;0;2
"tht";2;0;2
"tiberiade";2;0;2
"tlemcen";2;0;2
"tour-de-france";2;0;2
"transport-solide";2;0;2
"transport-specialise";2;0;2
"vaccination-obligatoire";1;1;2
"viandes-rouges";2;0;2
"vie-publiquefr";2;0;2
"ville-sans-limite";2;0;2
"voie-rapide";2;0;2
"voies-privees";2;0;2
"voyance-amour";1;1;2
"voyance-gratuite-amour";1;1;2
"voyance-par-tchat";2;0;2
"zone-accumulation";2;0;2
"acces-au-numerique";1;1;2
"admission-post-bac";1;1;2
"affichage-dynamique";1;1;2
"amenagement-foncier";1;1;2
"arts-martiaux";1;1;2
"bd-carto";1;1;2
"carte-administrative";0;2;2
"cartographie-3d";0;2;2
"categorie-sociale";0;2;2
"code-civil";0;2;2
"conformite";1;1;2
"fouille-archeologiques";1;1;2
"impact-administratif-et-territorial";0;2;2
"lorient-agglo";1;1;2
"medication";0;2;2
"nouvelles-communes";0;2;2
"ondes-electromagnetiques";1;1;2
"panneaux-publicitaires";1;1;2
"prix-construction";0;2;2
"regions-administratives";1;1;2
"resultat-bac";0;2;2
"resultat-brevet";0;2;2
"resultats-examens";1;1;2
"semantique";1;1;2
"smart-city";0;2;2
"so-digital";1;1;2
"espace-remarquable";2;0;2
"information-du-public";2;0;2
"aires-alimentation-captages";2;0;2
"aires-de-protection-de-biotope";2;0;2
"alea-sismique";2;0;2
"avis-autorite-environnementale";2;0;2
"bassins-de-vie";2;0;2
"bfc";1;1;2
"biens-inscrits";2;0;2
"carthoteque";2;0;2
"corine-land-cover-2006";2;0;2
"ecoquartiers";2;0;2
"enveloppes-de-crues";2;0;2
"habitat-humain";2;0;2
"intercommunaux";2;0;2
"obstacles-a-l-ecoulement";2;0;2
"permeabilite";2;0;2
"politique-gouvernementale";2;0;2
"prggrammes-d-interet-general";2;0;2
"prioritaires";2;0;2
"regions-hydrographiques";2;0;2
"secteurs-hydrographiques";2;0;2
"societe-humaine";2;0;2
"societe-organisme";2;0;2
"ville-isolee";2;0;2
"zones-naturelles";2;0;2
"champs-libres";0;2;2
"culture-societe-service-equipement-sportif-ou-culturel";2;0;2
"zones-de-gestion-derestriction-ou-de-reglementation-et-unites-de-declaration";2;0;2
"algues";2;0;2
"chauves-souris";2;0;2
"dechets-non-dangereux";2;0;2
"demographie-et-population-recensement";2;0;2
"incinerateur";2;0;2
"labellisation";2;0;2
"machefers";2;0;2
"ordure-menageres";2;0;2
"orthophosphate";2;0;2
"phosphore-total";2;0;2
"recyclables-secs";2;0;2
"thermique";2;0;2
"uiom";2;0;2
"protection-de-la-foret";2;0;2
"structure-du-reseau";2;0;2
"mobility";2;0;2
"supermarche";1;1;2
"surfacique";2;0;2
"groupe-bpce";2;0;2
"covoiturage-toulouse";0;2;2
"selune";2;0;2
"agricultural-and-aquaculture-facilities";2;0;2
"elections-legislatives-partielles";2;0;2
"juges";0;2;2
"robot";1;1;2
"1945";2;0;2
"cdad";2;0;2
"coordinateurs";2;0;2
"css";2;0;2
"dg";2;0;2
"district";2;0;2
"geodesie-relief";2;0;2
"gerontologique";2;0;2
"grand";1;1;2
"ludotheques";2;0;2
"mare";2;0;2
"romaines";2;0;2
"ru";2;0;2
"sdic";2;0;2
"heroku";0;2;2
"mongodb";0;2;2
"fast-food";0;2;2
"nouvelles-regions-francaises";1;1;2
"avantage";2;0;2
"enclos";2;0;2
"sable";2;0;2
"estimation-immobiliere";1;1;2
"occupation-sol-agriculture-environnement-urbanisme";2;0;2
"mannequinat";0;2;2
"detecteur-de-monoxyde-de-carbone";0;2;2
"extincteur";1;1;2
"artisan-plombier-paris-15";2;0;2
"traitement-des-eaux";2;0;2
"cnamts";1;1;2
"sarde";1;1;2
"penurie";2;0;2
"debet";2;0;2
"gestion-de-fait";2;0;2
"rapports-administratifs";2;0;2
"rapports-publics-thematiques";2;0;2
"bep";0;2;2
"cartes-anciennes";1;1;2
"actes-juridiques";1;1;2
"artere";2;0;2
"anc";2;0;2
"agglomeration-communes";2;0;2
"gibier";2;0;2
"i-6";2;0;2
"int-1";2;0;2
"zru";2;0;2
"consultation-locale";2;0;2
"appels-a-projet";2;0;2
"creation-d-entreprises";2;0;2
"archives-ouvertes";2;0;2
"prodinra";2;0;2
"multi-aleas";2;0;2
"multirisque";2;0;2
"prescription-ponctuelle";2;0;2
"remontee-de-nappe";2;0;2
"zones-de-gestion-de-restriction-ou-dereglementation-et-unites-de-declaration";2;0;2
"freewifi";1;1;2
"pige-immobiliere";1;1;2
"customer";0;2;2
"evaluation-des-pertes";2;0;2
"pertes-modelisees";2;0;2
"reseau-enedis";2;0;2
"adoptions";2;0;2
"affichages-publicitaires";2;0;2
"canevas-geodesiques";2;0;2
"centres-de-planification-et-deducation-familiale";2;0;2
"conseil-conjugual";2;0;2
"ena";2;0;2
"espaces-naturels-associes";2;0;2
"ess";2;0;2
"exceptionnels";2;0;2
"gabarits";2;0;2
"halte-garderies";2;0;2
"mobiliers";2;0;2
"nomenclatures";2;0;2
"ouvertures";2;0;2
"personne-handicapees";2;0;2
"pluies";2;0;2
"pluviographes";2;0;2
"pluviometres";2;0;2
"rares";2;0;2
"reseaux-ferres";2;0;2
"altitude-de-vol";0;2;2
"carte-aerienne";1;1;2
"classes-moyennes";2;0;2
"economie-finances";2;0;2
"mesures-preventives";2;0;2
"montant-des-aides-individuelles-faj";2;0;2
"modele-etat-des-lieux";2;0;2
"plan-numerique";2;0;2
"bison-fute";2;0;2
"bouchons";2;0;2
"long-metrage";2;0;2
"pnrmr";2;0;2
"mecanisme-de-capacite";2;0;2
"necropole-nationale-cimetiere-militaire-monuments-aux-morts-morts-pour-la-france-memoire-memorial-1914-1918-1939-1945-trier-par";2;0;2
"faugeres";2;0;2
"election-presidentielle-1965";2;0;2
"dvb-t";2;0;2
"ism";2;0;2
"vhf";2;0;2
"saint-pern";2;0;2
"energy";2;0;2
"consignes-a-casque-gratuite";2;0;2
"freshmile";2;0;2
"kiwhi";2;0;2
"mains-lib";2;0;2
"parking-deux-roues-motorises";2;0;2
"parking-moto";2;0;2
"parking-motos";2;0;2
"parking-relais";2;0;2
"parkings-deux-roues-motorises";2;0;2
"benevole";2;0;2
"sde18";2;0;2
"comite-des-oeuvres-sociales";2;0;2
"comite-technique";2;0;2
"dge";1;1;2
"jo";2;0;2
"maisons-du-departement";2;0;2
"programme-de-protection-de-la-nature";2;0;2
"programme-environnemental";2;0;2
"reseau-de-biotope";2;0;2
"communaute-sportive";2;0;2
"reseau-social-des-sports";2;0;2
"ecouflant-49129";2;0;2
"longue-jumelles-49180";2;0;2
"noyant-49228";2;0;2
"trementines-49355";2;0;2
"carte-postale";2;0;2
"vegetalisation";2;0;2
"chiroptere";2;0;2
"zds";1;1;2
"matricule";2;0;2
"pv";2;0;2
"sediment";2;0;2
"interets-moratoires";1;1;2
"outil-en-ligne";1;1;2
"collecte-separative";2;0;2
"sous-produits";2;0;2
"zero-dechet-zero-gaspillage";1;1;2
"loi-allur";2;0;2
"escalator";2;0;2
"escalier-mecanique";2;0;2
"pole-service";2;0;2
"prochains";2;0;2
"plombier";1;1;2
"homme-a-tout-faire";2;0;2
"caractere-executoire";2;0;2
"entree-en-vigueur";2;0;2
"referens3";2;0;2
"agence-technique";2;0;2
"geotechnique";2;0;2
"description";1;1;2
"logements-locatifs";2;0;2
"semi-marathon";2;0;2
"consommation-et-production";2;0;2
"ligne-routiere-regionale";2;0;2
"avranches";2;0;2
"cherbourg-en-cotentin";2;0;2
"sdem50";2;0;2
"cge";1;1;2
"credoc";1;1;2
"administration-en-ligne";1;1;2
"barometre-du-numerique";1;1;2
"abbaye";2;0;2
"forfait-mobile";0;2;2
"operateur-telephonique";1;1;2
"clermont-communaute";2;0;2
"dechets-des-iaa";2;0;2
"etude-d-impact";1;1;2
"faunistique";2;0;2
"floristique";2;0;2
"plan-local-d-urbanisme-intercommunal";2;0;2
"refus-de-compostage";2;0;2
"refus-de-tri";2;0;2
"servitude-a-9";2;0;2
"servitude-pm-3";2;0;2
"sous-bassin";2;0;2
"niveaude-diffusion";2;0;2
"niveau-dediffusion";2;0;2
"contrat-local-d-initiative-climat";2;0;2
"operation-financiere";2;0;2
"biochemical-reaction";2;0;2
"biotype";2;0;2
"particle-size-analysis";2;0;2
"documents-d-urnanisme";2;0;2
"donnee-ouvertes";2;0;2
"mae-mesure-agro-environnementale";2;0;2
"peb";2;0;2
"plan-de-prevention-des-risques-d-inondation-ppri";2;0;2
"pos-plan-d-occupation-des-sols";2;0;2
"sites-archeologiques";2;0;2
"biochemical-reactions";2;0;2
"multidrug-resistant-s-maltophilia";2;0;2
"s-maltophilia-genotype";2;0;2
"sensitivity-pattern-of-antimicrobials";2;0;2
"stenotrophomonas-maltophilia";2;0;2
"stenotrophomonas-maltophilia-antibiotic-susceptibility";2;0;2
"stenotrophomonas-maltophilia-susceptibility";2;0;2
"ultraviolet-visible-spectroscopy";2;0;2
"btp";1;1;2
"date-reelle";2;0;2
"pl-ui";2;0;2
"ftir";2;0;2
"dendritic-cells";2;0;2
"immune-modulation";2;0;2
"papillon";2;0;2
"eolien-terrestre-energie-renouvelable-eolienne-mat";2;0;2
"granulats-terrestre-terrestres-carriere-carrieres-exploitation-extraction";2;0;2
"herbe";2;0;2
"16s-rdna-sequencing";2;0;2
"x-ray-diffraction-study";2;0;2
"decedes";2;0;2
"16s-rdna-analysis";2;0;2
"polymorphism";2;0;2
"rapd";2;0;2
"minimum-inhibitory-concentration";2;0;2
"sgar-auvergne-rhone-alpes";2;0;2
"clc";2;0;2
"biscuit";1;1;2
"doses";1;1;2
"pension-alimentaire";1;1;2
"villes-sans-limite";2;0;2
"branche-dactivite";2;0;2
"brasseries";2;0;2
"cafetarias";2;0;2
"commerce-des-animaux";2;0;2
"commerce-et-consommation";2;0;2
"competence-comportementale";2;0;2
"competence-operationnelle";2;0;2
"conseil-dadministration";2;0;2
"distribution-commerciale";2;0;2
"freebase";2;0;2
"jaces-2015";2;0;2
"mipnes";2;0;2
"modernisation";2;0;2
"passion-enseignement-et-pedagogie-dans-le-superieur";2;0;2
"pedr";2;0;2
"refugies";2;0;2
"savoir-etre";2;0;2
"stranes";2;0;2
"taille-dentreprise";2;0;2
"avis-environnemental";2;0;2
"villa";1;1;2
"sociologie";2;0;2
"modele-numerique-d-elevation-mne";2;0;2
"modele-numerique-de-terrain-mnt";2;0;2
"territoire-francais-grand-geneve";2;0;2
"tourisme-handicap";1;1;2
"antenne-de-police-administrative";2;0;2
"institut-medico-legal";2;0;2
"communaute-agglomeration";2;0;2
"controle-technique";2;0;2
"67";2;0;2
"emploi-formation-enseignement-recherche";2;0;2
"sentier-littoral";2;0;2
"sppl";2;0;2
"zmel";2;0;2
"2-normandie";2;0;2
"castets";2;0;2
"drt-castets";2;0;2
"autres-titres-fonciers";2;0;2
"referentiels-generiques";2;0;2
"atlas-de-la-mance";2;0;2
"atlas-du-coney";2;0;2
"basse-vallee";2;0;2
"cartographie-de-l-alea-retrait-gonflement-des-argiles-sur-la-commune-de-xxxxx-gers";2;0;2
"ddt-70";2;0;2
"dta";2;0;2
"gestion-forestiere";2;0;2
"liste-des-cours-d-eau";2;0;2
"mer-littoral-autres-activites";2;0;2
"nizas";2;0;2
"port-de-plaisance";2;0;2
"tri-du-mans";2;0;2
"zones-exposees";2;0;2
"booster";2;0;2
"acheteur";2;0;2
"acheminement";2;0;2
"cohortes";1;1;2
"nombre-deleves";2;0;2
"vacance-commerciale";1;1;2
"workshops";2;0;2
"ard-de-franche-comte";2;0;2
"centre-commercial";1;1;2
"petites-et-moyennes-entreprises";2;0;2
"bhs";2;0;2
"bibliotheque-dhistoire-sociale";2;0;2
"boris-souvarine";2;0;2
"la-souvarine";2;0;2
"optical-center";2;0;2
"thesaurus-liste-dautorite";2;0;2
"milieux-humides";2;0;2
"eti";2;0;2
"technologie-emergente";2;0;2
"ouverture-de-porte";1;1;2
"serrure";1;1;2
"habitat-social";2;0;2
"cit-ergie";2;0;2
"astrolabe-expeditions";2;0;2
"responsabilite";1;1;2
"eaux-de-surface";2;0;2
"hydromorphologie";2;0;2
"peuplement-classe";2;0;2
"filtre";1;1;2
"grandcahors";2;0;2
"arc-boise";2;0;2
"capricorne-asiatique-anoplophora-arbre-feuillu-sante-vegetale-alsace";2;0;2
"sharka-verger-prunus-sante-vegetale-alsace";2;0;2
"conduite-et-operations";2;0;2
"accessibilite-potentielle-locali";1;1;2
"agricultural-and-aquaculture-fac";2;0;2
"allocation-compensatrice-tierce-";2;0;2
"allocation-de-solidarite-aux-per";1;1;2
"allocation-personnalisee-dautono";2;0;2
"amenagement-numerique-du-territo";2;0;2
"atteinte-aux-droits-de-l-homme-e";1;1;2
"autorisation-de-mise-sur-le-marc";2;0;2
"canalisations-d-eau-et-d-assaini";2;0;2
"capricorne-asiatique-anoplophora";2;0;2
"caracteristiques-geographiques-o";1;1;2
"centres-de-reception-radio-elect";2;0;2
"certificat-complementaire-de-pro";2;0;2
"college-d-enseignement-specialis";2;0;2
"conseil-regional-territoire-de-p";2;0;2
"consommation-de-soins-et-de-bien";2;0;2
"contrat-local-d-initiative-clima";2;0;2
"cour-de-discipline-budgetaire-et";2;0;2
"culture-societe-service-equipeme";2;0;2
"culture-societe-service-patrimoi";2;0;2
"culture-societe-service-sante-so";2;0;2
"elections-legislatives-partielle";2;0;2
"emploi-formation-enseignement-re";2;0;2
"etablissement-public-foncier-de-";2;0;2
"formation-professionnelle-contin";1;1;2
"granulats-terrestre-terrestres-c";2;0;2
"habitat-benthos-typologie-natura";2;0;2
"interruptions-volontaires-de-gro";2;0;2
"logement-politique-de-la-ville-a";2;0;2
"logement-politique-de-la-ville-i";1;1;2
"milieu-biologique-especes-espece";1;1;2
"milieux-remarquables-biodiversit";2;0;2
"mobilite-transport-transport-aer";2;0;2
"montant-des-aides-individuelles-";2;0;2
"nature-paysage-biodiversite-inve";2;0;2
"occupation-du-sol-sol-sous-sol-a";2;0;2
"occupation-du-sol-sol-sous-sol-s";2;0;2
"occupation-sol-agriculture-envir";2;0;2
"operations-programmees-de-l-habi";2;0;2
"parkings-relais-parking-p-tram-t";2;0;2
"plan-de-prevention-des-risques-d";2;0;2
"plan-de-prevention-des-risques-p";2;0;2
"planification-et-documents-d-urb";2;0;2
"police-gendarmerie-crime-delits-";1;1;2
"pprt-plan-de-prevention-des-risq";2;0;2
"prestation-de-compensation-du-ha";2;0;2
"prevention-risques-naturels-prev";2;0;2
"programme-d-actions-de-preventio";2;0;2
"programme-de-protection-de-la-na";2;0;2
"protection-du-patrimoine-archite";2;0;2
"protection-maternelle-et-infanti";2;0;2
"question-prioritaire-de-constitu";1;1;2
"referentiel-geographique-littora";1;1;2
"referentiels-topographie-et-tres";2;0;2
"repartition-de-la-population-dem";2;0;2
"reseau-bornes-de-recharge-rapide";2;0;2
"reseau-electronique-d-informatio";2;0;2
"reseau-energie-telecommunication";2;0;2
"satellite-photographie-monteplli";2;0;2
"schema-d-amenagement-et-de-sesti";2;0;2
"schemas-d-amenagement-et-de-gest";2;0;2
"sharka-verger-prunus-sante-veget";2;0;2
"sites-industriels-tours-aerorefr";2;0;2
"station-d-epuration-des-eaux-use";2;0;2
"statistique-annuelle-des-etablis";1;1;2
"zones-de-gestion-derestriction-o";2;0;2
"impact-administratif-et-territor";0;2;2
"ddtm-17";2;0;2
"irrigations";2;0;2
"canton-limites-administratives";2;0;2
"second-degre-colleges-lycees";2;0;2
"equipement-agricole";2;0;2
"marniere";2;0;2
"produit-agricole";2;0;2
"132-communes";2;0;2
"agneaux";2;0;2
"captage-theme";2;0;2
"clermont";2;0;2
"epa";2;0;2
"huitres";2;0;2
"la-sauvetat-sur-lede";2;0;2
"legislatif";1;1;2
"levignen";2;0;2
"longueil-sainte-marie";2;0;2
"lyon-turin-ferroviaire";2;0;2
"lys-aval";2;0;2
"marquion";2;0;2
"noyon";2;0;2
"phares";2;0;2
"rsd";2;0;2
"sols-pollues";2;0;2
"sup-a-7";2;0;2
"villeton";2;0;2
"zones-portuaires";2;0;2
"limite-transversale-de-la-mer";2;0;2
"lse";1;1;2
"origine-risque-ppri-du-lay-aval";2;0;2
"pprl-enjeux-noirmoutier";2;0;2
"profils-ppri-sevre-nantaise";2;0;2
"repartition-des-eaux";2;0;2
"vendee-eau";2;0;2
"zonage-le-lay-ppri";2;0;2
"contrat-de-travail";2;0;2
"collecteurs";2;0;2
"boise";2;0;2
"co-voiturage";2;0;2
"parc-dactivites";2;0;2
"vlille";2;0;2
"sismique";2;0;2
"voyance-gratuite-immediate";2;0;2
"tregor";2;0;2
"virta";2;0;2
"drones";1;1;2
"high-tech";1;1;2
"cnu";2;0;2
"lecteur";2;0;2
"maitre-de-conferences";2;0;2
"personnels-superieur";2;0;2
"devis-travaux";0;2;2
"scrutins";0;2;2
"infogreffe";0;2;2
"bpi-france";2;0;2
"decoupages-administratifs";2;0;2
"perruches";2;0;2
"taens";2;0;2
"notre-dame";2;0;2
"hasard";1;1;2
"operations-exterieures";2;0;2
"opex";2;0;2
"sydego";2;0;2
"circulations-douces";2;0;2
"modes-doux";2;0;2
"alps";2;0;2
"valence";1;1;2
"fiche-metier";1;1;2
"sde07";1;1;2
"sded";1;1;2
"sedi";1;1;2
"etablissements-dhebergement-pour-personnes-agees-dependantes";2;0;2
"cambriolage";0;2;2
"centre-dinitiation-au-travail-et-aux-loisirs";2;0;2
"etablissement-et-service-daide-par-le-travail";2;0;2
"foyer-daccueil-medicalise";2;0;2
"service-daccompagnement-a-la-vie-sociale";2;0;2
"service-daccompagnement-medico-social-pour-adultes-handicapes";2;0;2
"entreprise-renovation";0;2;2
"entreprise-renovation-paris";0;2;2
"renovation-appartement";0;2;2
"renovation-maison";0;2;2
"ets";1;1;2
"responsables";1;1;2
"pas";2;0;2
"mesures-de-champ-electromagnerique";2;0;2
"ondes";2;0;2
"linked-data";0;2;2
"territoires-numeriques-bfc";2;0;2
"bonsecours";2;0;2
"blog";1;1;2
"presidence";1;1;2
"cartogramme";0;2;2
"resulat-election";1;1;2
"resultats-definitifs";2;0;2
"cerfa-10443";2;0;2
"sdusn";2;0;2
"spain";2;0;2
"mdef-rhone";2;0;2
"reliefs";2;0;2
"particitae";2;0;2
"resultats-bac";1;1;2
"upmc";2;0;2
"lacs";2;0;2
"cheval-fiscal";1;1;2
"prix-de-lor";1;1;2
"incertitude";2;0;2
"classements";1;1;2
"taux-de-pauvrete";1;1;2
"mdph";1;1;2
"saas";1;1;2
"avertissements";2;0;2
"formation-restreinte";2;0;2
"mises-en-demeure";2;0;2
"contrats-de-territoire";2;0;2
"prises-de-vues-aeriennes";2;0;2
"reechantillonnages";2;0;2
"fourreaux";2;0;2
"cchvc";2;0;2
"juridictions";2;0;2
"journal-officiel";1;1;2
"riches";0;2;2
"amenagement-de-peine";2;0;2
"droits-de-succession";1;1;2
"reseau-de-pistes-cyclables";2;0;2
"rocade";2;0;2
"vue-aerienne";2;0;2
"carte-dynamique";0;2;2
"cogugaison";0;2;2
"millesimes";0;2;2
"courses";1;1;2
"cget";2;0;2
"finalite";1;1;2
"unites-immobilieres";2;0;2
"boucle-verte";2;0;2
"compteurs";2;0;2
"fibres";2;0;2
"informations-surfaciques";2;0;2
"noeuds";2;0;2
"prescriptions-lineaires";2;0;2
"prescriptions-ponctuelles";2;0;2
"prescriptions-surfaciques";2;0;2
"recyclages";2;0;2
"toponymes";1;1;2
"cdps";2;0;2
"deiat";2;0;2
"segpa";2;0;2
"droit-dauteur";1;1;2
"legal-tech";0;2;2
"pilegaltech";0;2;2
"tal";0;2;2
"palais-de-justice";2;0;2
"orleans";1;1;2
"arbres-d-ornement";2;0;2
"pietonne";2;0;2
"immobilier-etat";1;1;2
"gratuite";2;0;2
"points-dinteret-touristique";2;0;2
"nombre-de-patients";0;2;2
"parts-de-marche";1;1;2
"accessible";2;0;2
"boulogne";2;0;2
"cannes";2;0;2
"jardinets";2;0;2
"recyclerie";2;0;2
"ressourcerie";2;0;2
"stationnement-mixte";2;0;2
"suffrages";2;0;2
"touriste";2;0;2
"fjt";2;0;2
"modulation";2;0;2
"tous";2;0;2
"acronyme";2;0;2
"aro";2;0;2
"avantages-au-personnel";2;0;2
"barometre-dimage";2;0;2
"capitaux-propres-recyclables";2;0;2
"charges-de-personnel";2;0;2
"chiffre-daffaire";2;0;2
"comite-dentreprise";2;0;2
"cours-de-marchandise";2;0;2
"data-toulouse-metropole";2;0;2
"derives-juste-valeur";2;0;2
"dette-court-terme";2;0;2
"digital-et-innovation";2;0;2
"echeancier-subventions";2;0;2
"ehb-donnes";2;0;2
"ehb-recus";2;0;2
"emprunts-aupres-des-etablissements-de-credit";2;0;2
"emprunts-sncf";2;0;2
"flux-de-tresorerie";2;0;2
"groupe-sncf";2;0;2
"image-sncf";2;0;2
"immobilisations-financieres";2;0;2
"maintenance";2;0;2
"marque-et-communication-externe";2;0;2
"production-immobilisee";2;0;2
"reprises";2;0;2
"sncf-mobilites";1;1;2
"tarifs-voyages";2;0;2
"tft";2;0;2
"tgvmax";1;1;2
"vitesse-maximale";2;0;2
"wi-fi";2;0;2
"consommer";2;0;2
"parking-partage";2;0;2
"plfm";2;0;2
"bilan-comptable";2;0;2
"examagri";1;1;2
"resultats-bep";1;1;2
"resultats-bts";1;1;2
"resultats-cap";1;1;2
"voies-navigables";2;0;2
"bruit-industriel";2;0;2
"contour-administratif";2;0;2
"service-de-prevision-des-crues";2;0;2
"ombre";2;0;2
"etat-proprietaire";2;0;2
"zonages-etudes";2;0;2
"structure-institutionnelle";2;0;2
"numero-surtaxe";1;1;2
"liste-des-ministres";2;0;2
"boutiques";2;0;2
"dangereuse";1;1;2
"dangerosite";1;1;2
"compte-administratif-2016";2;0;2
"montant-minimum";2;0;2
"boamp-fr";2;0;2
"simulateur-boamp";2;0;2
"etablissements-enregristra-c-s";2;0;2
"gibiers-da-c-levage";2;0;2
"ra-glement-ce-183-2005";2;0;2
"adherent";2;0;2
"arriere-pays";2;0;2
"art-naif";2;0;2
"complexe";2;0;2
"cystoseira";2;0;2
"dissolution";2;0;2
"etablissement-accueil";2;0;2
"gay";2;0;2
"homosexuel";2;0;2
"inhumation";2;0;2
"lascaris";2;0;2
"lesbien";2;0;2
"mamac";2;0;2
"mention";2;0;2
"metrologie";2;0;2
"observation-du-territoire";2;0;2
"plateau";2;0;2
"salle-de-sport";1;1;2
"shopping";2;0;2
"tablettes";1;1;2
"terra-amata";2;0;2
"5-mai-2017";2;0;2
"videos";1;1;2
"accelerateur";2;0;2
"hotel-dentreprises";2;0;2
"pharmaceutical-france";0;2;2
"presidence-de-la-republique";2;0;2
"critair";1;1;2
"nappes";0;2;2
"validations";2;0;2
"source-d-energie";2;0;2
"jeunes-entreprises";2;0;2
"waldec";2;0;2
"previsionnel";1;1;2
"rhc";2;0;2
"rhv";2;0;2
"legionelle";2;0;2
"val-de-brehemont";2;0;2
"docker";0;2;2
"aleas-pprl-pays-de-monts";2;0;2
"domine-public-fluvial";2;0;2
"dpf";2;0;2
"enjeux-enjeu-pprl-talmondais";2;0;2
"ppri-lay-aval-enjeux";2;0;2
"pprl-pays-olonne-enjeux";2;0;2
"pprl-talmondais-zonage";2;0;2
"reserves-de-chasse";2;0;2
"aquiculture";2;0;2
"giroussens";2;0;2
"miniers";2;0;2
"moules-a-plat";2;0;2
"moules-sur-cailloux";2;0;2
"moules-sur-pieux";2;0;2
"mouvements-de-terrains";2;0;2
"plans-d-eau";2;0;2
"sor";2;0;2
"tarn-aval";2;0;2
"territoires-ruraux";2;0;2
"thore";2;0;2
"non-domaniaux";2;0;2
"activite-economique-sylviculture";2;0;2
"appels-a-candidatures";2;0;2
"bourg-rural";2;0;2
"candidats-appels";2;0;2
"cleguer";2;0;2
"date-de-prise-en-compte";2;0;2
"enjeux-pprm";2;0;2
"erosion-du-sol";2;0;2
"filiere-bois";2;0;2
"grands-sites";2;0;2
"hydro-ecologie";2;0;2
"individuel-groupe";2;0;2
"individuel-pur";2;0;2
"mobilite-spatiale";2;0;2
"n-accession-propriete";2;0;2
"n-assainissement";2;0;2
"observatoire-foncier";2;0;2
"parc-naturel-marin";2;0;2
"ploemeur";2;0;2
"releves";2;0;2
"reseau-d-egouts";2;0;2
"revitalisation-rurale";2;0;2
"ruissellement";2;0;2
"sentiers-de-randonnees";2;0;2
"traitement-des-eaux-usees";2;0;2
"adasea";2;0;2
"amphihalins";2;0;2
"aviation-civile";2;0;2
"bedoues";2;0;2
"circulation-des-eaux";2;0;2
"cocures";2;0;2
"donesol";2;0;2
"donnees-ouvertes-potentielles";2;0;2
"enseignement-scolaire";2;0;2
"etiages";1;1;2
"florac";2;0;2
"hures-la-parade";2;0;2
"isolement";1;1;2
"le-rozier";2;0;2
"legislature";2;0;2
"les-salelles";2;0;2
"manche-occidentale";2;0;2
"peche-halieutique";2;0;2
"plantation-d-arbres";2;0;2
"propriete-privee";2;0;2
"r-123-13";2;0;2
"r-123-14";2;0;2
"referentiel-regional-pedologique";2;0;2
"rrp";2;0;2
"saint-pierre-des-tripiers";2;0;2
"secteur-statistique";2;0;2
"sih";2;0;2
"soil";2;0;2
"accords-dentreprise";1;1;2
"n-inventaire-nature-biodiv";2;0;2
"n-site-eolien";2;0;2
"coeur-de-ville";2;0;2
"datalicence";2;0;2
"datapaces";2;0;2
"grandes-disciplines";2;0;2
"reussite-licence";2;0;2
"secteurs-disciplinaires";2;0;2
"regle";1;1;2
"00-national-dgfip";2;0;2
"aer-bfc";2;0;2
"datadut";2;0;2
"dataiut";2;0;2
"reussite-dut";2;0;2
"douai";2;0;2
"douaisis";2;0;2
"compliance";2;0;2
"decision-publique";2;0;2
"representants-dinterets";2;0;2
"villages";1;1;2
"equipement-scolaire";2;0;2
"aviron";1;1;2
"crowdfunding";1;1;2
"crowdlending";1;1;2
"financement-participatif";1;1;2
"plateforme-de-crowdfunding";2;0;2
"infrastructure-de-recharche-ve";2;0;2
"ccvcd";1;1;2
"ortho-hr-r";1;1;2
"adresse-gravee";2;0;2
"agricultures";2;0;2
"bornes-onf";2;0;2
"cap-ferret";2;0;2
"cendriers";2;0;2
"client-hta";2;0;2
"defavorisees";2;0;2
"donnees-alphanumeriques";2;0;2
"geomorphogie";2;0;2
"instrumentation";2;0;2
"lignes-aeriennes";2;0;2
"merignac";2;0;2
"navettes";2;0;2
"profils-siba";2;0;2
"puissance-moyenne-installee";2;0;2
"recensement-des-mouvements-de-terrain";2;0;2
"reflectance";2;0;2
"urbanisme-pos-plu-carte-commmunale-zonage";2;0;2
"vehicules-hybrides-rechargeables";1;1;2
"ville-de-nancy";2;0;2
"communes-desservies";2;0;2
"recharge-rapide";2;0;2
"secretaires-detat";1;1;2
"registre-detat-civil";2;0;2
"archives-privees";2;0;2
"handicaps-sociaux";0;2;2
"moderation";2;0;2
"centre-de-documentation";2;0;2
"carte-electorale";2;0;2
"cohesion-urbaine";2;0;2
"maman";1;1;2
"resident";2;0;2
"documentation-francaise";2;0;2
"geographie-prioritaire";2;0;2
"cii";1;1;2
"credit-dimpot";2;0;2
"credit-dimpot-recherche";2;0;2
"organismes-prives";2;0;2
"dissolutions";2;0;2
"photointerpretations";2;0;2
"coheris-liberty-insight";0;2;2
"glucides";1;1;2
"photocopieur";2;0;2
"sortir";1;1;2
"d3-js";0;2;2
"alur";1;1;2
"parcours-cyclable";2;0;2
"opendatalocale";1;1;2
"deportation";2;0;2
"carrefours-a-feux-tricolores";2;0;2
"feu-rouge";2;0;2
"sapin";2;0;2
"sde41";2;0;2
"sidelc";2;0;2
"ars-bfc";2;0;2
"drdjscs";2;0;2
"grande-randonnee";2;0;2
"limite-de-commune";2;0;2
"gare-routiere";2;0;2
"bitcoin";1;1;2
"etablissements-dhebergement-pour-pesonnes-agees";2;0;2
"foyers-logements";2;0;2
"logements-foyers";2;0;2
"politique-agricole";2;0;2
"vivre-en-ville";2;0;2
"wifi-territorial";2;0;2
"service-web";1;1;2
"ifi";1;1;2
"champignon";2;0;2
"insectes";2;0;2
"maisons-de-services-au-public";2;0;2
"services-au-public";2;0;2
"lutte-anti-incendie";2;0;2
"prochains-passages";2;0;2
"base-sirene";1;1;2
"alpes-de-haute-provence";1;1;2
"ardennes";1;1;2
"cher";1;1;2
"corse-du-sud";1;1;2
"cote-dor";1;1;2
"eure-et-loir";1;1;2
"haute-corse";1;1;2
"indre";1;1;2
"jura";1;1;2
"deux-sevres";1;1;2
"haute-marne";1;1;2
"appellation-dorigine";2;0;2
"categorie-pm-1";2;0;2
"side-channel-attacks";2;0;2
"dxf";1;1;2
"doctorat-duniversite";2;0;2
"montauban";1;1;2
"federation-aveugles-de-france";2;0;2
"lecteur-decran";2;0;2
"lecteur-ecran";2;0;2
"api-agro";0;2;2
"comite";2;0;2
"olympique";1;1;2
"quadrige";2;0;2
"annuairetelephone";1;1;2
"surveillance-de-lenvironnement";2;0;2
"iconographies";2;0;2
"geometre";2;0;2
"art-conceptuel";2;0;2
"climats";2;0;2
"commerce-services";2;0;2
"val-de-loire";2;0;2
"dsacsud";2;0;2
"dsacsudest";2;0;2
"n-bruit";2;0;2
"enveloppe";2;0;2
"feu-de-foret";2;0;2
"coquilles";2;0;2
"filets-remorques";2;0;2
"ormeaux";2;0;2
"saint-jacques";2;0;2
"cartouche-d-encre";2;0;2
"incinerable";2;0;2
"neon";2;0;2
"non-incinerable";2;0;2
"eth";1;1;2
"eth-eur";1;1;2
"ethereum";1;1;2
"ecommerce";0;2;2
"shopify";0;2;2
"theme-shopify";0;2;2
"precision-altimetrique";2;0;2
"slt";2;0;2
"opendatafrance";2;0;2
"parfum-homme";1;1;2
"conseilles";2;0;2
"roanne";2;0;2
"aides-entreprises";2;0;2
"point-dinjection";2;0;2
"joconde";1;1;2
"infrastructures-de-recharge";2;0;2
"vacances-scolaires";2;0;2
"taxi-moto-paris";1;1;2
"conseil-des-habitants";2;0;2
"depose-minute";2;0;2
"emprise-geographique";1;1;2
"gpx";2;0;2
"hypercentre";2;0;2
"metrovelo";2;0;2
"sous-secteur";2;0;2
"transisere";2;0;2
"transport-de-fond";2;0;2
"bspp";1;1;2
"position-des-lignes";2;0;2
"postes-source";2;0;2
"pratiques-illegales";2;0;2
"agrilocal";2;0;2
"syded";2;0;2
"conseils-municipaux";1;1;2
"st-barthelemy";2;0;2
"st-martin";2;0;2
"bibliotheque-de-depot";2;0;2
"bibliotheque-de-grand-etablissement";2;0;2
"bibliotheque-decole-francaise-a-letranger";2;0;2
"bibliotheque-inter-etablissements";2;0;2
"bibliotheque-interuniversitaire";2;0;2
"biu";2;0;2
"centre-de-formation-aux-carrieres-des-bibliotheques";2;0;2
"crfcb";2;0;2
"direction-de-la-documentation";2;0;2
"etablissement-public-a-caractere-administratif";2;0;2
"groupement-dinteret-public";2;0;2
"ibliotheque-universitaire";2;0;2
"reseau-documentaire";2;0;2
"scd";2;0;2
"service-commun-de-documentation";2;0;2
"service-interetablissement-de-cooperation-documentaire";2;0;2
"service-interetablissement-de-documentation";2;0;2
"sicd";2;0;2
"unite-regionale-de-formation-a-linformation-scientifique-et-technique";2;0;2
"urfist";2;0;2
"distribution-des-revenus";2;0;2
"ed";2;0;2
"gouvernement-ouvert";1;1;2
"pgo";2;0;2
"23000";2;0;2
"aleas-pays-olonne";2;0;2
"pays-olonne-enjeux";2;0;2
"amm";1;1;2
"inventaire-patrimonial";2;0;2
"indicateur-economique";2;0;2
"indicateur-social";2;0;2
"plfss";2;0;2
"cours-ripple";1;1;2
"crypto-monnaie";1;1;2
"parts-sociales";2;0;2
"prix-ripple";1;1;2
"ripple";1;1;2
"datafin";2;0;2
"annonces-legales";1;1;2
"jo-2024";1;1;2
"jo2024";1;1;2
"cadres";2;0;2
"bocage-haies";2;0;2
"fontenay-le-comte-85092";2;0;2
"le-lude-72176";2;0;2
"les-sables-d-olonne-85194";2;0;2
"saint-germain-sur-sarthe-72284";2;0;2
"parc-raccorde";2;0;2
"cnc";1;1;2
"petoncles";2;0;2
"http-eurovoc-europa-eu";2;0;2
"navigable";2;0;2
"internet-mobile";1;1;2
"operateur-mobile";0;2;2
"reseau-3g";0;2;2
"reseau-4g";0;2;2
"bio-diversite";2;0;2
"capacite-daccueil";2;0;2
"cars-regionaux";2;0;2
"college-denseignement-specialise";2;0;2
"edifice-industriel";2;0;2
"eurovelon";2;0;2
"groupe-delu";2;0;2
"location-de-salle";2;0;2
"section-deducation-specialisee";2;0;2
"sonantes";2;0;2
"tensiometrie";2;0;2
"type-de-voirie";2;0;2
"velocean";2;0;2
"ternum";1;1;2
"1-5-7";2;0;2
"bordure";2;0;2
"courbe";1;1;2
"delestage";2;0;2
"dojo";2;0;2
"gonflage";2;0;2
"intersection";2;0;2
"isoligne";2;0;2
"l123";2;0;2
"leve";2;0;2
"lever";2;0;2
"maximale";2;0;2
"ngf";2;0;2
"pittoresque";2;0;2
"pnru";2;0;2
"potager";2;0;2
"sepulture";2;0;2
"velodrome";2;0;2
"ionity";1;1;2
"agence-departementale";2;0;2
"ginko";2;0;2
"electromobilite";2;0;2
"tcra";2;0;2
"demo";2;0;2
"reseau-ip";2;0;2
"responsable-dequilibre";2;0;2
"tempo";2;0;2
"gas-station";1;1;2
"code-ape";0;2;2
"idf";0;2;2
"gerontologie";2;0;2
"agd";2;0;2
"simulation";0;2;2
"casier";2;0;2
"region-pays-de-la-loire-interne";2;0;2
"reseau-de-transport-delectricite";2;0;2
"belly-burning-drinks";2;0;2
"belly-fat-drink";2;0;2
"belly-fat-tea";2;0;2
"belly-fat-weight-loss-drink";2;0;2
"best-drink-to-reduce-belly-fat";2;0;2
"cleanse-to-lose-belly-fat-fast";2;0;2
"energy-drink-for-weight-loss";2;0;2
"fat-reducing-drink";2;0;2
"fit-tea-cheap";2;0;2
"fit-tea-sold-in-stores";2;0;2
"get-slim-tea";2;0;2
"herbal-cup-detoxify-tea";2;0;2
"liz-swann-miller";2;0;2
"red-tea-detox-recipe";2;0;2
"red-tea-detox-review";2;0;2
"red-tea-weight-loss";2;0;2
"skinny-tea";2;0;2
"the-red-tea-detox";2;0;2
"weight-loss-tea";2;0;2
"agrisub";2;0;2
"13-octobre";2;0;2
"data-storytelling";0;2;2
"paris-sans-voiture";2;0;2
"restriction-circulation";2;0;2
"concentration-cartographiee";2;0;2
"batiment-communal";2;0;2
"cartouche";2;0;2
"encre";2;0;2
"medecine-veterinaire";2;0;2
"folklore";2;0;2
"sit-del2";2;0;2
"statistiques-des-naissances";1;1;2
"cites-en-champagne";2;0;2
"occupation-du-sols";2;0;2
"aires-de-jeu";2;0;2
"caca";2;0;2
"data-collection";2;0;2
"ecole-dingenieurs";2;0;2
"eolas";2;0;2
"gazon";2;0;2
"m4cc";2;0;2
"pipi";2;0;2
"plug";2;0;2
"pm";2;0;2
"point-tri";2;0;2
"sencrop";2;0;2
"spo";2;0;2
"stat";2;0;2
"auditif";2;0;2
"retention";2;0;2
"urinoir";2;0;2
"visuel";2;0;2
"site-labelise";2;0;2
"basilique-saint-sernin";2;0;2
"ceramique-grecque";2;0;2
"speed-riding";2;0;2
"vol-libre";2;0;2
"liste-de-demande-de-donnees";2;0;2
"liste-de-donnees-produites";2;0;2
"sky-contact-number";0;2;2
"odservatoire";2;0;2
"iqrn";2;0;2
"rrn-nc";2;0;2
"championship";2;0;2
"toxiii";2;0;2
"ght";1;1;2
"saint-ave";2;0;2
"diagnostic-immobilier";2;0;2
"diagnostiqueur-immobilier";2;0;2
"zone-geographique";2;0;2
"creation-demplois";2;0;2
"etude-economique";1;1;2
"radioactif";1;1;2
"dossier-legislatif";2;0;2
"calculateur";2;0;2
"certificat-medical";1;1;2
"licence-sportive";1;1;2
"coefficient-k";2;0;2
"coefficient-vn";2;0;2
"centre-de-loisirs";2;0;2
"traitements-des-dechets";2;0;2
"poids-lourd";2;0;2
"aire-de-vegetaux";2;0;2
"effluent-d-elevage";2;0;2
"residu-de-culture";2;0;2
"ressource-ligneuse";2;0;2
"cotations-quotidiennes";2;0;2
"exercice";2;0;2
"95014";2;0;2
"95028";2;0;2
"95197";2;0;2
"95229";2;0;2
"95288";2;0;2
"95369";2;0;2
"95409";2;0;2
"95428";2;0;2
"95489";2;0;2
"95539";2;0;2
"95555";2;0;2
"95574";2;0;2
"95598";2;0;2
"andilly";2;0;2
"margency";2;0;2
"montlignon";2;0;2
"montmorency";2;0;2
"multimodaux";2;0;2
"narbonnaise-en-mediterranee";2;0;2
"piscop";2;0;2
"sete";2;0;2
"siege";2;0;2
"site-geographique";2;0;2
"biv";2;0;2
"prochain-passage";2;0;2
"registres-matricules";0;2;2
"avrille";1;1;2
"loudun";1;1;2
"meylan";1;1;2
"saint-jean-de-braye";1;1;2
"saint-pierre-de-plesguen";1;1;2
"volvic";1;1;2
"mordelles";1;1;2
"vignoc";1;1;2
"lannilis";1;1;2
"plouvien";1;1;2
"milizac";1;1;2
"milizac-guipronvel";1;1;2
"guilherand-granges";1;1;2
"penhars";1;1;2
"annonay";1;1;2
"mouans-sartoux";1;1;2
"luce";1;1;2
"passy";1;1;2
"transports-urbains";2;0;2
"buxerolles";1;1;2
"chatellerault";1;1;2
"aire-dadhesion";2;0;2
"blois";1;1;2
"non-salaries-agricoles";2;0;2
"regime-agricole";2;0;2
"direction-des-achats-de-letat";2;0;2
"dechet-tri";2;0;2
"fil-rouge";2;0;2
"m2a";2;0;2
"niveau-de-formation";2;0;2
"nom-rue";2;0;2
"salle-des-fetes";2;0;2
"ligne-bus";2;0;2
"lignes-urbaines";2;0;2
"voie-cyclable";2;0;2
"browsing";2;0;2
"creusot";2;0;2
"cucm";2;0;2
"monrezo";2;0;2
"montceau";2;0;2
"montceau-les-mines";2;0;2
"balance-comptable";1;1;2
"fac";2;0;2
"pci-vecteur";1;1;2
"alta-rocca";2;0;2
"castagniccia";2;0;2
"centre-corse";2;0;2
"deconnexion";2;0;2
"extreme-sud";2;0;2
"intermittence";2;0;2
"mare-e-monti";2;0;2
"mde";2;0;2
"ouest-corse";2;0;2
"pays-ajaccien";2;0;2
"pays-bastiais";2;0;2
"pays-de-balagne";2;0;2
"plaine-orientale";2;0;2
"projet-europeen";2;0;2
"s3renr";2;0;2
"sartenais";2;0;2
"taravo";2;0;2
"valinco";2;0;2
"docteur";2;0;2
"bayonne";2;0;2
"pays-basque";2;0;2
"aide-aux-transports";2;0;2
"120-ugm3-sur-8-heures";2;0;2
"eco-gestes";2;0;2
"desertsmedicaux";0;2;2
"sdrif";2;0;2
"phytotherapie";1;1;2
"aubenas";2;0;2
"toutenbus";2;0;2
"agent-public";2;0;2
"agents-publics";2;0;2
"sde04";1;1;2
"lons-le-saunier";1;1;2
"tum";2;0;2
"mairie-de-paris";1;1;2
"paris-recharge";1;1;2
"appellation-dorigine-controlee";2;0;2
"batiment-delevage";2;0;2
"courd-deau";2;0;2
"cours-deau-non-domaniaux";2;0;2
"cous-deau";2;0;2
"declaration-dutilite-publique";2;0;2
"demandeur-demploi";2;0;2
"effluent-delevage";2;0;2
"etude-dimpact";2;0;2
"les-sables-dolonne-85194";2;0;2
"loi-sur-leau";2;0;2
"point-dacces";2;0;2
"points-dacces";2;0;2
"points-dinterets";2;0;2
"prggrammes-dinteret-general";2;0;2
"reseau-degouts";2;0;2
"servitudes-dutilite-publiques";2;0;2
"val-dauthion";2;0;2
"zone-daction-prioritaire";2;0;2
"zone-damenagement-concerte";2;0;2
"zone-de-captage-deau-potable";2;0;2
"zones-dactions-prioritaires";2;0;2
"zones-dactivites";2;0;2
"zones-demploi";2;0;2
"aber-wrach";2;0;2
"centre-dexploitation";2;0;2
"communautes-dagglomerations";2;0;2
"etude-dimpact-sur-lenvironnement";2;0;2
"points-deau";2;0;2
"programme-daction";2;0;2
"alcools";2;0;2
"as-2";2;0;2
"cartes-de-bruits";2;0;2
"cbs";2;0;2
"pcs";2;0;2
"zones-de-bruits";2;0;2
"agregations";2;0;2
"auroue";2;0;2
"palangres";2;0;2
"sieges-dexploitations";2;0;2
"eclairages-publics";2;0;2
"carto-progressive";2;0;2
"paec";2;0;2
"pda";2;0;2
"bas-champs";2;0;2
"maisons-des-solidarites";2;0;2
"kehl";2;0;2
"orthophoto-regionale";2;0;2
"carcassonne";1;1;2
"coquillles-saint-jacques";2;0;2
"pont-a-mousson";2;0;2
"sections-denseignement-general-et-professionnel-adapte";2;0;2
"la-selle-craonnaise";2;0;2
"saint-germain-danxure";2;0;2
"saint-michel-de-feins";2;0;2
"saint-michel-de-la-roe";2;0;2
"saint-ouen-des-vallons";2;0;2
"saint-pierre-sur-orthe";2;0;2
"saint-poix";2;0;2
"saint-saturnin-du-limet";2;0;2
"saint-thomas-de-courceriers";2;0;2
"sainte-marie-du-bois";2;0;2
"servitude-dutilite-publique-pm-1";2;0;2
"thorigne-en-charnie";2;0;2
"vaiges";2;0;2
"zhr";2;0;2
"blocs";2;0;2
"partition";1;1;2
"zee";1;1;2
"bien";1;1;2
"cotes-darmor-22";2;0;2
"gemapi";2;0;2
"bati-dur";2;0;2
"limitations-de-vitesse";2;0;2
"n-zonages-risque-naturel";2;0;2
"routes-a-grande-circulation";2;0;2
"pree-danjou";2;0;2
"avantage-fiscal";2;0;2
"prefere";2;0;2
"rentable";2;0;2
"securisation";2;0;2
"chateauroux";1;1;2
"quartiers-priotiraires";2;0;2
"bouger";2;0;2
"gestion-differenciee";2;0;2
"ludiques";2;0;2
"proprietes-communales";2;0;2
"proprietes-communautaires";2;0;2
"sport-decouverte";2;0;2
"bouee";2;0;2
"fleur";2;0;2
"friche";2;0;2
"offres-demploi";2;0;2
"pelouse";2;0;2
"ree";2;0;2
"plan-de-servitudes-aeronautiques";2;0;2
"data-visualization";0;2;2
"lordi";2;0;2
"25200";2;0;2
"25388";2;0;2
"beemob";2;0;2
"nord-franche-comte";2;0;2
"region-bourgogne-franche-comte";2;0;2
"points-dinteret";2;0;2
"lanceur";2;0;2
"orientations";2;0;2
"la-vague";2;0;2
"developpement-territorial";2;0;2
"honfleur";2;0;2
"attribution-de-compensation";2;0;2
"siare";2;0;2
"sainte-valiere";2;0;2
"gennes-longuefuye";2;0;2
"la-baroche-gondouin";2;0;2
"la-roche-neuville";2;0;2
"val-du-maine";2;0;2
"carte-jeune-region";2;0;2
"vendanges";2;0;2
"astrobus";2;0;2
"centre-local-dinformation-et-de-coordination";2;0;2
"gestionnaire-de-voirie";2;0;2
"logement-urbanisme";2;0;2
"points-hauts";2;0;2
"regie-haut-debit";2;0;2
"residence-secondaire";2;0;2
"rhd";2;0;2
"soins-a-domicile";2;0;2
"pays-bigouden-sud";2;0;2
"contractuels";2;0;2
"grade";2;0;2
"conflans-sur-loing";2;0;2
"internats";2;0;2
"valeur-produits-de-la-peche-et-aquaculture";2;0;2
"aerinne";2;0;2
"redon-agglomeration";2;0;2
"wifi-lisieux";2;0;2
"95427";2;0;2
"non-bati";2;0;2
"nimes";1;1;2
"numerique-educatif";2;0;2
"avenant";2;0;2
"emeraude";2;0;2
"lepidopteres";2;0;2
"papillons";2;0;2
"prix-journalier";2;0;2
"network";2;0;2
"trve";2;0;2
"accotement";2;0;2
"bati-leger";2;0;2
"carsud";2;0;2
"dumbea";2;0;2
"egalite-f-h";2;0;2
"cabourg";2;0;2
"dives-sur-mer";2;0;2
"edac";2;0;2
"houlgate";2;0;2
"officine";1;1;2
"zonage-risque-naturel";2;0;2
"perennisation";2;0;2
"pronom";2;0;2
"seda";2;0;2
"equilibre-alimentaire";0;2;2
"regression";0;2;2
"elus-departementaux";1;1;2
"cohesion-territoire";2;0;2
"femmeshommes";2;0;2
"gobelets";2;0;2
"tablette-numerique";1;1;2
"aixm";2;0;2
"dgac";2;0;2
"eurocontrol";2;0;2
"sia";2;0;2
"sports-aeriens";2;0;2
"maison-a-pans-de-bois";2;0;2
"prei";2;0;2
"bdbr";2;0;2
"college-prive";2;0;2
"dette-propre";2;0;2
"emmanuel-macron";1;1;2
"poc";1;1;2
"actuelles";2;0;2
"oleron";2;0;2
"panneaux-daffichages-libres";2;0;2
"bouchot";2;0;2
"cerastoculture";2;0;2
"huitre";2;0;2
"moule";2;0;2
"mytiliculture";2;0;2
"ostreiculture";2;0;2
"panache";2;0;2
"pisciulture";2;0;2
"venericulture";2;0;2
"traitement-automatique-des-langues";0;2;2
"alpine-area";2;0;2
"cabb";2;0;2
"plan-regional-de-formation";2;0;2
"consommation-energetique";2;0;2
"vathimenil";2;0;2
"bpce";2;0;2
"dsp2";2;0;2
"journaliere";2;0;2
"cycle-3";2;0;2
"evolutions";1;1;2
"crevic";2;0;2
"privas";1;1;2
"cale";2;0;2
"velle-sur-moselle";2;0;2
"maelis";2;0;2
"montlucon";2;0;2
"commute";2;0;2
"comptages-routier";2;0;2
"analyse-de-similarite";0;2;2
"ddtm-64";2;0;2
"espace-prive";2;0;2
"front-bati";2;0;2
"keynote";2;0;2
"2-roues-motorisees";2;0;2
"d3e";2;0;2
"telemedecine";1;1;2
"2-roues-motorises";2;0;2
"plu-plui-pluis-sudocuh";2;0;2
"zonages-reglementaires";2;0;2
"centres-de-collecte-de-lait";2;0;2
"ecrouves";2;0;2
"valeurs-foncieres";1;1;2
"lenoncourt";2;0;2
"velo-electrique";0;2;2
"biens-vendus";0;2;2
"rosieres-aux-salines";2;0;2
"cerema-ouest";2;0;2
"chaleur-renouvelable";2;0;2
"puntucorsica";2;0;2
"delegue";2;0;2
"montee-en-debit";2;0;2
"voter";1;1;2
"equipement-collectif";2;0;2
"parking-payant";1;1;2
"4g3g";0;2;2
"reproducteur";2;0;2
"vesoul";1;1;2
"shrkt-hy";2;0;2
"esi";2;0;2
"produits-aquatiques";2;0;2
"orges";2;0;2
"viandes-bovines";2;0;2
"limitrophe";2;0;2
"aires-naturelles";2;0;2
"competences-regionales";2;0;2
"inter-cite";2;0;2
"plan-regional-de-prevention-et-de-gestion-des-dechets";2;0;2
"compte-administratif-2018";2;0;2
"flexibilites";2;0;2
"mecanisme";2;0;2
"avignon";1;1;2
"cap-energies";2;0;2
"espece-protege";2;0;2
"fiction";2;0;2
"flexgrid-use-cases";2;0;2
"formation-qualifiante";2;0;2
"laverie";2;0;2
"numeriques";2;0;2
"programme-regional";2;0;2
"sud-labs";2;0;2
"europeennes-2019";2;0;2
"arrets-transport-commun";2;0;2
"transport-commun";2;0;2
"accueil-jeune-enfant";2;0;2
"archives-municipales";2;0;2
"coordonnees-gps";2;0;2
"garde-enfant";1;1;2
"isilines";1;1;2
"ville-de-marseille";2;0;2
"paris-beauvais";1;1;2
"gigoi";2;0;2
"feverole";2;0;2
"pois";2;0;2
"soja";2;0;2
"assurance-auto-alcool-pas-cher";1;1;2
"assurance-auto-alcoolemie";1;1;2
"assurance-auto-apres-suspension-de-permis";1;1;2
"assurance-auto-devis";1;1;2
"assurance-auto-jeune-conducteur";1;1;2
"assurance-auto-malus";1;1;2
"assurance-auto-malus-pas-cher";1;1;2
"assurance-auto-non-paiement";1;1;2
"assurance-auto-pas-cher";1;1;2
"assurance-auto-pas-cher-en-ligne";1;1;2
"assurance-auto-pour-conducteur-resilie";1;1;2
"assurance-auto-pour-non-paiement";1;1;2
"assurance-auto-pour-resilie";1;1;2
"assurance-auto-pour-resilie-pas-cher";1;1;2
"assurance-auto-resilie";1;1;2
"assurance-auto-resilie-pour-non-paiement";1;1;2
"assurance-auto-resilie-pour-non-paiement-en-ligne";1;1;2
"assurance-auto-resilie-pour-non-paiement-pas-cher";1;1;2
"assurance-auto-resilie-pour-sinistres";1;1;2
"assurance-auto-sinistre";1;1;2
"assurance-auto-suite-alcoolemie";1;1;2
"assurance-malus";1;1;2
"assurance-pour-malusse";1;1;2
"assurance-pour-resilie";1;1;2
"assurance-suspension-de-permis-alcool";1;1;2
"assurance-suspension-permis-pour-alcoolemie";1;1;2
"comparateur-assurance";1;1;2
"comparateur-assurance-auto";1;1;2
"devis-assurance";1;1;2
"devis-assurance-auto-en-ligne";1;1;2
"prix-assurance-voiture";1;1;2
"simulation-assurance-auto";1;1;2
"tarif-assurance-auto";1;1;2
"maitrise-douvrage";2;0;2
"non-titulaire";2;0;2
"mises-en-oeuvre";2;0;2
"forecast";1;1;2
"cotations-hebdomadaires";2;0;2
"eau-du-robinet";2;0;2
"comediennes";2;0;2
"femmes-de-lettres";2;0;2
"stationnement-velo";1;1;2
"cotation-communautaire";2;0;2
"bovins-vifs";2;0;2
"demarche-administrative";1;1;2
"emn";2;0;2
"etc";2;0;2
"petits-veaux";2;0;2
"dataweek";2;0;2
"prif";2;0;2
"2003";2;0;2
"annotation";2;0;2
"cigares";2;0;2
"comites-techniques";2;0;2
"commissions-administratives-paritaires";2;0;2
"credits-de-paiements";2;0;2
"declaration-de-commercialisation";2;0;2
"economie-internationale";2;0;2
"lfi-2019";2;0;2
"marques-deposees";2;0;2
"operateurs-de-letat";2;0;2
"paracommercialisme";2;0;2
"pratiques-commerciales-restrictives";2;0;2
"prix-minimum-impose";2;0;2
"rapport-annuel-de-performance";2;0;2
"revente-a-perte";2;0;2
"valeur-venale";1;1;2
"blogs";2;0;2
"dotclear";2;0;2
"billard";2;0;2
"club-house";2;0;2
"concierge";2;0;2
"conciergerie";2;0;2
"inscription-scolaires";2;0;2
"parcours-sportif";2;0;2
"tribune";2;0;2
"vestiaire";2;0;2
"reseau-sociaux";2;0;2
"caromb";2;0;2
"gigondas";2;0;2
"la-roque-sur-pernes";2;0;2
"lafare";2;0;2
"le-beaucet";2;0;2
"loriol-du-comtat";2;0;2
"saint-pierre-de-vassols";2;0;2
"standard-cnig-cc-v2014";2;0;2
"1948";2;0;2
"1950";2;0;2
"1951";2;0;2
"1952";2;0;2
"hobus";2;0;2
"negoce";2;0;2
"rnm";1;1;2
"noyade";1;1;2
"re-emploi";2;0;2
"repair-cafe";2;0;2
"seconde-vie";2;0;2
"adolescent";2;0;2
"aere";2;0;2
"dynamique";2;0;2
"ocds";2;0;2
"policiers";2;0;2
"centre-communal-daction-sociale";2;0;2
"gestion-du-risque";2;0;2
"sudocuh-scot";2;0;2
"ccfe";2;0;2
"zfe";2;0;2
"installees";2;0;2
"plu-du-sudocuh-plui";2;0;2
"affluences";2;0;2
"plu-plui-sudocuh";2;0;2
"gautier-dooghe";2;0;2
"znt-zone-de-non-traitement";2;0;2
"rezo";2;0;2
"shapes";2;0;2
"rentabilite-immobiliere";0;2;2
"corridors-diffus";2;0;2
"afkl";2;0;2
"air-france";2;0;2
"klm";2;0;2
"95091";2;0;2
"deuil-la-barre";2;0;2
"limite-economie";2;0;2
"occurence";2;0;2
"saint-brice-sous-foret";2;0;2
"saint-gratien";2;0;2
"saint-prix";2;0;2
"soisy-sous-montmorency";2;0;2
"story-maps";2;0;2
"bred";2;0;2
"velos-libre-service";2;0;2
"crise-45";2;0;2
"rei";0;2;2
"psu";2;0;2
"referendum-initiative-partagee";2;0;2
"rapport-dactivite";2;0;2
"cannabidiol";1;1;2
"cbd";1;1;2
"basol";2;0;2
"vieille-ville";2;0;2
"eurolines";0;2;2
"illectronisme";2;0;2
"grtgaz";2;0;2
"projets-routiers";2;0;2
"senescence";2;0;2
"gasoil";1;1;2
"xixe-siecle";2;0;2
"bav";2;0;2
"alimconfiance";2;0;2
"creation-cinematograhique";2;0;2
"decor";2;0;2
"zone-degagee-dobstacles";2;0;2
"don-de-sang";2;0;2
"cdas";2;0;2
"ensembles";2;0;2
"giratoires";2;0;2
"velo-st-etienne";1;1;2
"web-service";2;0;2
"fra";2;0;2
"parametre";2;0;2
"visualiser";0;2;2
"situs-judi-online";0;2;2
"glucide";1;1;2
"zip";2;0;2
"centre-interpretation";2;0;2
"tourisme-religieux";2;0;2
"visite-guidee";2;0;2
"wikidatagouv";2;0;2
"hatrize";2;0;2
"1984";2;0;2
"lambertz";2;0;2
"seveso-bas";1;1;2
"inegalites-de-revenus";2;0;2
"disciplinaire";2;0;2
"1780";2;0;2
"bailleur-social";2;0;2
"celsius";2;0;2
"fleuriau";2;0;2
"pinet";2;0;2
"shlmr";2;0;2
"jeu-de-donnees";2;0;2
"artificialisation-des-sols";1;1;2
"dechets-dangereux";2;0;2
"colonne-aerienne";2;0;2
"truck";2;0;2
"openagenda";2;0;2
"lutte-contre-lhabitat-indigne";2;0;2
"operation-habitat-qualite";2;0;2
"operation-programmee-damelioration-de-lhabitat";2;0;2
"plan-de-sauvegarde";2;0;2
"utility-and-governmental-services";2;0;2
"ouvert-grand-public";2;0;2
"puy-de-dome-ddt-63";2;0;2
"boitier";2;0;2
"puxe";2;0;2
"open-science";2;0;2
"embleme";2;0;2
"waville";2;0;2
"territoire-de-vie";2;0;2
"flavigny-sur-moselle";2;0;2
"delegues";2;0;2
"pret-taux-zero";0;2;2
"route-metropolitaine";2;0;2
"chaudeney-sur-moselle";2;0;2
"ftto";2;0;2
"site-technique";2;0;2
"autreville-sur-moselle";2;0;2
"liverdun";2;0;2
"ecoconception";2;0;2
"non-salarie";2;0;2
"produits-encaissables";2;0;2
"portail-pour-les-personnes-agees";2;0;2
"prix-hebergement";2;0;2
"tarif-dependance";2;0;2
"geothermie";2;0;2
"activites-et-usages-industrie";2;0;2
"havip";0;2;2
"circonscriptions-administratives";2;0;2
"adresse-locale";2;0;2
"demandeur";2;0;2
"donnees-prioritaires";2;0;2
"centres-internationaux-de-sejour";2;0;2
"parc-residentiel-de-loisirs";2;0;2
"utpas";2;0;2
"village-vacances";2;0;2
"conventions-collectives";1;1;2
"champigny-sur-marne";0;2;2
"tgvinoui";0;2;2
"observations-in-situ-campagnes";2;0;2
"bdpm";0;2;2
"tcl";2;0;2
"os";2;0;2
"ansm";1;1;2
"etablissement-francais-du-sang";2;0;2
"babyfoot";0;2;2
"flipper";0;2;2
"jukebox";0;2;2
"qrr";1;1;2
"quartiers-de-reconquete-republicaine";1;1;2
"youpee";0;2;2
"regions-maritimes-sea-regions";2;0;2
"velam";2;0;2
"consultation-citoyenne";2;0;2
"decembre-2019";2;0;2
"droits-sociaux";2;0;2
"haut-commissaire-aux-retraites";2;0;2
"jean-paul-delevoye";2;0;2
"penibilite";2;0;2
"systeme-universel";2;0;2
"assurance-retraite";2;0;2
"departs-en-retraite";2;0;2
"liquidation-des-retraites";2;0;2
"lutte-contre-la-pauvrete";2;0;2
"revenu-universel";2;0;2
"revenu-universel-dactivite";2;0;2
"rua";2;0;2
"aides-a-lhabitat";2;0;2
"mer-du-vent";2;0;2
"modele-numerique-densemble";2;0;2
"renouvellement-urbain";2;0;2
"postes-hta-bt";2;0;2
"thierry-rayer";2;0;2
"spot-nbp";2;0;2
"imagin";2;0;2
"fuzzy";0;2;2
"genealogistes";0;2;2
"dinum";2;0;2
"lambert-93";2;0;2
"nuage-de-points";2;0;2
"photomesh";2;0;2
"comtpe-administratif";2;0;2
"espace-boise";2;0;2
"sites-naturels-proteges";2;0;2
"zone-d-039-emploi";2;0;2
"dev";2;0;2
"regal";2;0;2
"la-manche-mer";2;0;2
"circonscrption";2;0;2
"foret-ancienne";2;0;2
"html";0;2;2
"zoom";2;0;2
"225-kv";2;0;2
"znief";2;0;2
"heritage";2;0;2
"leisure";2;0;2
"biodiversity";2;0;2
"ordure-menagere";2;0;2
"mixite";1;1;2
"population-presente";1;1;2
"tdb";2;0;2
"technoloogie";2;0;2
"rgd";2;0;2
"rgd-savoie-mont-blanc";2;0;2
"savoie-mont-blanc";2;0;2
"modele-3d";2;0;2
"haroue";2;0;2
"jolivet";2;0;2
"pret-immobilier";1;1;2
"argent-public";1;1;2
"comptes-administratifs";2;0;2
"barrages-routiers";2;0;2
"tampon";2;0;2
"chantiers-nautiques";2;0;2
"plan-sauvegarde-communale";2;0;2
"simouv";2;0;2
"transvilles";2;0;2
"quartiers-en-difficultes";1;1;2
"gibier-eau";2;0;2
"amenagement-hydraulique";2;0;2
"episode-de-pollution";2;0;2
"niveau-de-recommandation-et-dinformation";2;0;2
"aire-de-pollution-potentielle";2;0;2
"guerisons";1;1;2
"emissions-atmospheriques";1;1;2
"archivage-numerique";2;0;2
"horaires-blablabus";0;2;2
"horaires-ouibus";0;2;2
"prix-ouibus";0;2;2
"horaires-sncf";1;1;2
"idcc";1;1;2
"reconstitution-des-flux";2;0;2
"sante-publique-france";0;2;2
"adjoints";2;0;2
"conseillers-municipaux";2;0;2
"civid";0;2;2
"civid19";0;2;2
"covod19";0;2;2
"statistique-coronavirus";0;2;2
"flask";0;2;2
"question-answering";1;1;2
"glp";2;0;2
"mtq";2;0;2
"myt";2;0;2
"capso";2;0;2
"mouveo";2;0;2
"pays-de-saint-omer";2;0;2
"pso";2;0;2
"saint-omer";2;0;2
"sos-medecins";0;2;2
"habitats-prives";2;0;2
"composteurs-de-quartier";2;0;2
"fontaines-dornement";2;0;2
"lineaires-de-stationnement";2;0;2
"logements-insalubres";2;0;2
"bayesian-approach";0;2;2
"cerema-est";2;0;2
"l-49";2;0;2
"shiny";0;2;2
"infrastructures-cyclables";2;0;2
"isogeo";2;0;2
"bike-sharing";2;0;2
"angouleme";1;1;2
"animaux-de-compagnie";1;1;2
"chloroquine";2;0;2
"orpaillage";2;0;2
"deces-coronavirus";0;2;2
"positif";0;2;2
"indicateurs-open-data";1;1;2
"s2renr";2;0;2
"valeurs-venales";1;1;2
"classe-des-dicotyledones";2;0;2
"dispositif-perenne";2;0;2
"embranchement-des-spermatophyta-gymnospermae";2;0;2
"forets-de-champagne-et-bourgogne";2;0;2
"couvertures-assurance";2;0;2
"lignes-de-cars-en-haute-garonne";2;0;2
"azithromycine";2;0;2
"moorea";2;0;2
"services-commerces";2;0;2
"observatoire-eco-auto-entrepreneurs";2;0;2
"r0-coronavirus";2;0;2
"r0-covid19";2;0;2
"transaction-immobiliere";0;2;2
"anpe";2;0;2
"scenarios";2;0;2
"secour";2;0;2
"coronavirus-exces-mortalite";0;2;2
"prix-du-neuf";1;1;2
"fpnrf";2;0;2
"jhu";1;1;2
"tougo";2;0;2
"phrc";2;0;2
"personne-physique";0;2;2
"record-linkage";0;2;2
"anxiete";1;1;2
"centre-test-depistage";0;2;2
"maisons-de-sante";2;0;2
"territorialisation";2;0;2
"compte-administratif-2019";2;0;2
"retour-a-domicile";0;2;2
"aide-aux-entreprises";2;0;2
"eau-fluviale";2;0;2
"subventions-77373";2;0;2
"habiter";2;0;2
"mesh";2;0;2
"lorraine-hipseaume";1;1;2
"cycle-du-carbone";2;0;2
"contours-geographiques";2;0;2
"sommeil";1;1;2
"acronymes";1;1;2
"sigles";1;1;2
"activite-partielle";2;0;2
"la-trinite";2;0;2
"agribalyse";1;1;2
"cnig-2017";2;0;2
"secteur-prive";2;0;2
"taux-de-reponse";2;0;2
"circuit-cyclotouristique";2;0;2
"domaines-departementaux";2;0;2
"fracturation";2;0;2
"tour-de-guet";2;0;2
"villefranche-sur-mer";2;0;2
"coeur-de-garonne";2;0;2
"point-routier";2;0;2
"decollage";2;0;2
"cazeres-sur-garonne";2;0;2
"fonsorbes";2;0;2
"merville";2;0;2
"centres-medico-sociaux";2;0;2
"grp";2;0;2
"infrastructure-sportive";2;0;2
"maison-de-sante-pluri-professionnelles";2;0;2
"sls";2;0;2
"topo";2;0;2
"null";2;0;2
"exzeco-risques-inondation";2;0;2
"reseau-assainissement";2;0;2
"reseau-eau-potable";2;0;2
"strategique";2;0;2
"surfaces-urbanisees";2;0;2
"consommation-dp";2;0;2
"bascons";2;0;2
"couleurs";2;0;2
"proprietes-publiques";2;0;2
"service-civique";2;0;2
"sinistre-inondation";2;0;2
"positivite";0;2;2
"guillaume-rozier";0;2;2
"r-effectif";0;2;2
"reffectif";0;2;2
"adissan";2;0;2
"aumes";2;0;2
"castelnau-de-guers";2;0;2
"cazouls-dherault";2;0;2
"florensac";2;0;2
"lezignan-la-cebe";2;0;2
"montagnac";2;0;2
"nezignan-leveque";2;0;2
"pomerols";2;0;2
"saint-pons-de-mauchiens";2;0;2
"tourbes";2;0;2
"jardins-ephemeres";2;0;2
"yanport";2;0;2
"volvestre";2;0;2
"arve";2;0;2
"foron";2;0;2
"instrument";2;0;2
"dracenie";2;0;2
"gex";2;0;2
"instances";2;0;2
"ruche";2;0;2
"vetrza-monthoux";2;0;2
"location-of-uwwtd-plants";2;0;2
"uwwtd-plants";2;0;2
"sesquieres";2;0;2
"teleski";2;0;2
"data-visualisation";0;2;2
"relations-internationales";2;0;2
"random-forest";0;2;2
"chomage-partiel";2;0;2
"energie-tour";2;0;2
"bairols";2;0;2
"beaulieu-sur-mer";2;0;2
"belvedere";2;0;2
"bonson";2;0;2
"clans";2;0;2
"duranus";2;0;2
"ilonse";2;0;2
"la-bollene-vesubie";2;0;2
"la-roquette-sur-var";2;0;2
"lantosque";2;0;2
"le-broc";2;0;2
"marie";2;0;2
"rimplas";2;0;2
"roquebilliere";2;0;2
"roubion";2;0;2
"roure";2;0;2
"saint-andre-de-la-roche";2;0;2
"saint-blaise";2;0;2
"saint-dalmas-le-selvage";2;0;2
"saint-etienne-de-tinee";2;0;2
"saint-jean-cap-ferrat";2;0;2
"saint-sauveur-sur-tinee";2;0;2
"tournefort";2;0;2
"tourrette-levens";2;0;2
"utelle";2;0;2
"venanson";2;0;2
"labellise";2;0;2
"communaute-d-agglomeration-var-esterel-mediterranee";2;0;2
"fenols";2;0;2
"animation-territoriale";2;0;2
"vie-des-territoires";2;0;2
"mna";2;0;2
"3eme-age";2;0;2
"3eme-jeunesse";2;0;2
"clubs-seniors";2;0;2
"msd";2;0;2
"42021";2;0;2
"chatelneuf";2;0;2
"couzan";2;0;2
"forez";2;0;2
"vetre";2;0;2
"odbu";2;0;2
"cre";2;0;2
"agence-routiere";2;0;2
"cap-atlantique";2;0;2
"les-sables-dolonne-agglomeration";2;0;2
"lilapresquile";2;0;2
"reso";2;0;2
"saumur";2;0;2
"sncftad";2;0;2
"yeucontinent";2;0;2
"refea";2;0;2
"1km";0;2;2
"point-eau-potable";2;0;2
"toillette";2;0;2
"cantine-scolaire";2;0;2
"courriels";2;0;2
"rayon-1-km";0;2;2
"stopcovid";2;0;2
"tempdeg-sup-7degc";2;0;2
"temp-sup-7";2;0;2
"1-km";0;2;2
"mydral";0;2;2
"podcast";2;0;2
"innovation-ouverte";2;0;2
"transition-energetique-et-ecologique";1;1;2
"strategies-territoriales";2;0;2
"senouillac";2;0;2
"test-antigenique";2;0;2
"ortho-3d";2;0;2
"odceel";2;0;2
"vdn";2;0;2
"gamme-tarifaire";2;0;2
"effet-confinement";0;2;2
"restructuration";1;1;2
"ruralites";0;2;2
"20-km";0;2;2
"attestation";1;1;2
"rayon";0;2;2
"rayon-20-km";0;2;2
"autour-de-chez-moi";0;2;2
"reseau-breizh-go";2;0;2
"puybegon";2;0;2
"reseau-fluvial";2;0;2
"ccpf";2;0;2
"personnnes-agees";2;0;2
"ival";2;0;2
"castanet";2;0;2
"100-education";2;0;2
"action-educative";2;0;2
"anti-gaspillage";1;1;2
"airspace";1;1;2
"airspace-map";1;1;2
"communaute-de-communes-du-pays-fertois";2;0;2
"jury";2;0;2
"orcid";2;0;2
"age-de-populaton";2;0;2
"fragilite-numerique";2;0;2
"fragilte-numerique";2;0;2
"parcs-et-jardins-publics";2;0;2
"hyeres";2;0;2
"oxca";1;1;2
"oxcaville";1;1;2
"sport-culture-tourisme";2;0;2
"charte-2020-2035";2;0;2
"patrimoine-paysager";2;0;2
"restauration-ecologique";2;0;2
"bcsi";2;0;2
"qv4";2;0;2
"ogeo";2;0;2
"busque";2;0;2
"cestayrols";2;0;2
"geomce";1;1;2
"pole-metropolitain";2;0;2
"florentin";2;0;2
"solidarites-et-sante";2;0;2
"vente-a-emporter";2;0;2
"grazac";2;0;2
"puy-saint-eusebe";2;0;2
"equipements-batiments-et-logements";2;0;2
"unite-territoriale";2;0;2
"france-relance";2;0;2
"google-play";2;0;2
"hors-voirie";1;1;2
"ambition-maritime";2;0;2
"projets-urbains";2;0;2
"diversites";2;0;2
"sst";2;0;2
"vues";2;0;2
"heures-douverture";1;1;2
"sous-sol";1;1;2
"datachallenge";2;0;2
"challengdata";1;1;2
"equibreizh";2;0;2
"petite-ville";2;0;2
"dp";2;0;2
"effet-de-serre";2;0;2
"trottinette";2;0;2
"ongles";2;0;2
"port-la-nouvelle";2;0;2
"rodez-agglomeration";2;0;2
"pvd";1;1;2
"30-km";0;2;2
"30km";0;2;2
"confinement-30-km";0;2;2
"sortiraparis";0;2;2
"taux-incidence";0;2;2
"chemins-ruraux";2;0;2
"fao";2;0;2
"distribution-publique";2;0;2
"recherche-action";2;0;2
"covidom";2;0;2
"compte-administratif-2020";2;0;2
"dases";2;0;2
"direction-strategie-finances";2;0;2
"cem";2;0;2
"champs-electromagnetiques";2;0;2
"observatoire-des-ondes";2;0;2
"radiotelephonie-mobile";2;0;2
"qualite-sociale";2;0;2
"ressources-humaines-ferroviaire";2;0;2
"crte";1;1;2
"pluis";2;0;2
"garer";2;0;2
"deploiement-5g";0;2;2
"auto-tests";2;0;2
"autotests";2;0;2
"physico-chimique";2;0;2
"actif-agricole";2;0;2
"aldudes";2;0;2
"canard";2;0;2
"canard-gras";2;0;2
"cepage";2;0;2
"chef-dexploitation";2;0;2
"engraisseur";2;0;2
"foie-gras";2;0;2
"kintoa";2;0;2
"naisseur";2;0;2
"pate-pressee-non-cuite";2;0;2
"pie-noir-du-pays-basque";2;0;2
"porc-basque";2;0;2
"race";2;0;2
"sechage";2;0;2
"sechoir";2;0;2
"viticulteur";2;0;2
"devizunews";0;2;2
"extremas";2;0;2
"activite-reduite";2;0;2
"protection-donnees";2;0;2
"112";1;0;1
"18";1;0;1
"1998";1;0;1
"2000-258-ce";1;0;1
"2000-75-ce";1;0;1
"2001-89-ce";1;0;1
"2002-60-ce";1;0;1
"2005-94-ce";1;0;1
"20cm";1;0;1
"3eme";1;0;1
"60-jours";1;0;1
"90-426-cee";1;0;1
"92-119-cee";1;0;1
"92-35-cee";1;0;1
"92-65-cee";1;0;1
"92-66-cee";1;0;1
"a2";1;0;1
"a3";1;0;1
"a4";1;0;1
"a5";1;0;1
"a6";1;0;1
"a7";1;0;1
"abandonne";1;0;1
"abatages";1;0;1
"abattages";1;0;1
"abattus";1;0;1
"abce-appendiculaire";1;0;1
"abonnees";1;0;1
"abordes";1;0;1
"abouti";1;0;1
"abri-voyageurs";1;0;1
"abricotiers";1;0;1
"absence";1;0;1
"absenteisme-eleves-second-degre";1;0;1
"absolues";1;0;1
"abusif";1;0;1
"ac3";1;0;1
"ac4";1;0;1
"acces-au-soins";1;0;1
"acces-wi-fi";1;0;1
"accessibilite-potentielle-localisée";1;0;1
"accession";1;0;1
"accidentelle";1;0;1
"accompagnes";1;0;1
"accueil-des-entreprises";1;0;1
"accueil-enfance-handicapee";1;0;1
"accueil-jeunesse-handicapee";1;0;1
"accueil-temporaire";1;0;1
"achat-internet";1;0;1
"achete";1;0;1
"acquisition";1;0;1
"acte-classant";1;0;1
"acte-masseur-kinesitherapeute";1;0;1
"acte-p";1;0;1
"acte-radiologie";1;0;1
"actifs-financiers";1;0;1
"action-saociale";1;0;1
"actions-touristiques";1;0;1
"activation";1;0;1
"actives";1;0;1
"activit";1;0;1
"activite de soins";1;0;1
"activite-medicale";1;0;1
"activite-professionnelle";1;0;1
"activte";1;0;1
"actualises";1;0;1
"actuel";1;0;1
"adapte";1;0;1
"addition";1;0;1
"additionnelles";1;0;1
"adequate";1;0;1
"adequates";1;0;1
"adjoint-officine";1;0;1
"administration électronique";1;0;1
"adolescentes";1;0;1
"adolescents";1;0;1
"aele";1;0;1
"aeriens";1;0;1
"aeroportuaire";1;0;1
"aeroportuaires";1;0;1
"affectation";1;0;1
"affectifs";1;0;1
"afferents";1;0;1
"affichagelibre";1;0;1
"agee";1;0;1
"agent-de-developpement";1;0;1
"aggregats";1;0;1
"aggregee";1;0;1
"agr-e-gats";1;0;1
"agregat";1;0;1
"agregee";1;0;1
"agrement-zoo-sanitaire";1;0;1
"agro-environnemental";1;0;1
"agrumes";1;0;1
"aide-a-l-emploi";1;0;1
"aide-a-la-restructuration";1;0;1
"aide-a-la-toilette";1;0;1
"aide-aux-personnes-agees";1;0;1
"aide-scolaire";1;0;1
"aide-sociale-personnes-agees";1;0;1
"aide-sociale-personnes-handicapes";1;0;1
"aides aux entreprises";1;0;1
"aides aux seniors";1;0;1
"aides-a-domicile";1;0;1
"aides-au-logement";1;0;1
"aides-du-cnc";1;0;1
"aides-educatives";1;0;1
"aides-soignants";1;0;1
"aiea";1;0;1
"aigues";1;0;1
"aine";1;0;1
"aire-de-livraison";1;0;1
"airedejeu";1;0;1
"ajustements";1;0;1
"alain-juppe";1;0;1
"alcoometrique";1;0;1
"alentours";1;0;1
"alevinage";1;0;1
"alimentation animale";1;0;1
"aliments composés";1;0;1
"allaitement";1;0;1
"allemagne";1;0;1
"allemand";1;0;1
"allocataires-du-minimum-vieillesse";1;0;1
"allocation personnes âgées";1;0;1
"allocation-compensatrice";1;0;1
"allocation-compensatrice-pour-tierce-personne";1;0;1
"allocation-de-compensation";1;0;1
"allocation-de-compensation-du-handicap";1;0;1
"allocation-familiale";1;0;1
"allocation-minimum-vieillesse";1;0;1
"allocation-solidarite-specifique";1;0;1
"allocations-aides";1;0;1
"allouees";1;0;1
"alloues";1;0;1
"alphabetisation";1;0;1
"alphabetises";1;0;1
"alternative";1;0;1
"alzheimer";1;0;1
"amenagement-de-l-espace";1;0;1
"amenagement-du-littoral";1;0;1
"amenagement-regional";1;0;1
"amenagementurbain";1;0;1
"americain";1;0;1
"americains";1;0;1
"amélioration de la qualité";1;0;1
"aménagements de peine";1;0;1
"analyser";1;0;1
"ancienne";1;0;1
"anciens";1;0;1
"ancre";1;0;1
"animale";1;0;1
"animateur";1;0;1
"animation-socio-culturelle";1;0;1
"animaux-de-boucherie";1;0;1
"annualisees";1;0;1
"annueles";1;0;1
"annulation";1;0;1
"annule";1;0;1
"annules";1;0;1
"anterieures";1;0;1
"antiretrovirale";1;0;1
"aout";1;0;1
"appareil";1;0;1
"appareil-circulatoire";1;0;1
"appareil-radiotherapie";1;0;1
"apparente";1;0;1
"appartenance";1;0;1
"appendicectomie";1;0;1
"appendicite";1;0;1
"appliquer";1;0;1
"apportant";1;0;1
"apports";1;0;1
"apports-des-diffuseurs";1;0;1
"apprenant";1;0;1
"apprentis";1;0;1
"apprentissage-professionnelle-sanitaire-social";1;0;1
"approbation-pprn";1;0;1
"approche";1;0;1
"approvisionnement-en-eau";1;0;1
"apu";1;0;1
"aquacole";1;0;1
"aquifere";1;0;1
"ar3";1;0;1
"ar6";1;0;1
"arabe";1;0;1
"arable";1;0;1
"arceau-epingle";1;0;1
"arjel";1;0;1
"armees";1;0;1
"arrachee";1;0;1
"arrete-ministeriel-du-28-02-2000";1;0;1
"arreter";1;0;1
"arrierees";1;0;1
"arrieres";1;0;1
"arrosage";1;0;1
"art moderne et contemporain";1;0;1
"article";1;0;1
"article l2122-22";1;0;1
"artificiels";1;0;1
"artisana";1;0;1
"arts-appliques-et-culture-artistique";1;0;1
"arts-culture";1;0;1
"artsvivants";1;0;1
"aspects";1;0;1
"aspects positifs";1;0;1
"assainissement-autonome";1;0;1
"assimilees";1;0;1
"assises";1;0;1
"assistance-technique-departementale";1;0;1
"assistees";1;0;1
"associe";1;0;1
"associee";1;0;1
"associees";1;0;1
"assurance-dependance";1;0;1
"assure-social";1;0;1
"atelier-d-emballage";1;0;1
"atelier-de-traitement";1;0;1
"atlas-fiscal";1;0;1
"atmosphere";1;0;1
"atnu";1;0;1
"atomiseur";1;0;1
"atomiseur reconstructible";1;0;1
"atteignent";1;0;1
"attendu";1;0;1
"attribuable";1;0;1
"atypiques";1;0;1
"auberge";1;0;1
"audioguide";1;0;1
"audiovisuels";1;0;1
"auto école";1;0;1
"auto-apprentissage";1;0;1
"auto-declare";1;0;1
"auto-evalue";1;0;1
"automatique";1;0;1
"automatiquement";1;0;1
"automatiques";1;0;1
"automotrices";1;0;1
"autorises";1;0;1
"autres";1;0;1
"autunois";1;0;1
"avaient";1;0;1
"avancees";1;0;1
"avancement";1;0;1
"avances";1;0;1
"avant";1;0;1
"aventure";1;0;1
"avions";1;0;1
"avis-de-marche-public";1;0;1
"avoirs";1;0;1
"ayant cause";1;0;1
"ayant droit";1;0;1
"aérienne";1;0;1
"baclofène";1;0;1
"bacteriologie";1;0;1
"bacteriose";1;0;1
"bahut";1;0;1
"baies";1;0;1
"balance des paiements";1;0;1
"bancaire";1;0;1
"bassin-habitat";1;0;1
"bassinversant";1;0;1
"bathyelli";1;0;1
"bce";1;0;1
"bdcarthage";1;0;1
"benchmarking";1;0;1
"beneficiaire-rsa";1;0;1
"beneficiant";1;0;1
"beneficient";1;0;1
"berd";1;0;1
"betterave";1;0;1
"beurre";1;0;1
"bi";1;0;1
"bibliographie nationale";1;0;1
"bibliographique";1;0;1
"bibliotheq";1;0;1
"bibliotheque-virtuelle";1;0;1
"biblotheque-departementale";1;0;1
"biblotheque-municipale";1;0;1
"bilan annuel";1;0;1
"bilan-rapport";1;0;1
"billettique";1;0;1
"biocarburants";1;0;1
"biochimique";1;0;1
"biotechnologie";1;0;1
"blanche";1;0;1
"blesse-grave";1;0;1
"blogs-internet";1;0;1
"boisee";1;0;1
"boisees";1;0;1
"bonheur";1;0;1
"bonus";1;0;1
"borne-wi-fi";1;0;1
"bornes géodésiques";1;0;1
"botulisme";1;0;1
"bouddhiste";1;0;1
"bouts";1;0;1
"bovine";1;0;1
"boyaux";1;0;1
"branche-d-activite";1;0;1
"bresse";1;0;1
"brevet-delivre";1;0;1
"brevet-europeen";1;0;1
"brevet-français";1;0;1
"brevet-publie";1;0;1
"brevetsaccordes";1;0;1
"brionnais";1;0;1
"brochures";1;0;1
"brucellose";1;0;1
"bruxelles";1;0;1
"bu";1;0;1
"budget-2015";1;0;1
"budget-decision-modificative-dm3";1;0;1
"busway";1;0;1
"but-lucratif";1;0;1
"bâti";1;0;1
"bâtiment - équipements";1;0;1
"bénéficiaire au titre de la pac";1;0;1
"ca-2010";1;0;1
"ca-2011";1;0;1
"ca-2012";1;0;1
"cabane";1;0;1
"cac 40";1;0;1
"cacao";1;0;1
"cadeaux";1;0;1
"caisse-nationale-des-industries-electriques-et-gazieres";1;0;1
"caisse-nationale-militaire-de-securite-sociale";1;0;1
"calcules";1;0;1
"camera-scintillation";1;0;1
"camions";1;0;1
"canalisation-aep";1;0;1
"canalisation-gaz";1;0;1
"canalisation-souterraine";1;0;1
"canaux-hertziens";1;0;1
"candidature";1;0;1
"capacit";1;0;1
"capacite-de-financement";1;0;1
"capitales";1;0;1
"capitalises";1;0;1
"capitole";1;0;1
"captures";1;0;1
"caraibes";1;0;1
"carbonique";1;0;1
"cardiopathie";1;0;1
"carottes";1;0;1
"carres";1;0;1
"carrière";1;0;1
"carte g";1;0;1
"casier-judiciaire";1;0;1
"cassettes-et-dvd";1;0;1
"cassini";1;0;1
"catastrophes";1;0;1
"cater";1;0;1
"catholique";1;0;1
"cause";1;0;1
"cavalier";1;0;1
"cblsub";1;0;1
"cddc";1;0;1
"cea";1;0;1
"ceenu";1;0;1
"celles";1;0;1
"centenaire";1;0;1
"centre-d-action-medico-sociale-precoce";1;0;1
"centre-d-aide-par-le-travail";1;0;1
"centre-de-formation";1;0;1
"centre-de-planification";1;0;1
"centre-de-rassemblement";1;0;1
"centre-de-recherche";1;0;1
"centre-de-sante";1;0;1
"centre-de-stockage";1;0;1
"centre-est";1;0;1
"centre-hospitalier-regional";1;0;1
"centre-maternel";1;0;1
"centre-medico-psycho-pedagogique";1;0;1
"centre-reeducation";1;0;1
"centre-sportif";1;0;1
"centres-sociaux";1;0;1
"centres_investigateur";1;0;1
"cerealiers";1;0;1
"certaines";1;0;1
"certificat-de-sante";1;0;1
"certifie";1;0;1
"certifiee";1;0;1
"cessation-de-paiement";1;0;1
"cet";1;0;1
"cgct";1;0;1
"cgeiet";1;0;1
"chair";1;0;1
"chalet";1;0;1
"chalonnais";1;0;1
"chambres";1;0;1
"championnat";1;0;1
"champs";1;0;1
"chandelier";1;0;1
"changement-d-adresse-en-ligne";1;0;1
"chapitre";1;0;1
"chargee";1;0;1
"chargees";1;0;1
"charolais";1;0;1
"chauffage-colleges";1;0;1
"chef";1;0;1
"chef-de-gouvernement";1;0;1
"chefs";1;0;1
"cheque-habitat-durable";1;0;1
"cherchant";1;0;1
"chercheurspar";1;0;1
"chiffre-d-affaires";1;0;1
"chiffres-d-affaires";1;0;1
"chifres-cles";1;0;1
"cho-mage";1;0;1
"chocolat";1;0;1
"chomeurs";1;0;1
"chorale";1;0;1
"circuit-de-plein-air";1;0;1
"circuits touristiques";1;0;1
"circulation-aerienne";1;0;1
"citees";1;0;1
"citoyennet";1;0;1
"citp";1;0;1
"citronniers";1;0;1
"class";1;0;1
"classe-therapeutique";1;0;1
"classification-de-locarno";1;0;1
"classification-de-nice";1;0;1
"client";1;0;1
"clientele";1;0;1
"clients";1;0;1
"cls";1;0;1
"cm2";1;0;1
"cmd";1;0;1
"cns-2013";1;0;1
"co-inventeurs";1;0;1
"code lpp";1;0;1
"code ucd";1;0;1
"code-forestier";1;0;1
"codification";1;0;1
"cofog";1;0;1
"coke et agglomérés";1;0;1
"collecte de lait";1;0;1
"collecteur";1;0;1
"collectivitelocale";1;0;1
"collectiviteslocales";1;0;1
"colon";1;0;1
"combustibles minéraux solides";1;0;1
"commerce électronique";1;0;1
"commerce-equitable";1;0;1
"commerciale";1;0;1
"commercialisée";1;0;1
"commission-thematique";1;0;1
"communications electroniques";1;0;1
"communiquer";1;0;1
"communs";1;0;1
"comparatifs";1;0;1
"comparativement";1;0;1
"compares";1;0;1
"compensation-du-handicap";1;0;1
"competence-cle";1;0;1
"competitifs";1;0;1
"complementaires";1;0;1
"complet";1;0;1
"comportant";1;0;1
"comportement";1;0;1
"comptables";1;0;1
"compte de résultat";1;0;1
"compterendu";1;0;1
"compétences en tic";1;0;1
"concept";1;0;1
"concerne";1;0;1
"concessionnels";1;0;1
"conchylicoles";1;0;1
"concordance";1;0;1
"conducteur";1;0;1
"conduites";1;0;1
"conflits";1;0;1
"congeles";1;0;1
"conifere";1;0;1
"conjoint";1;0;1
"connaissant";1;0;1
"connectee";1;0;1
"connectivite";1;0;1
"connexes";1;0;1
"connexions";1;0;1
"connue";1;0;1
"conomiques";1;0;1
"consacre";1;0;1
"consacrent";1;0;1
"conseil communautaires";1;0;1
"conseil de quartier";1;0;1
"conseillers info energies";1;0;1
"conseilmunicipal";1;0;1
"conseils généraux";1;0;1
"consequences";1;0;1
"conservation-des-eaux";1;0;1
"conserves";1;0;1
"considrant";1;0;1
"consigne-automatique";1;0;1
"consolidations";1;0;1
"consommation finale";1;0;1
"consommation-collaborative";1;0;1
"consommation-d-eau";1;0;1
"constituant";1;0;1
"constructivism";1;0;1
"constructivisme";1;0;1
"consultation-a-domicile";1;0;1
"contenu";1;0;1
"contenus";1;0;1
"contractuelle";1;0;1
"contrat-d-association";1;0;1
"contrat-de-riviere";1;0;1
"contrat-simple";1;0;1
"contrat-urbain";1;0;1
"contrats-collectifs";1;0;1
"controlantes";1;0;1
"controle-des-migrations";1;0;1
"controle-fiscal";1;0;1
"controler";1;0;1
"conventionnel";1;0;1
"convertie";1;0;1
"cooperation-aves-les-infirmiers";1;0;1
"cooperation-locale";1;0;1
"copies";1;0;1
"coportement-social";1;0;1
"coree";1;0;1
"corporelle";1;0;1
"correspondant";1;0;1
"corrige";1;0;1
"cotees";1;0;1
"cotisations-effectives";1;0;1
"cou-t";1;0;1
"cou-ts";1;0;1
"couchees";1;0;1
"coupe du monde";1;0;1
"coursd-eau";1;0;1
"court";1;0;1
"court-séjour";1;0;1
"couverte";1;0;1
"couverture-complementaire";1;0;1
"couverture-maladie";1;0;1
"couvoirs";1;0;1
"covnm";1;0;1
"cp";1;0;1
"cpa";1;0;1
"creation-d-entreprise";1;0;1
"creation-entreprise";1;0;1
"cree";1;0;1
"creneau-horaire";1;0;1
"criminels";1;0;1
"croisements";1;0;1
"croisiere";1;0;1
"cru";1;0;1
"crustacés";1;0;1
"cuisine-communautaire";1;0;1
"cuisson";1;0;1
"cultivees";1;0;1
"curatifs";1;0;1
"cure-thermale";1;0;1
"cures-thermales";1;0;1
"cybercafe";1;0;1
"câbles";1;0;1
"d-affichage";1;0;1
"d-ages";1;0;1
"d-annees";1;0;1
"d-eau";1;0;1
"d-education";1;0;1
"d-un";1;0;1
"d-urbanisation";1;0;1
"da-de";1;0;1
"dactivite";1;0;1
"dage";1;0;1
"dangereuses";1;0;1
"date-de-sortie";1;0;1
"daurades";1;0;1
"davantage";1;0;1
"dcile";1;0;1
"dcs";1;0;1
"debats-parlementaires";1;0;1
"dec";1;0;1
"deces-accidentel";1;0;1
"decharge";1;0;1
"dechets-agriculture-et-sylviculture";1;0;1
"dechets-captage-traitement-et-distribution";1;0;1
"dechets-construction";1;0;1
"dechets-industrie-manufacturiere";1;0;1
"dechets-industries-extractives";1;0;1
"dechets-peche-et-aquaculture";1;0;1
"dechets-production-et-distribution";1;0;1
"dechets-services";1;0;1
"decimation";1;0;1
"declaration-maladie";1;0;1
"declarationd-intentiond-aliener";1;0;1
"declare";1;0;1
"declarent";1;0;1
"declares";1;0;1
"decoulant";1;0;1
"decrochage";1;0;1
"dedouaner";1;0;1
"deduction";1;0;1
"deetail";1;0;1
"defavorisee";1;0;1
"defense-mobilite";1;0;1
"definitive";1;0;1
"definitives";1;0;1
"deflateur";1;0;1
"deflation";1;0;1
"degel";1;0;1
"degres";1;0;1
"degrevement";1;0;1
"delocalisation";1;0;1
"delocalisee";1;0;1
"demande-de-brevet";1;0;1
"demarrage";1;0;1
"demarre";1;0;1
"demarrer";1;0;1
"demissions";1;0;1
"demploi";1;0;1
"denergies";1;0;1
"denfants";1;0;1
"denominations geographiques";1;0;1
"denrées alimentaires";1;0;1
"dentaire";1;0;1
"dentiste";1;0;1
"dependant";1;0;1
"dependantes";1;0;1
"dependants";1;0;1
"depense-consommation";1;0;1
"depense-hosp";1;0;1
"depense-hospitaliere";1;0;1
"depense-pharma";1;0;1
"depense-pharmaceutique";1;0;1
"depense-prevention";1;0;1
"depense-soins-ambulatoires";1;0;1
"depenses-maladie";1;0;1
"depenses-sociales";1;0;1
"depistage-maladie-infectieuse";1;0;1
"depistage-tumeur";1;0;1
"deplacees";1;0;1
"deposee";1;0;1
"depot-de-brevet";1;0;1
"depot-legal-internet";1;0;1
"depot-munition";1;0;1
"derivees";1;0;1
"dermatologue";1;0;1
"deroule";1;0;1
"desheritees";1;0;1
"desirant";1;0;1
"desiree";1;0;1
"desordre";1;0;1
"dessin-anime";1;0;1
"dessin-et-modele-français";1;0;1
"dessin-et-modele-international";1;0;1
"destinataire";1;0;1
"destination-oise";1;0;1
"destines";1;0;1
"detailee";1;0;1
"detaillants";1;0;1
"detection";1;0;1
"detresse";1;0;1
"dette-immobiliere";1;0;1
"developpement-de-la-presse";1;0;1
"developpement-protection-montagne";1;0;1
"developpement-urbain";1;0;1
"developpes";1;0;1
"devise";1;0;1
"devises";1;0;1
"dget";1;0;1
"dia";1;0;1
"diagnostic-principal";1;0;1
"diarrhee";1;0;1
"diesel";1;0;1
"difference";1;0;1
"differences";1;0;1
"difficiles";1;0;1
"diffuseur";1;0;1
"différentiel";1;0;1
"dioxyde";1;0;1
"diplomees";1;0;1
"direct-energie";1;0;1
"directement";1;0;1
"directive";1;0;1
"dirigeantes";1;0;1
"diriger";1;0;1
"discipline-equipement";1;0;1
"discordance";1;0;1
"discotheque";1;0;1
"disparités";1;0;1
"dispensant";1;0;1
"dispositif";1;0;1
"dispositif-d-instruction";1;0;1
"dispositif-d-irrigation";1;0;1
"dispositif-de-financement";1;0;1
"dispositif-irrigation";1;0;1
"dispositifs médicaux implantables";1;0;1
"disposition";1;0;1
"dissection";1;0;1
"distances";1;0;1
"distinction";1;0;1
"distributeur de films";1;0;1
"distributions";1;0;1
"divulgation";1;0;1
"dlp";1;0;1
"dm";1;0;1
"dm1";1;0;1
"dm2";1;0;1
"dmi";1;0;1
"doctorats";1;0;1
"don-sang";1;0;1
"donn-e-es";1;0;1
"donneur";1;0;1
"données classiques";1;0;1
"dossiers pédagogiques";1;0;1
"douane-gouv-fr";1;0;1
"douane-tv";1;0;1
"douanier";1;0;1
"douleurs";1;0;1
"dovh";1;0;1
"dpenses";1;0;1
"dressent";1;0;1
"dtmo";1;0;1
"dtp";1;0;1
"dts";1;0;1
"dublin core";1;0;1
"dublin-core";1;0;1
"ducation";1;0;1
"due";1;0;1
"durabilite";1;0;1
"durables";1;0;1
"durees";1;0;1
"dus";1;0;1
"dx";1;0;1
"décision";1;0;1
"décrêt 2006-887";1;0;1
"déficit";1;0;1
"déliberations";1;0;1
"dépassement";1;0;1
"dépendance";1;0;1
"dépense publique";1;0;1
"dépôt légal";1;0;1
"développement agricole";1;0;1
"développement ddurable";1;0;1
"e-banking";1;0;1
"e-liquides";1;0;1
"e.leclerc";1;0;1
"eau-nuisible";1;0;1
"eaux usées";1;0;1
"eaux-interieure";1;0;1
"ecartement";1;0;1
"echangent";1;0;1
"echantillon";1;0;1
"echec-scolaire";1;0;1
"echelle";1;0;1
"eci";1;0;1
"ecolabel";1;0;1
"ecole-culturelle";1;0;1
"economie numérique";1;0;1
"economie-d-energie";1;0;1
"economie-isarienne";1;0;1
"economies";1;0;1
"economiquede";1;0;1
"econonomique";1;0;1
"ecoresponsabilite";1;0;1
"ecotaxes";1;0;1
"ecoulee";1;0;1
"ecouter";1;0;1
"edifice-indistriel";1;0;1
"education-dans";1;0;1
"educatives";1;0;1
"edulcorants";1;0;1
"effacer";1;0;1
"effectifs-par-commune";1;0;1
"effectifscolaire";1;0;1
"effectuant";1;0;1
"effectuent";1;0;1
"effectues";1;0;1
"effets";1;0;1
"efficience";1;0;1
"egalité";1;0;1
"egr rénovations";1;0;1
"el11";1;0;1
"el2";1;0;1
"el3";1;0;1
"el4";1;0;1
"el5";1;0;1
"el7";1;0;1
"electrification-rurale";1;0;1
"electrifiees";1;0;1
"electroniquement";1;0;1
"electroniques";1;0;1
"elements-architecturaux";1;0;1
"elevages";1;0;1
"elevant";1;0;1
"eleves-enseignement-prive";1;0;1
"elimination";1;0;1
"eliminations";1;0;1
"elles-memes";1;0;1
"ellipsoide";1;0;1
"emas";1;0;1
"embarquement";1;0;1
"embouteillage";1;0;1
"emetteur";1;0;1
"emises";1;0;1
"emission-reception-obstacle";1;0;1
"empechant";1;0;1
"empeche";1;0;1
"empechent";1;0;1
"emplacements réservés";1;0;1
"emploi agricole";1;0;1
"emploie";1;0;1
"employant";1;0;1
"employee";1;0;1
"employeur";1;0;1
"emprise-de-gestion";1;0;1
"empruntant";1;0;1
"emprunteurs";1;0;1
"en";1;0;1
"enc";1;0;1
"encadrement";1;0;1
"encaissements-distributeurs";1;0;1
"enceintes";1;0;1
"encours-de-prets";1;0;1
"energetique";1;0;1
"energie-dans";1;0;1
"enfants-heberges";1;0;1
"engrais";1;0;1
"enlevees";1;0;1
"enlevements";1;0;1
"enquetes";1;0;1
"enquêtes de branche";1;0;1
"enregistre";1;0;1
"enregistrement";1;0;1
"enregistrer";1;0;1
"enregristrees";1;0;1
"enseignantes";1;0;1
"enseignement-catholique";1;0;1
"ensemble-commune";1;0;1
"ensemble-instrumental";1;0;1
"ensoleillement";1;0;1
"entierement";1;0;1
"entitees";1;0;1
"entité juridique";1;0;1
"entr-ees";1;0;1
"entrainant";1;0;1
"entrantes";1;0;1
"entrees-sorties";1;0;1
"entres";1;0;1
"environnementale";1;0;1
"envoi";1;0;1
"epargne-retraite";1;0;1
"epargnes";1;0;1
"epinac";1;0;1
"epuisement";1;0;1
"equidés";1;0;1
"equipement-aeroportuaire";1;0;1
"equipement-foyer-audiovisuel";1;0;1
"equipement-foyer-internet";1;0;1
"equipement-foyer-telephonie";1;0;1
"equipement-foyer-televiseurs";1;0;1
"equipement-portuaire";1;0;1
"equipement-urbain";1;0;1
"equipes";1;0;1
"equite";1;0;1
"equivalents";1;0;1
"erasmus";1;0;1
"erheblichen";1;0;1
"ern";1;0;1
"erreurs";1;0;1
"esane";1;0;1
"espace-sportif-de-proximite";1;0;1
"espaces boisés classés";1;0;1
"esperance";1;0;1
"esperance-vie";1;0;1
"esps";1;0;1
"essais cliniques";1;0;1
"essaye";1;0;1
"essentielles";1;0;1
"essentiels";1;0;1
"essieux";1;0;1
"est";1;0;1
"estimations";1;0;1
"estime";1;0;1
"esturgeons";1;0;1
"etablissement-d-accueil";1;0;1
"etablissement-d-enseignement-prive";1;0;1
"etablissement-d-enseignement-public";1;0;1
"etablissement-deficient-sensoriel";1;0;1
"etablissement-enfant-polyhandicape";1;0;1
"etablissement-enfants-ados-polyhandicapes";1;0;1
"etablissements de santé";1;0;1
"etablissements-d-accueil";1;0;1
"etablissements-froid";1;0;1
"etablissements-hospitalier";1;0;1
"etaient";1;0;1
"etalons";1;0;1
"etat-de-mort-cerebrale";1;0;1
"etat-sante";1;0;1
"etat-surfacique";1;0;1
"etats";1;0;1
"etats-unis";1;0;1
"etfp";1;0;1
"etg";1;0;1
"etp";1;0;1
"etrm";1;0;1
"etudes-et";1;0;1
"etudiant-en-medecine";1;0;1
"etudie";1;0;1
"eua";1;0;1
"euro-j";1;0;1
"eurofarm";1;0;1
"europeens";1;0;1
"evaluation-politique-sante";1;0;1
"evaporation";1;0;1
"evapotranspiration";1;0;1
"evenementsportif";1;0;1
"evp";1;0;1
"ex";1;0;1
"exact";1;0;1
"examen-sante";1;0;1
"excepte";1;0;1
"excluant";1;0;1
"excluding";1;0;1
"exclusiondes";1;0;1
"excès de sel";1;0;1
"execution";1;0;1
"exercant";1;0;1
"exerce";1;0;1
"exercer";1;0;1
"existante";1;0;1
"existants";1;0;1
"existence";1;0;1
"expansion";1;0;1
"expedition";1;0;1
"experimentales";1;0;1
"exploitations agricoles";1;0;1
"exploitations forestières";1;0;1
"exporte";1;0;1
"ext-erieur";1;0;1
"exte-rieur";1;0;1
"exterieur";1;0;1
"exterieurs";1;0;1
"externalise";1;0;1
"externes";1;0;1
"extra";1;0;1
"extra-euro";1;0;1
"extra-eurozone";1;0;1
"extra-zone";1;0;1
"extracommunautaire";1;0;1
"extranet";1;0;1
"extreme-orient";1;0;1
"exécution";1;0;1
"fabrication-de-fromage";1;0;1
"facilite";1;0;1
"facteur-risque";1;0;1
"facteurs";1;0;1
"facteurs-de-risque";1;0;1
"factures";1;0;1
"faim";1;0;1
"faire-valoir";1;0;1
"faje";1;0;1
"familiales";1;0;1
"familiaux";1;0;1
"fauteuils cinéma";1;0;1
"fbcf";1;0;1
"fdi";1;0;1
"fecondation";1;0;1
"federes";1;0;1
"fem";1;0;1
"feminine";1;0;1
"femmes-jeunes";1;0;1
"fenetres";1;0;1
"fentres";1;0;1
"fermentes";1;0;1
"fermes-aquacoles";1;0;1
"ferr";1;0;1
"ferrée";1;0;1
"feuillages";1;0;1
"fichier-service";1;0;1
"fida";1;0;1
"fievreux";1;0;1
"fil";1;0;1
"fil-d-eau";1;0;1
"filiale";1;0;1
"filiales";1;0;1
"film-premiere-exclusivite";1;0;1
"films-de-cinema";1;0;1
"films-francais-production";1;0;1
"films-français";1;0;1
"films-produits";1;0;1
"financements";1;0;1
"financer";1;0;1
"fines";1;0;1
"fioul lourd";1;0;1
"fisc";1;0;1
"fiscale";1;0;1
"fixe";1;0;1
"fleurs de soleil";1;0;1
"flexible";1;0;1
"flottante";1;0;1
"fluctuation-des-prix";1;0;1
"fngir";1;0;1
"fnuap";1;0;1
"foetales";1;0;1
"foie";1;0;1
"fonction-gouvernementale";1;0;1
"fondee";1;0;1
"fonds-regionaux-d_art-contemporain";1;0;1
"fongicides";1;0;1
"fonte";1;0;1
"forain";1;0;1
"force";1;0;1
"foresterie";1;0;1
"forestiere";1;0;1
"forestieres";1;0;1
"forestiers";1;0;1
"formateurs";1;0;1
"formelles";1;0;1
"fortement";1;0;1
"forêt privée";1;0;1
"fourgons";1;0;1
"fournies";1;0;1
"fournir";1;0;1
"fourragere";1;0;1
"fourrageres";1;0;1
"foyer-hebergement";1;0;1
"foyer-logement";1;0;1
"frac";1;0;1
"fragilite";1;0;1
"frais-de-fonctionnement";1;0;1
"franc";1;0;1
"france inter";1;0;1
"francos";1;0;1
"french tech";1;0;1
"frequentation-cinema";1;0;1
"fromveur";1;0;1
"fruitiers";1;0;1
"frup";1;0;1
"fuite";1;0;1
"fuites";1;0;1
"fumier";1;0;1
"fête du cinéma";1;0;1
"g-h-i";1;0;1
"gains";1;0;1
"garantie";1;0;1
"garantis";1;0;1
"garants";1;0;1
"gardes";1;0;1
"gardes-d-enfants";1;0;1
"gastronomique";1;0;1
"gaz naturel";1;0;1
"gazeux";1;0;1
"gdf";1;0;1
"gdp";1;0;1
"gene-a-usager";1;0;1
"genie-civil";1;0;1
"geographiques";1;0;1
"geothermique";1;0;1
"gestion-de-l-eau";1;0;1
"gestion-du-domaine-public-routier";1;0;1
"gettempsparcours";1;0;1
"gites de france";1;0;1
"gites-de-sejour";1;0;1
"gj";1;0;1
"glisssiere";1;0;1
"globale";1;0;1
"globales";1;0;1
"gourmand";1;0;1
"gourmandes";1;0;1
"gouvernementaux";1;0;1
"grace";1;0;1
"graisses";1;0;1
"graisses-animales";1;0;1
"grand groupe";1;0;1
"grandcoeur";1;0;1
"grandes cultures";1;0;1
"grands";1;0;1
"grands-equipements";1;0;1
"graphagri";1;0;1
"grasses";1;0;1
"grc";1;0;1
"grenelle-environnement";1;0;1
"gri";1;0;1
"gros";1;0;1
"grosse";1;0;1
"grossissement";1;0;1
"groupe-elus";1;0;1
"gt";1;0;1
"gwh";1;0;1
"gwh pcs";1;0;1
"géocatalogue";1;0;1
"géologie";1;0;1
"géomètre-expert";1;0;1
"gîtes de france";1;0;1
"habilites";1;0;1
"habillement";1;0;1
"habitation-mobile";1;0;1
"habitudes alimentaires";1;0;1
"habituelles";1;0;1
"halage";1;0;1
"harmonis";1;0;1
"harmonis-e";1;0;1
"haut";1;0;1
"haut fourneau";1;0;1
"haute";1;0;1
"hauts";1;0;1
"hc";1;0;1
"hebdomadaires";1;0;1
"heberge-par-des-proches";1;0;1
"hepatite-b";1;0;1
"herbages";1;0;1
"herbicides";1;0;1
"herbivores";1;0;1
"heure";1;0;1
"hfc";1;0;1
"hivernal";1;0;1
"homicide";1;0;1
"homicides";1;0;1
"hongrie";1;0;1
"honoraire";1;0;1
"hormis";1;0;1
"hors-contrat";1;0;1
"hospitalises";1;0;1
"huiles";1;0;1
"humaine";1;0;1
"hybrides";1;0;1
"hydrique";1;0;1
"hydrocarbure-liquide";1;0;1
"hydroliennes";1;0;1
"hypothecaire";1;0;1
"hypotheque";1;0;1
"hypotheses";1;0;1
"i1";1;0;1
"i3";1;0;1
"i4";1;0;1
"i6";1;0;1
"iadl";1;0;1
"ide";1;0;1
"identification";1;0;1
"identifier";1;0;1
"idh-2";1;0;1
"ifc";1;0;1
"igf";1;0;1
"illegale";1;0;1
"imagerie";1;0;1
"imagerie aérienne";1;0;1
"imagerie-resonance-numerique";1;0;1
"ime";1;0;1
"immatriculees";1;0;1
"immerge";1;0;1
"imp";1;0;1
"impacts";1;0;1
"implantologie dentaire";1;0;1
"impliques";1;0;1
"importance";1;0;1
"importants";1;0;1
"imprevues";1;0;1
"imprimes";1;0;1
"imputable";1;0;1
"inactivite";1;0;1
"inadaptation";1;0;1
"incapacite";1;0;1
"incapacite-permanente";1;0;1
"incl";1;0;1
"incluant";1;0;1
"inclues";1;0;1
"incluses";1;0;1
"indemnite-journaliere";1;0;1
"independante";1;0;1
"indicateurs-cles";1;0;1
"indicator";1;0;1
"indicequaliteair";1;0;1
"individuelle";1;0;1
"industrialises";1;0;1
"industrie laitière";1;0;1
"industrie pharmaceutique";1;0;1
"industry";1;0;1
"inferieur";1;0;1
"inferieure";1;0;1
"infirmieres";1;0;1
"information-society";1;0;1
"informatiques";1;0;1
"informel";1;0;1
"informels";1;0;1
"ingredient";1;0;1
"iniatiale";1;0;1
"innonde";1;0;1
"innovant";1;0;1
"innovants";1;0;1
"innovations";1;0;1
"inorganiques";1;0;1
"insatisfaction";1;0;1
"inscrites";1;0;1
"insecticide";1;0;1
"insecticides";1;0;1
"insolvabilite";1;0;1
"installations nucléaires";1;0;1
"installations-enregistrees";1;0;1
"installe";1;0;1
"instantanee";1;0;1
"institut-deficients-sensoriels";1;0;1
"institut-education-motrice";1;0;1
"institut-medico-educatif";1;0;1
"institut-medico-pedagogique";1;0;1
"institut-medicoeducatif";1;0;1
"institut-therapeutique-educatif-pedagogique";1;0;1
"institutionnels";1;0;1
"instituts";1;0;1
"insuffisance";1;0;1
"int1";1;0;1
"int2";1;0;1
"integrant";1;0;1
"integrante";1;0;1
"intellectuelle";1;0;1
"intention";1;0;1
"intentionnels";1;0;1
"inter-région de recherche clinique";1;0;1
"inter-région_de_recherche_clinique";1;0;1
"interaction";1;0;1
"interactivite";1;0;1
"interbancaires";1;0;1
"interdiction-acces";1;0;1
"intermodal";1;0;1
"internes";1;0;1
"internet-sans-frontieres";1;0;1
"interruptions";1;0;1
"intersections";1;0;1
"intranet";1;0;1
"intrants";1;0;1
"intrieures";1;0;1
"introduction";1;0;1
"inventaire-immobilier-etat";1;0;1
"inventeurs";1;0;1
"investissements d avenir";1;0;1
"investisseur";1;0;1
"invilidite";1;0;1
"involontaire";1;0;1
"iode";1;0;1
"ir";1;0;1
"ircom";1;0;1
"irriguee";1;0;1
"irrigues";1;0;1
"irsn";1;0;1
"islande";1;0;1
"iso";1;0;1
"italie";1;0;1
"ivt";1;0;1
"jachere";1;0;1
"jacheres";1;0;1
"jacobins";1;0;1
"jamais";1;0;1
"japon";1;0;1
"japonais";1;0;1
"jardin-enfants";1;0;1
"jardins-de-solutre";1;0;1
"jardins-familiaux";1;0;1
"jardins-partages";1;0;1
"jaune";1;0;1
"jean-leonetti";1;0;1
"jeune entreprise innovante";1;0;1
"jeune-adulte";1;0;1
"jeunesse-handicapee";1;0;1
"jeux-videos";1;0;1
"jodi";1;0;1
"joindre";1;0;1
"jour-arret";1;0;1
"journal";1;0;1
"journees-europeennes-du-patrimoine";1;0;1
"journees-patrimoine";1;0;1
"juif";1;0;1
"jules-verne";1;0;1
"juments";1;0;1
"juridiques";1;0;1
"jus";1;0;1
"juveniles";1;0;1
"kg";1;0;1
"kilometre";1;0;1
"kinect";1;0;1
"kinesitherapeute";1;0;1
"km";1;0;1
"l-energie";1;0;1
"l-entreprise";1;0;1
"labelling";1;0;1
"laboratoires-agrees";1;0;1
"laboratoires-de-reference";1;0;1
"lait-traite";1;0;1
"lampe";1;0;1
"lanterne";1;0;1
"laposte";1;0;1
"latine";1;0;1
"laver";1;0;1
"le-v-lo-en-france";1;0;1
"leducation";1;0;1
"legers";1;0;1
"legionellose";1;0;1
"legislatrices";1;0;1
"legume";1;0;1
"len";1;0;1
"lentille-de-contact";1;0;1
"leonetti";1;0;1
"lesquelles";1;0;1
"lesquels";1;0;1
"lettre-d-information";1;0;1
"lettres";1;0;1
"leve bathymetrique à l ellipsoide";1;0;1
"leves";1;0;1
"liaisons";1;0;1
"libellés";1;0;1
"licenciement";1;0;1
"lieux publics";1;0;1
"light";1;0;1
"ligne-aerienne";1;0;1
"ligne-d-autobus";1;0;1
"ligne-electrique";1;0;1
"lignite";1;0;1
"limitant";1;0;1
"limitations";1;0;1
"limitee";1;0;1
"limiter";1;0;1
"limites administrative";1;0;1
"linnovation";1;0;1
"liquide";1;0;1
"liquides";1;0;1
"liste-des-elus";1;0;1
"listeriose";1;0;1
"listing-batiments";1;0;1
"lits";1;0;1
"livre ancien";1;0;1
"lmeilleure";1;0;1
"locataires-secteur-social";1;0;1
"locomotives";1;0;1
"logement-prete";1;0;1
"logiciels";1;0;1
"logistiques";1;0;1
"loi de finances";1;0;1
"loi duflot";1;0;1
"loi-09-01-1985";1;0;1
"loi-sru";1;0;1
"loin";1;0;1
"longues";1;0;1
"lorient agglomération";1;0;1
"lourd";1;0;1
"lourds";1;0;1
"lte";1;0;1
"lucratif";1;0;1
"lucrative";1;0;1
"lue";1;0;1
"luembourg";1;0;1
"lunette";1;0;1
"lx";1;0;1
"légumes";1;0;1
"m51";1;0;1
"machine";1;0;1
"maconnais";1;0;1
"macroeconomique";1;0;1
"madrid";1;0;1
"maintenir";1;0;1
"maintien à domicile";1;0;1
"maison-accueil-specialise";1;0;1
"maison-accueil-specialisee";1;0;1
"maison-d-acceuil-specialisee";1;0;1
"maitrise-depense";1;0;1
"maladie-alzheimer";1;0;1
"maladie-declaration-obligatoire";1;0;1
"maladie-longue-duree";1;0;1
"maladies sexuellement transmissibles";1;0;1
"malus";1;0;1
"mammiferes";1;0;1
"mammographie";1;0;1
"mandat-parlementaire";1;0;1
"manufactures";1;0;1
"manufacturiers";1;0;1
"manuscrit";1;0;1
"maraîchers";1;0;1
"marchard";1;0;1
"marche-aux-livres";1;0;1
"marche-forain";1;0;1
"marche-pied";1;0;1
"marge";1;0;1
"marginaux";1;0;1
"marguerite";1;0;1
"mariant";1;0;1
"marines";1;0;1
"maritimes";1;0;1
"mark";1;0;1
"marque-française";1;0;1
"marque-publiee";1;0;1
"masseurs-kinesitherapeutes";1;0;1
"materiaux";1;0;1
"materiaux-et-locaux-traditionnels";1;0;1
"materiels lourds";1;0;1
"maternel";1;0;1
"mathematiques";1;0;1
"matériel agricole";1;0;1
"mauvaise-sante";1;0;1
"mbs";1;0;1
"mecanique";1;0;1
"medecin-traitant";1;0;1
"medecine-travail";1;0;1
"mediane";1;0;1
"medicale";1;0;1
"medicalisees";1;0;1
"medicament-antibiotique";1;0;1
"medicament-antiinfectieux";1;0;1
"medicaux";1;0;1
"meilleurs lendemains";1;0;1
"membre";1;0;1
"membres";1;0;1
"menaces";1;0;1
"meningite";1;0;1
"mensuels";1;0;1
"menuiserie";1;0;1
"meres";1;0;1
"meric";1;0;1
"messagerie";1;0;1
"messages";1;0;1
"metaux";1;0;1
"methane";1;0;1
"methaniques";1;0;1
"metiers-de-la-reeducation";1;0;1
"metres";1;0;1
"metropolitaines";1;0;1
"mettant";1;0;1
"metz metropole";1;0;1
"michelin";1;0;1
"migration-illegale";1;0;1
"migrationpendulaire";1;0;1
"migratoire";1;0;1
"milieu-recepteur";1;0;1
"milieux-semi-naturels";1;0;1
"minerais";1;0;1
"mines-et-carrieres";1;0;1
"mineurs";1;0;1
"ministre-d-etat";1;0;1
"mises";1;0;1
"mnage";1;0;1
"mo";1;0;1
"mode de traitement";1;0;1
"moderne";1;0;1
"modification";1;0;1
"modifie";1;0;1
"moisonneuses-batteuses";1;0;1
"molluscicide";1;0;1
"mollusques";1;0;1
"molécules onéreuses";1;0;1
"moment";1;0;1
"mon-etaires";1;0;1
"mondial";1;0;1
"mondiales";1;0;1
"mondiaux";1;0;1
"morbidite-hospitaliere";1;0;1
"morphologie-marine";1;0;1
"mortalité";1;0;1
"motivation";1;0;1
"motivations";1;0;1
"motorisation";1;0;1
"motrice";1;0;1
"moustiquaires";1;0;1
"mout";1;0;1
"moutons";1;0;1
"mouts";1;0;1
"mouvement européen";1;0;1
"mouvements";1;0;1
"moyen-de-production";1;0;1
"moyen-orient";1;0;1
"moyen-pole";1;0;1
"moyenne-haute";1;0;1
"moyens";1;0;1
"moyens-de-paiement";1;0;1
"multilateral";1;0;1
"multilateraux";1;0;1
"multiples";1;0;1
"municipaux";1;0;1
"munition";1;0;1
"musee-de-solutre";1;0;1
"musical";1;0;1
"musulman";1;0;1
"mwh";1;0;1
"mx";1;0;1
"mécénat";1;0;1
"métallurgie";1;0;1
"méthodologie";1;0;1
"nac";1;0;1
"nacerev";1;0;1
"nanotechnologie";1;0;1
"natures de fond";1;0;1
"navires";1;0;1
"negociants";1;0;1
"negociants-agrees";1;0;1
"neonatale";1;0;1
"nerveux";1;0;1
"nes";1;0;1
"nette";1;0;1
"neufs";1;0;1
"newsletter";1;0;1
"niveaux extremes";1;0;1
"noire";1;0;1
"nombre-de-deces";1;0;1
"nombre-de-maladies";1;0;1
"nombre-de-mariages";1;0;1
"nombre-de-naissances";1;0;1
"nombres";1;0;1
"nominaux";1;0;1
"non exhaustif";1;0;1
"non-alimentaire";1;0;1
"non-autonomes";1;0;1
"non-cohabitant";1;0;1
"non-corrigees";1;0;1
"non-durables";1;0;1
"non-evaluation";1;0;1
"non-financieres";1;0;1
"non-financiers";1;0;1
"non-formelle";1;0;1
"non-fumeurs";1;0;1
"non-mineraux";1;0;1
"non-preleves";1;0;1
"non-satisfaits";1;0;1
"non-superieur";1;0;1
"nord-est";1;0;1
"nord-ouest";1;0;1
"notariat";1;0;1
"nouveau-nes";1;0;1
"nouvelles-technologie";1;0;1
"noyaux";1;0;1
"nrj";1;0;1
"nst";1;0;1
"nucleaires";1;0;1
"nuits";1;0;1
"numeroderue";1;0;1
"numéros";1;0;1
"nutritif";1;0;1
"obesite-eleves-de-cm2";1;0;1
"objectifs du millenaire";1;0;1
"objet-classé";1;0;1
"obtenir";1;0;1
"obtenus";1;0;1
"occasions";1;0;1
"ocean";1;0;1
"oceanie";1;0;1
"odbl";1;0;1
"oeufs-liquides";1;0;1
"offert";1;0;1
"offertes";1;0;1
"officiellement";1;0;1
"officielles";1;0;1
"officiers";1;0;1
"offre-d-accueil";1;0;1
"offre-touristique";1;0;1
"offres culturelles";1;0;1
"offrir";1;0;1
"oignons";1;0;1
"omble";1;0;1
"ombrine";1;0;1
"omissions";1;0;1
"omp";1;0;1
"oms";1;0;1
"onces";1;0;1
"ongules-domestiques";1;0;1
"onusida";1;0;1
"operations-de-maintien-de-la-paix";1;0;1
"ophtalmologue";1;0;1
"opportun";1;0;1
"opposition";1;0;1
"or";1;0;1
"orangers";1;0;1
"oranges";1;0;1
"organe";1;0;1
"organiques";1;0;1
"organisation-des-soins";1;0;1
"organisation-des-transports";1;0;1
"organisation-du-tourisme";1;0;1
"organisationnelles";1;0;1
"organisationnels";1;0;1
"organismes-complementaires";1;0;1
"orientes";1;0;1
"origine-scolaire";1;0;1
"ornementales";1;0;1
"orthodoxe";1;0;1
"orthophonistes";1;0;1
"orthoptistes";1;0;1
"os-vertebral";1;0;1
"otmane el rhazi";1;0;1
"ouest";1;0;1
"outils";1;0;1
"ouvrage-d-art";1;0;1
"ouvrage-militaire";1;0;1
"ouvraged-art";1;0;1
"ouvrages-aeriens";1;0;1
"oxyde";1;0;1
"oxydes";1;0;1
"oxygene";1;0;1
"paiements";1;0;1
"palais_royal";1;0;1
"paludisme";1;0;1
"pam";1;0;1
"panneau-libre-expression";1;0;1
"panneaux-a-message-variable";1;0;1
"pannes";1;0;1
"par sexe";1;0;1
"par âge";1;0;1
"par-collectivite";1;0;1
"par-region";1;0;1
"parc-d-activites-economiques";1;0;1
"parc-zoologique";1;0;1
"parcours-culturels";1;0;1
"paris hippiques";1;0;1
"paris sportifs";1;0;1
"parking-ouvrage";1;0;1
"parlementaires";1;0;1
"parlements";1;0;1
"part";1;0;1
"partage de valeurs";1;0;1
"partage des valeurs";1;0;1
"partager";1;0;1
"passager";1;0;1
"passagespietons";1;0;1
"passation";1;0;1
"pates";1;0;1
"pathologies-psychiatriques";1;0;1
"patinoires";1;0;1
"patins";1;0;1
"patrimoine-mobilier-et-immobilier";1;0;1
"patrimoine-numerise";1;0;1
"paturage";1;0;1
"paturages";1;0;1
"paturee";1;0;1
"pauvret";1;0;1
"pavees";1;0;1
"pavillon";1;0;1
"paye";1;0;1
"payee";1;0;1
"payes";1;0;1
"pays de loire";1;0;1
"pbv";1;0;1
"pcb";1;0;1
"pct";1;0;1
"pdh";1;0;1
"pechers";1;0;1
"pedicure-podologue";1;0;1
"pedicures-podologues";1;0;1
"penetration";1;0;1
"pension-de-famille";1;0;1
"perception";1;0;1
"percues";1;0;1
"percus";1;0;1
"perdus";1;0;1
"performance environnementale";1;0;1
"performances";1;0;1
"performances environnementales";1;0;1
"performances économiques";1;0;1
"perimetre-protection";1;0;1
"perimetre-transport-urbain";1;0;1
"perimetred-etude";1;0;1
"peritonite";1;0;1
"permanente";1;0;1
"permettant";1;0;1
"permis b";1;0;1
"permisdeconstruire";1;0;1
"persistance";1;0;1
"persistante";1;0;1
"personne-agee-dependante";1;0;1
"personnel-soignant";1;0;1
"personnes-malades";1;0;1
"petite échelle";1;0;1
"petits";1;0;1
"petrolieres";1;0;1
"petroliers";1;0;1
"pettite-enfance";1;0;1
"pfc";1;0;1
"pfil";1;0;1
"pharmacodependance";1;0;1
"phase";1;0;1
"phases";1;0;1
"physiochimie";1;0;1
"physiques";1;0;1
"piege";1;0;1
"piezometrie";1;0;1
"pin maritime";1;0;1
"pipsol";1;0;1
"pistecyclables";1;0;1
"pkm";1;0;1
"places-kilometres";1;0;1
"plaine-de-jeux";1;0;1
"plan-departemental";1;0;1
"plan-deplacement-urbain";1;0;1
"plan-routier-pluriannuel";1;0;1
"plan-topographique";1;0;1
"plan_de_mobilisation";1;0;1
"planification-scolaire";1;0;1
"plantations";1;0;1
"plantations à réaliser";1;0;1
"plantee";1;0;1
"plein";1;0;1
"plein air";1;0;1
"pm1";1;0;1
"pm2";1;0;1
"pm3";1;0;1
"pmes";1;0;1
"pmv";1;0;1
"pneumonie";1;0;1
"pnud";1;0;1
"poe";1;0;1
"poids economique";1;0;1
"poincons or";1;0;1
"point de contact";1;0;1
"point-presse";1;0;1
"pointadresse";1;0;1
"points-de-presse";1;0;1
"poinçons argent";1;0;1
"pole-urbain";1;0;1
"politique agricole commune";1;0;1
"politique-habitat";1;0;1
"politiquepublique";1;0;1
"politiques-departementales-evolutions-sociologiques";1;0;1
"pommes de terre";1;0;1
"pommiers";1;0;1
"ponderale";1;0;1
"population agricole";1;0;1
"porcelets";1;0;1
"porcine";1;0;1
"porcs";1;0;1
"port-departemental";1;0;1
"portant";1;0;1
"porteurs-de-lunettes";1;0;1
"porteurs-de-prothese-auditive";1;0;1
"porteurs-de-prothese-dentaire";1;0;1
"portuaire";1;0;1
"possibilite";1;0;1
"post-secondaire";1;0;1
"postaux";1;0;1
"potabilisation";1;0;1
"potassium";1;0;1
"potentiel fiscal";1;0;1
"poulet";1;0;1
"poumon";1;0;1
"pouponniere";1;0;1
"pourriture";1;0;1
"pourvues";1;0;1
"pousseurs";1;0;1
"poux";1;0;1
"pp";1;0;1
"prame";1;0;1
"praticien-diplome";1;0;1
"pratiquant";1;0;1
"pratiquer";1;0;1
"pratiques-professionnelles";1;0;1
"prealablement";1;0;1
"precedentes";1;0;1
"precedents";1;0;1
"prelevee";1;0;1
"preleves";1;0;1
"preliminaire";1;0;1
"premiere-exclusivite";1;0;1
"prenatal";1;0;1
"prenataux";1;0;1
"preoccupation";1;0;1
"preoccupations";1;0;1
"preparation-de-viandes";1;0;1
"preparations";1;0;1
"preparer";1;0;1
"prepares";1;0;1
"preprimaire";1;0;1
"presentant";1;0;1
"presentent";1;0;1
"president-du-conseil";1;0;1
"presidentielle-1er";1;0;1
"prestation-handicape";1;0;1
"prestations-de-sante";1;0;1
"prestations-protections-sociale";1;0;1
"prestations-services-sociaux";1;0;1
"prevention-collective";1;0;1
"prevention-primaire";1;0;1
"prevention-secondaire";1;0;1
"previson";1;0;1
"prevues";1;0;1
"primo-nuptialite";1;0;1
"principal";1;0;1
"principale";1;0;1
"priorite";1;0;1
"pris";1;0;1
"prises";1;0;1
"prives";1;0;1
"prix en euros hors tva";1;0;1
"prix en euros ttc";1;0;1
"probable";1;0;1
"probleme";1;0;1
"problemes";1;0;1
"problemes-de-vue";1;0;1
"procede";1;0;1
"procedre-civile";1;0;1
"procedure-classique";1;0;1
"proces verbal electronique";1;0;1
"procesverbal";1;0;1
"prochaine";1;0;1
"prochaines";1;0;1
"proche-orient";1;0;1
"procins";1;0;1
"procès-verbaux";1;0;1
"prodcom";1;0;1
"productifs";1;0;1
"production-televisuelle";1;0;1
"productions";1;0;1
"productivite";1;0;1
"productivité";1;0;1
"produisant";1;0;1
"produit-d-epargne-financier";1;0;1
"produit-de-la-peche";1;0;1
"produitalimentaire";1;0;1
"produites";1;0;1
"produits de santé";1;0;1
"produits des iaa";1;0;1
"produits pétroliers raffinés";1;0;1
"produits-composites";1;0;1
"produits-de-la-peche";1;0;1
"produits-transformes";1;0;1
"produits_de_santé";1;0;1
"profession-medicale";1;0;1
"profession-paramedicale";1;0;1
"professionel";1;0;1
"professionnels";1;0;1
"professions réglementées";1;0;1
"programme-local-habitat";1;0;1
"programmes-audiovisuels";1;0;1
"progres";1;0;1
"projete";1;0;1
"promoteur industriel";1;0;1
"promouvoir";1;0;1
"proportionellement";1;0;1
"propre";1;0;1
"propriete-immobiliere";1;0;1
"proprietes";1;0;1
"protection-centre-radioelectrique";1;0;1
"protection-complementaire";1;0;1
"protectives";1;0;1
"proteines";1;0;1
"protestant";1;0;1
"prothèse dentaire";1;0;1
"provision";1;0;1
"prélèvement";1;0;1
"préservatif";1;0;1
"président";1;0;1
"psychiatriques";1;0;1
"psychique";1;0;1
"psychologique";1;0;1
"psychologue";1;0;1
"pt1";1;0;1
"pt2";1;0;1
"pt3";1;0;1
"ptap";1;0;1
"publicitaires";1;0;1
"publier";1;0;1
"publies";1;0;1
"px";1;0;1
"pédiatres";1;0;1
"pégase";1;0;1
"pépinières";1;0;1
"pétrole brut";1;0;1
"qualification";1;0;1
"qualifie";1;0;1
"qualifies";1;0;1
"qualite de l air";1;0;1
"quantiles";1;0;1
"quantité";1;0;1
"quasi-argent";1;0;1
"quasi-liquides";1;0;1
"quatre";1;0;1
"quatrieme";1;0;1
"question-parlementaire";1;0;1
"quinquennaux";1;0;1
"quitter";1;0;1
"quote";1;0;1
"quotidienne";1;0;1
"quotidiennes";1;0;1
"quotidiens-locaux";1;0;1
"quotidiens-nationaux";1;0;1
"qx";1;0;1
"rabotage de bois";1;0;1
"rachat";1;0;1
"racines";1;0;1
"racordee";1;0;1
"radiosondages";1;0;1
"raincourt";1;0;1
"raisons-financieres";1;0;1
"rame";1;0;1
"rancontres";1;0;1
"rangée";1;0;1
"rapatriement";1;0;1
"rapport-de-fouilles";1;0;1
"rapportes";1;0;1
"rapports-chapeaux";1;0;1
"rapports-d-activites";1;0;1
"raster marine";1;0;1
"ration";1;0;1
"rationalise";1;0;1
"raymond";1;0;1
"rayons";1;0;1
"rbd";1;0;1
"realise";1;0;1
"realises";1;0;1
"recapitulatif";1;0;1
"recente";1;0;1
"recepteur";1;0;1
"reception-radioelectrique";1;0;1
"receptions";1;0;1
"recettes-cinema";1;0;1
"recevoir";1;0;1
"rechange";1;0;1
"recherches";1;0;1
"recoltees";1;0;1
"reconciliation";1;0;1
"reconditionnement";1;0;1
"reconstructible";1;0;1
"record-sportif";1;0;1
"recourant";1;0;1
"recours";1;0;1
"recouvrement";1;0;1
"recreation";1;0;1
"recrute";1;0;1
"recruter";1;0;1
"recues";1;0;1
"redevance-fiscale";1;0;1
"redevances";1;0;1
"reduire";1;0;1
"reduit";1;0;1
"redynamisation-d-une-zone-geographiaue";1;0;1
"reechelonnee";1;0;1
"reference verticale";1;0;1
"referentiel-de-coordonnees";1;0;1
"refinancement";1;0;1
"refrigeres";1;0;1
"refugiees";1;0;1
"refusee";1;0;1
"refusees";1;0;1
"regarder";1;0;1
"region-agricole";1;0;1
"regis";1;0;1
"registre-des-zones-protegees";1;0;1
"reglement-de-la-voirie";1;0;1
"regles";1;0;1
"regroupement-d-ecoles";1;0;1
"regroupement-pedagogique-intercommunal";1;0;1
"reguliere";1;0;1
"reinstallees";1;0;1
"reinternalisation";1;0;1
"relation";1;0;1
"relation client";1;0;1
"relations";1;0;1
"relative";1;0;1
"reliees";1;0;1
"relies";1;0;1
"relieur";1;0;1
"reliure";1;0;1
"reliures";1;0;1
"relocalisation";1;0;1
"remboursables";1;0;1
"remboursees";1;0;1
"remontee";1;0;1
"remontee-mecanique";1;0;1
"remorque";1;0;1
"remorqueurs";1;0;1
"remplace";1;0;1
"remuneration-sur-objectif";1;0;1
"remunere";1;0;1
"renforcement";1;0;1
"rentabilite-net";1;0;1
"renvoi";1;0;1
"repartitition";1;0;1
"repertoire national des elus";1;0;1
"replantee";1;0;1
"reponse";1;0;1
"representant-permanent";1;0;1
"representations";1;0;1
"représentation";1;0;1
"repères de nivellement";1;0;1
"requetes";1;0;1
"reseau-reussite-scolaire";1;0;1
"reseau-telecommunication";1;0;1
"reserve-operationnelle";1;0;1
"reservistes";1;0;1
"residente";1;0;1
"residuel";1;0;1
"residuelle";1;0;1
"respiratoires";1;0;1
"responsabilisation";1;0;1
"responsabilité sociétale";1;0;1
"reste";1;0;1
"restees";1;0;1
"restreint";1;0;1
"retard-scolaire";1;0;1
"retardes";1;0;1
"retirees";1;0;1
"retournant";1;0;1
"retribuees";1;0;1
"retrouver";1;0;1
"reunions";1;0;1
"reveillon";1;0;1
"revente";1;0;1
"revenu-solidarite";1;0;1
"revenu-solidarite-active";1;0;1
"revenus-des-chirurgiens-dentistes";1;0;1
"reverbere";1;0;1
"rgions";1;0;1
"rhea";1;0;1
"rica";1;0;1
"riz";1;0;1
"ro-ro";1;0;1
"roller";1;0;1
"roncq";1;0;1
"roulement";1;0;1
"roulotte";1;0;1
"routes départementales";1;0;1
"routes-departementales-pdmd-travaux-deviations-grands-projets-routiers";1;0;1
"rrs";1;0;1
"rsa-socle-majore";1;0;1
"rseau";1;0;1
"rtl";1;0;1
"ruptures-d-union";1;0;1
"réduite";1;0;1
"réformes";1;0;1
"référundum";1;0;1
"régions forestières";1;0;1
"réindustrialisation";1;0;1
"réperer";1;0;1
"république";1;0;1
"réseau internet";1;0;1
"réservation";1;0;1
"s-p";1;0;1
"s57";1;0;1
"saillies";1;0;1
"sain";1;0;1
"salage";1;0;1
"salaires-et-charges";1;0;1
"salariés";1;0;1
"salete";1;0;1
"salle-d-exposition";1;0;1
"salle-de-lecture";1;0;1
"salles de cinéma";1;0;1
"salmoniculture";1;0;1
"salmonidé";1;0;1
"salons";1;0;1
"samedi";1;0;1
"sance";1;0;1
"sans-logement";1;0;1
"sante-des-eleves";1;0;1
"sante-maternelle";1;0;1
"sante-scolaire";1;0;1
"saone et loire";1;0;1
"satep";1;0;1
"satisfaits";1;0;1
"sauf";1;0;1
"sauvegarde";1;0;1
"sauvegardé";1;0;1
"sbs";1;0;1
"scenario";1;0;1
"schema-coherence-territoriale";1;0;1
"schema-ensemble";1;0;1
"schema_d-ensemble";1;0;1
"schématique";1;0;1
"scm";1;0;1
"scène nationale";1;0;1
"sdcd";1;0;1
"sec";1;0;1
"secheresses";1;0;1
"second-degré";1;0;1
"secondaires";1;0;1
"secs";1;0;1
"secteur-de-recrutement-des-colleges";1;0;1
"secteur-social";1;0;1
"section-d-education-specialisee";1;0;1
"securisees";1;0;1
"securises";1;0;1
"securitaires";1;0;1
"securite-dans";1;0;1
"sejour-irregulier";1;0;1
"sejours";1;0;1
"selectionne";1;0;1
"semaines";1;0;1
"semestrielles";1;0;1
"semiologie";1;0;1
"senateur";1;0;1
"sensdecirculation";1;0;1
"sentiment";1;0;1
"seraient";1;0;1
"serres";1;0;1
"serristes";1;0;1
"serveur";1;0;1
"serveurs";1;0;1
"service-a-la-personne";1;0;1
"service-de-police";1;0;1
"service-national";1;0;1
"service-soins-domicile";1;0;1
"services-d-utilite-publique";1;0;1
"services-offerts";1;0;1
"servtiude";1;0;1
"sex";1;0;1
"sexualité";1;0;1
"sgae";1;0;1
"shannon";1;0;1
"siderurgique";1;0;1
"sieges";1;0;1
"simple";1;0;1
"sis";1;0;1
"site propre";1;0;1
"sitedeproximite";1;0;1
"sitehebergement";1;0;1
"sites-et-paysages";1;0;1
"sitesclasses";1;0;1
"sitesinscrits";1;0;1
"situation";1;0;1
"situation-economique";1;0;1
"situation-financiere";1;0;1
"situee";1;0;1
"situes";1;0;1
"smabt";1;0;1
"sociales-dans";1;0;1
"société civile";1;0;1
"soins-auxiliaires-medicaux";1;0;1
"soins-d-hygiene";1;0;1
"soins-de-readaptation";1;0;1
"soins-dentiste";1;0;1
"soins-domicile";1;0;1
"soins-infirmiers-domicile";1;0;1
"soins-medecin";1;0;1
"soir";1;0;1
"soldes";1;0;1
"solide";1;0;1
"solidite";1;0;1
"solutre";1;0;1
"sommellerie";1;0;1
"sonde";1;0;1
"sons";1;0;1
"sortant";1;0;1
"sortants";1;0;1
"soucage";1;0;1
"souffre";1;0;1
"souhait";1;0;1
"souhaitant";1;0;1
"soumettre";1;0;1
"soumis";1;0;1
"sources";1;0;1
"sous serre";1;0;1
"sous-alimentation";1;0;1
"sous-carreaux marsden";1;0;1
"sous-marins";1;0;1
"sous-populations";1;0;1
"souscrites";1;0;1
"sox";1;0;1
"spe";1;0;1
"specialement";1;0;1
"specialise";1;0;1
"specialisee";1;0;1
"specialisees";1;0;1
"specialises";1;0;1
"specialistes";1;0;1
"specialite";1;0;1
"speciaux";1;0;1
"specifiee";1;0;1
"specifique";1;0;1
"spectable-vivant";1;0;1
"spoliation";1;0;1
"srp";1;0;1
"sse";1;0;1
"stabilite";1;0;1
"stationmetrologique";1;0;1
"stations-d-epuration";1;0;1
"statistique agricole";1;0;1
"statistique-opendata";1;0;1
"status";1;0;1
"sterling";1;0;1
"stimulant";1;0;1
"strategiques";1;0;1
"structure-d-accueil";1;0;1
"structure-sociale";1;0;1
"structure-sociale-enfant-inadapte";1;0;1
"sub";1;0;1
"subis";1;0;1
"subsaharienne";1;0;1
"subventions-culturelles";1;0;1
"sucre";1;0;1
"sucres";1;0;1
"sucriere";1;0;1
"sud-est";1;0;1
"suivies";1;0;1
"suivre";1;0;1
"sujet";1;0;1
"sulphur";1;0;1
"supercharger";1;0;1
"superchargeur";1;0;1
"supereur";1;0;1
"superficie forestière";1;0;1
"supermarches";1;0;1
"supplementation";1;0;1
"suprerficie";1;0;1
"surface de compensation";1;0;1
"surfaces irriguées";1;0;1
"surfaces-en-eaux";1;0;1
"surpeuplement";1;0;1
"surplus";1;0;1
"surpoids-eleves-cm2";1;0;1
"surveillance-du-reseau";1;0;1
"survenus";1;0;1
"survivants";1;0;1
"susceptibles";1;0;1
"svc";1;0;1
"sylvicole";1;0;1
"symptome";1;0;1
"syndicat-de-rivieres";1;0;1
"systeme-d-immatriculation-des-vehicules";1;0;1
"systme";1;0;1
"sélectionner";1;0;1
"sénateur";1;0;1
"séries de données géographiques";1;0;1
"t1";1;0;1
"t2a";1;0;1
"t4";1;0;1
"t5";1;0;1
"t7";1;0;1
"taille-colleges";1;0;1
"taille-d-entreprise";1;0;1
"taille-lycees";1;0;1
"tardives";1;0;1
"targets";1;0;1
"tarif bleu";1;0;1
"tarif bleu option base";1;0;1
"tarif bleu option hc";1;0;1
"tarif bleu option tempo";1;0;1
"tarif jaune";1;0;1
"tarif vert";1;0;1
"tarif vert a5 option base";1;0;1
"tarif vert a5 option ejp";1;0;1
"tarif-de-groupe";1;0;1
"tarif-individuel";1;0;1
"taux-equipement";1;0;1
"taux-fecondite";1;0;1
"taux-natalite";1;0;1
"taxe-sur-la-valeur-ajoutee";1;0;1
"taxe-sur-les-salaires";1;0;1
"tcsp";1;0;1
"techniques";1;0;1
"technologies-de-l-information-et-de-la-communication-pour-l-enseignement";1;0;1
"technologiques";1;0;1
"telechargement-internet";1;0;1
"telecharger";1;0;1
"televiseur";1;0;1
"television-duree";1;0;1
"television-emissions";1;0;1
"television-series";1;0;1
"teme";1;0;1
"temporelles";1;0;1
"tendre";1;0;1
"tep";1;0;1
"terasse";1;0;1
"terme";1;0;1
"termes";1;0;1
"terminaux";1;0;1
"termine";1;0;1
"terres agricoles";1;0;1
"terres arables";1;0;1
"terrestres";1;0;1
"territoires-agricoles";1;0;1
"territoires-artificialises";1;0;1
"tests-serologiques";1;0;1
"tetanos";1;0;1
"tete";1;0;1
"texte-visites";1;0;1
"textiles";1;0;1
"theme";1;0;1
"therapie";1;0;1
"tierce-personne";1;0;1
"tiers";1;0;1
"tilapia";1;0;1
"tipi";1;0;1
"titulaire-officine";1;0;1
"tm";1;0;1
"tns-sofres";1;0;1
"tomates";1;0;1
"tonne";1;0;1
"tonnes équivalent pétrole";1;0;1
"torchere";1;0;1
"touches";1;0;1
"tourdefrance";1;0;1
"tourismes";1;0;1
"touristique";1;0;1
"tournus";1;0;1
"toutou";1;0;1
"toxicite";1;0;1
"toxicomanie";1;0;1
"toxiques";1;0;1
"traction";1;0;1
"traites";1;0;1
"tranquillitepublique";1;0;1
"trans-oise";1;0;1
"trans-regional";1;0;1
"transfrontalier";1;0;1
"transit-de-voyageurs";1;0;1
"transpiration";1;0;1
"transport-animaux";1;0;1
"transport-gaz";1;0;1
"transport-national";1;0;1
"transport-semi-collectif";1;0;1
"transportes";1;0;1
"transports-aerien-et-spatial";1;0;1
"transports-dans";1;0;1
"transports-malades";1;0;1
"transposition";1;0;1
"traumatisme";1;0;1
"travail-dans";1;0;1
"travail-illegal";1;0;1
"travaille";1;0;1
"travailler";1;0;1
"travailles";1;0;1
"travailleur-handicape";1;0;1
"travaux forestiers";1;0;1
"tresor";1;0;1
"triadiques";1;0;1
"triennales";1;0;1
"trimesteilles";1;0;1
"trimestre";1;0;1
"trisac";1;0;1
"trolleybus";1;0;1
"troncon-routier";1;0;1
"tronçon";1;0;1
"trophées";1;0;1
"tropical";1;0;1
"trouble-mental";1;0;1
"troubles-residuels";1;0;1
"troubles-visuels";1;0;1
"truite";1;0;1
"tubercules";1;0;1
"tuberculose";1;0;1
"tue";1;0;1
"tunnel";1;0;1
"turbots";1;0;1
"turquie";1;0;1
"tv";1;0;1
"tx";1;0;1
"type maree";1;0;1
"type-2";1;0;1
"type-de-voierie";1;0;1
"types";1;0;1
"typiques";1;0;1
"tâche urbaine";1;0;1
"télégraphiques";1;0;1
"ulis";1;0;1
"umts";1;0;1
"un socle commun";1;0;1
"unhcr";1;0;1
"unicef";1;0;1
"uniformite";1;0;1
"unique";1;0;1
"uniquement";1;0;1
"unitaires";1;0;1
"unite-pedagogique-d-integration";1;0;1
"unites";1;0;1
"unité propre";1;0;1
"universitaires";1;0;1
"unpbf";1;0;1
"unrwa";1;0;1
"unss";1;0;1
"upi";1;0;1
"urbains";1;0;1
"urgence-secourisme";1;0;1
"usage-de-bureau";1;0;1
"usage-et-service-numeriques";1;0;1
"usages-ordinateur";1;0;1
"utilisateur";1;0;1
"utilisateurs";1;0;1
"utilisation-tice-etablissements-scolaires";1;0;1
"utilisent";1;0;1
"utiliser";1;0;1
"utiliss";1;0;1
"vab";1;0;1
"vacance";1;0;1
"vaccins-antirabiques";1;0;1
"vache";1;0;1
"val de marne";1;0;1
"vapeur";1;0;1
"variable";1;0;1
"variables";1;0;1
"vecues";1;0;1
"vegetales";1;0;1
"vegetarien";1;0;1
"vendeurs";1;0;1
"verbalisation electronique";1;0;1
"verrerie";1;0;1
"versee";1;0;1
"versees";1;0;1
"versements-bruts";1;0;1
"vhs";1;0;1
"viaduc";1;0;1
"viandes-hachees";1;0;1
"vide";1;0;1
"video-physique";1;0;1
"vides";1;0;1
"vie culturelle";1;0;1
"vie quotidienne";1;0;1
"vie sociale";1;0;1
"vie économique";1;0;1
"vie économique - innovation";1;0;1
"vie-familiale";1;0;1
"vieille";1;0;1
"vif";1;0;1
"village-de-vacances";1;0;1
"villesanslimite";1;0;1
"visite-medicale-domicile";1;0;1
"vitalite";1;0;1
"vitamine";1;0;1
"vivants";1;0;1
"vivriere";1;0;1
"voie nationale";1;0;1
"voies-routieres";1;0;1
"voisins";1;0;1
"volatils";1;0;1
"vols";1;0;1
"volume";1;0;1
"vraisemblablement";1;0;1
"wagons";1;0;1
"weee";1;0;1
"wrf";1;0;1
"yen";1;0;1
"yourte";1;0;1
"zat";1;0;1
"zero";1;0;1
"zone-artisanale";1;0;1
"zone-d-activite";1;0;1
"zone-d-amenagement-du-territoire";1;0;1
"zone-d-emploi";1;0;1
"zonepietonne";1;0;1
"zonepietonniere";1;0;1
"écloserie";1;0;1
"économie sociale";1;0;1
"écoute";1;0;1
"écroués";1;0;1
"édition";1;0;1
"élect";1;0;1
"élévation";1;0;1
"épuration";1;0;1
"équilibre ressources emplois";1;0;1
"établissements-de-santé";1;0;1
"établissements_de_santé";1;0;1
"étalage";1;0;1
"étang";1;0;1
"achat publi";0;1;1
"coiffure";0;1;1
"composition des aliments";0;1;1
"coordonnées des ambassades";0;1;1
"créances";0;1;1
"désaffecté";0;1;1
"exploité";0;1;1
"horaire bureau de poste";0;1;1
"monacia";0;1;1
"obésité";0;1;1
"prices";0;1;1
"père lachaise";0;1;1
"recharge voiture electrique espagne";0;1;1
"rhône alpes";0;1;1
"risque sanitaire";0;1;1
"régions administratives";0;1;1
"territoires de vie";0;1;1
"2000-258-CE";1;0;1
"2000-75-CE";1;0;1
"2001-89-CE";1;0;1
"2002-60-CE";1;0;1
"2005-94-CE";1;0;1
"90-426-CEE";1;0;1
"92-119-CEE";1;0;1
"92-35-CEE";1;0;1
"92-65-CEE";1;0;1
"92-66-CEE";1;0;1
"Abatoirs";1;0;1
"Agrxment-zoo-sanitaire";1;0;1
"Aliments-pour-animaux";1;0;1
"Animaux-de-boucherie";1;0;1
"Arrete-ministeriel-du-28-02-2000";1;0;1
"Atelier-de-traitement";1;0;1
"Atelier-demballage";1;0;1
"Boyaux";1;0;1
"Centre-de-rassemblement";1;0;1
"Centre-de-stockage";1;0;1
"Collagene";1;0;1
"Conchylicoles";1;0;1
"Conditionnement";1;0;1
"Coquillage";1;0;1
"Cuisine-communautaire";1;0;1
"DAR";1;0;1
"Echange";1;0;1
"Echanges";1;0;1
"Entreposage";1;0;1
"Equidxs";1;0;1
"Etablissements-dxrogatoires";1;0;1
"Etablissements-froid";1;0;1
"Fabrication";1;0;1
"Fabrication-de-fromage";1;0;1
"Ferme";1;0;1
"Fermes-aquacoles";1;0;1
"Graisses-animales";1;0;1
"Grenouilles";1;0;1
"Installations-enregistrxes";1;0;1
"Laboratoires-agrxxs";1;0;1
"Laboratoires-de-rA-c-fA-c-rence";1;0;1
"Lait-traitA-c";1;0;1
"Lapins";1;0;1
"Materiaux-et-locaux-traditionnels";1;0;1
"Mecanique";1;0;1
"Nxgociants-agrxxs";1;0;1
"Oeufs-liquides";1;0;1
"Ongulxs-domestiques";1;0;1
"Os-vertA-c-bral";1;0;1
"Ovoproduits";1;0;1
"PBV";1;0;1
"PC";1;0;1
"Procins";1;0;1
"Produit-de-la-pxche";1;0;1
"Produits-composites";1;0;1
"Produits-de-la-pAche";1;0;1
"Produits-laitiers";1;0;1
"Produits-transformA-c-s";1;0;1
"Prxparation-de-viandes";1;0;1
"Pxche";1;0;1
"Reconditionnement";1;0;1
"Salmonelle";1;0;1
"SantA-c-et-Protection-des-Animaux";1;0;1
"Saucisse";1;0;1
"Tests-sxrologiques";1;0;1
"Transport-animaux";1;0;1
"Transporteurs";1;0;1
"Type-2";1;0;1
"Vaccins";1;0;1
"Vaccins-antirabiques";1;0;1
"Viande-fraiche";1;0;1
"Viandes";1;0;1
"Viandes-hachxes";1;0;1
"Volaille";1;0;1
"Volailles";1;0;1
"Volailles-et-lapins";1;0;1
"ZNT";1;0;1
"agrxment-zoo-sanitaire";1;0;1
"centres art dramatique";0;1;1
"scènes nationales";0;1;1
"chorégraphie";0;1;1
"création musicale";0;1;1
"evacuation-eau-usee";1;0;1
"prelevement-eau";1;0;1
"fouille archéologiques";0;1;1
"détecteur de fumée";0;1;1
"risque incendie";0;1;1
"laicite";1;0;1
"sénégal";1;0;1
"caméra";1;0;1
"égalités";0;1;1
"statistique-annuelle";1;0;1
"statistique-annuelle-des-etablissements";1;0;1
"agents conversationnels";0;1;1
"analyse sémantique";0;1;1
"démocratie participative";0;1;1
"e-citoyenneté";0;1;1
"gestion des informations globales";0;1;1
"gestion des informations locales";0;1;1
"langage naturel";0;1;1
"parchemin";1;0;1
"sceau";1;0;1
"procédé photographique";1;0;1
"b2i";1;0;1
"ouvrage-retenue";1;0;1
"retenue-d-eau";1;0;1
"garde vert";1;0;1
"cpie";1;0;1
"loi-de-finance";0;1;1
"réserve-naturelle";1;0;1
"objectif-qualite";1;0;1
"perimetre-hydrographique";1;0;1
"schema-d-amenagement-gestion-eau";1;0;1
"zlatansheim";1;0;1
"détecteur incendie";0;1;1
"asp";1;0;1
"proprietaire-forestier";1;0;1
"clichés";1;0;1
"europe 1";1;0;1
"france info";1;0;1
"liste noire";1;0;1
"porn";1;0;1
"sud radio";1;0;1
"communes rurales";0;1;1
"rue89";0;1;1
"test open";1;0;1
"câble";1;0;1
"accès internet";1;0;1
"service fixe";1;0;1
"trouves";1;0;1
"trouvés";1;0;1
"chaines";1;0;1
"foyer fiscal";1;0;1
"épidémiologie";1;0;1
"papier connecté";0;1;1
"plasticien";1;0;1
"wienerschnitzelus";1;0;1
"geopolitique";1;0;1
"ballon";1;0;1
"ibrahimovic";1;0;1
"levure";1;0;1
"ligue1";1;0;1
"messi";1;0;1
"psg";1;0;1
"sheim";1;0;1
"tee shirt";1;0;1
"zlatan";1;0;1
"ceta";1;0;1
"ttip";1;0;1
"schnitzelus";1;0;1
"data-2-c";0;1;1
"assiduité";0;1;1
"credit auto pas cher";1;0;1
"credit voiture";1;0;1
"jongles";1;0;1
"aide au développement";1;0;1
"vincipark";1;0;1
"covoiturage temps-réel";0;1;1
"nuitée";1;0;1
"credit automobile";1;0;1
"simulation pret auto";1;0;1
"dégustation";1;0;1
"fêtes";1;0;1
"hotellerie de plein air";1;0;1
"manisfestation";1;0;1
"manisfestations";1;0;1
"competences-territoriales";1;0;1
"decoupage-territorial";1;0;1
"zone-de-competence";1;0;1
"zones-competences";1;0;1
"grossesse-a-bas-risque";1;0;1
"groupe-social";1;0;1
"interventions-obstetricales";1;0;1
"etablissement-d-hebergement";1;0;1
"hospitalisation-domicile";1;0;1
"interruptions-medicale-de-grossesse";1;0;1
"mortinatalite";1;0;1
"prematures";1;0;1
"prestations-d-aide-sociale";1;0;1
"comparateur credit voiture";1;0;1
"meilleur taux";1;0;1
"pret auto le moins cher";1;0;1
"simulateur credit auto";1;0;1
"geohash";0;1;1
"hbase";0;1;1
"hfactory";0;1;1
"aménagements";1;0;1
"renouvellements urbains";1;0;1
"crématorium";1;0;1
"banque en ligne";1;0;1
"banque moins cher";1;0;1
"banque pas cher";1;0;1
"compte bancaire pas cher";1;0;1
"compte banque en ligne";1;0;1
"ouvrir compte bancaire";1;0;1
"ouvrir comte en ligne";1;0;1
"ouvrir un compte";1;0;1
"ouvrir un compte en banque";1;0;1
"ouvrir un compte sur internet";1;0;1
"datamining";0;1;1
"prédictif";0;1;1
"reussite-scolaire";1;0;1
"réseau-education-prioritaire";1;0;1
"comparateur emprunt";1;0;1
"credit auto financement";1;0;1
"emprunt auto";1;0;1
"financement auto";1;0;1
"pret aut";1;0;1
"pret auto pas cher";1;0;1
"pret automobile";1;0;1
"simulateur pret";1;0;1
"trouve";1;0;1
"enseignement adapté";1;0;1
"gfe";1;0;1
"scuio";1;0;1
"objects-trouvés";0;1;1
"initiative france europe 2020";0;1;1
"loi esr";0;1;1
"biatss";1;0;1
"programme 150";1;0;1
"programme 231";1;0;1
"chimiotherapie";1;0;1
"seances";1;0;1
"agence française de développement";1;0;1
"benin";1;0;1
"burundi";1;0;1
"bénin";1;0;1
"centrafrique";1;0;1
"comores";1;0;1
"congo";1;0;1
"dispositif médical";1;0;1
"djibouti";1;0;1
"ghana";1;0;1
"guinée";1;0;1
"infrastuctures";1;0;1
"madagascar";1;0;1
"mauritanie";1;0;1
"niger";1;0;1
"république centrafricaine";1;0;1
"république démocratique du congo";1;0;1
"senegal";1;0;1
"sécurité alimentaire";1;0;1
"tchad";1;0;1
"togo";1;0;1
"transparency";1;0;1
"union des comores";1;0;1
"médecine ambulatoire";1;0;1
"âges";0;1;1
"bj-b2";1;0;1
"nne";1;0;1
"plan comptable";1;0;1
"zz";1;0;1
"aide à la lecture";0;1;1
"aide à la rédaction";0;1;1
"réglementation";0;1;1
"traitement de texte augmenté";0;1;1
"pièce";0;1;1
"personnalisation";0;1;1
"veille juridique";0;1;1
"sommaire jorf";0;1;1
"court métrage";1;0;1
"césarienne";0;1;1
"affichage dynamique";0;1;1
"efficacité";0;1;1
"accueil-de-loisir";1;0;1
"zone franche";1;0;1
"matières";1;0;1
"simulateur credit";1;0;1
"ondes électromagnétiques";0;1;1
"créativité";0;1;1
"divertissement";0;1;1
"maladies nosocomiales";0;1;1
"date-de-peremption";0;1;1
"free license";0;1;1
"jquery";0;1;1
"opérateurs";0;1;1
"téléphone";0;1;1
"caravane";1;0;1
"tente";1;0;1
"terrain-camping";1;0;1
"evènements";1;0;1
"subdivision-administrative";1;0;1
"subdivision-territoriale";1;0;1
"terrain-gorge-d-eau";1;0;1
"terrain-inondé";1;0;1
"cryoconservation";1;0;1
"ressources génétiques";1;0;1
"data journalisme";0;1;1
"objets trouvés";0;1;1
"brigade";1;0;1
"comissariat";1;0;1
"compétence";1;0;1
"grande instance";0;1;1
"tgi";0;1;1
"citizen press";0;1;1
"economie denergie";0;1;1
"newsgame";0;1;1
"groupement-d-interet-cynegenique";1;0;1
"lot-chasse";1;0;1
"terrain-d-accueil";1;0;1
"terrain-gens-voyage";1;0;1
"tourimse";0;1;1
"securite routiere";0;1;1
"centres pmi";1;0;1
"commune rurale";1;0;1
"dataconnexion";1;0;1
"datajournlisme";1;0;1
"linkeddata";0;1;1
"vendée";1;0;1
"data-connexions";0;1;1
"géo-visualiseur";0;1;1
"géomatique";0;1;1
"aménagement foncier";0;1;1
"accumulation";1;0;1
"coteaux";1;0;1
"fraicheur";1;0;1
"ramée";1;0;1
"allergies";0;1;1
"intolérances";0;1;1
"sans arachide";0;1;1
"sans crustacés";0;1;1
"sans céleri";0;1;1
"sans fruits à coque";0;1;1
"sans gluten";0;1;1
"sans lait";0;1;1
"sans lupin";0;1;1
"sans mollusques";0;1;1
"sans moutarde";0;1;1
"sans oeuf";0;1;1
"sans poisson";0;1;1
"sans soja";0;1;1
"sans sulfites";0;1;1
"sans sésame";0;1;1
"mémoire";0;1;1
"contrat-urbain-cohesion-sociale";1;0;1
"non-zus";1;0;1
"stations de recharge";1;0;1
"voitures electriques";1;0;1
"intérêts";1;0;1
"sydev";1;0;1
"bananes";1;0;1
"cerisiers";1;0;1
"kiwis";1;0;1
"raisins de table";1;0;1
"etablissement_hospitalier";1;0;1
"redynamisation-urbaine";1;0;1
"syndicat-d-initiatives";1;0;1
"zone-urbaine-sensible";1;0;1
"allergies alimentaires";0;1;1
"agence-nationale-pour-la-renovation-urbaine";1;0;1
"réseau bornes de recharge rapide concessionnaires nissan";1;0;1
"réseau de bornes de recharge rapide auchan";1;0;1
"nivologie";0;1;1
"enneigement";0;1;1
"réseau bornes de recharge rapide auchan";1;0;1
"réseau bornes de recharge rapide concessions nissan";1;0;1
"municipales 20104";0;1;1
"zaet";1;0;1
"www.referencement1.fr";0;1;1
"crédit auto pas cher";1;0;1
"crédit le moins cher";1;0;1
"crédit moins cher";1;0;1
"crédit pas cher";1;0;1
"crédit travaux pas cher";1;0;1
"simulation crédit";1;0;1
"agence de communication";1;0;1
"agence de référencement";1;0;1
"agence web";1;0;1
"alltitude";1;0;1
"altitiude";1;0;1
"modèle";1;0;1
"modèles";1;0;1
"salinité";1;0;1
"samus";1;0;1
"données de santé";0;1;1
"objets connectés";0;1;1
"opéras";0;1;1
"coaching au féminin";1;0;1
"leadership au féminin";1;0;1
"mixité professionnelle";1;0;1
"gardes de jour";1;0;1
"école primaire";1;0;1
"consommation-médicale";0;1;1
"espaces canins";1;0;1
"enclos à sapin";1;0;1
"données carroyées à 200m";0;1;1
"rénovation énergétique";1;0;1
"enseignement artistique";1;0;1
"fontaines-à-eau";1;0;1
"palais-des-sports";1;0;1
"rendez-vous";1;0;1
"terrain-de-football";1;0;1
"terrain-de-tennis";1;0;1
"déperdition";1;0;1
"espace-collaboratif";1;0;1
"fontaine-à-eau";1;0;1
"ordures-ménagères";1;0;1
"sacs";1;0;1
"ensemble-territoire";1;0;1
"maisons de retraite";1;0;1
"popreté";1;0;1
"ligne 15";1;0;1
"ligne 16";1;0;1
"ligne 17";1;0;1
"ligne 18";1;0;1
"rtpg";1;0;1
"20e siècle";1;0;1
"deux roues";1;0;1
"équipement culturel";1;0;1
"agence postale";1;0;1
"distributeur de billets";1;0;1
"issy.com";1;0;1
"média";1;0;1
"pompes funèbres";1;0;1
"société de production";1;0;1
"alarme";1;0;1
"animaleries";1;0;1
"blindage";1;0;1
"carrelage";1;0;1
"cordonniers";1;0;1
"fenêtres";1;0;1
"interphone";1;0;1
"laveries";1;0;1
"maçonnerie";1;0;1
"menuisiers";1;0;1
"pressings";1;0;1
"ramonage";1;0;1
"stores";1;0;1
"toilettage";1;0;1
"volets";1;0;1
"électriciens";1;0;1
"beauté";1;0;1
"bjouteries";1;0;1
"chausseurs";1;0;1
"coiffeurs";1;0;1
"fleuristes";1;0;1
"instituts de beauté";1;0;1
"jardineries";1;0;1
"maroquineries";1;0;1
"merceries";1;0;1
"opticiens";1;0;1
"relaxation";1;0;1
"remise en forme";1;0;1
"retoucheurs";1;0;1
"agences de voyages";1;0;1
"ameublement";1;0;1
"voyager";1;0;1
"électroménager";1;0;1
"permanences juridiques";1;0;1
"permanences urbanismes";1;0;1
"equipements-scolaires";1;0;1
"banque étudiante";1;0;1
"bons plans étudiant";1;0;1
"bordeaux iii";1;0;1
"bordeaux iv";1;0;1
"étudiant bordeaux";1;0;1
"étudiant chinois bordeaux";1;0;1
"assurance en france";1;0;1
"complémentaire santé";1;0;1
"mutuelle en france";1;0;1
"prix mutuelle";1;0;1
"étude le comparateurassurance.com";1;0;1
"étude pixeo";1;0;1
"groupe pixeo";1;0;1
"le comparateur assurance";1;0;1
"lecomparateurassurance.com";1;0;1
"pixeo";1;0;1
"prix assurance";1;0;1
"tarifs assurance";1;0;1
"étude le comparateur assurance";1;0;1
"étude lecomparateurassurance.com";1;0;1
"redécoupage";1;0;1
"étude";1;0;1
"rachat de credit";0;1;1
"sdis 91";1;0;1
"la réunion";1;0;1
"conseils départementaux";0;1;1
"tarot amour";1;0;1
"alfred molet";0;1;1
"budget et finances du département";1;0;1
"ratios financiers obligatoires";1;0;1
"colectivtés territoriales";1;0;1
"dépenses cultrelles";1;0;1
"conseil general";1;0;1
"bahtymétrie";1;0;1
"bry sur marne";1;0;1
"meurthe et moselle";1;0;1
"open data camp";0;1;1
"égalité homme-femme";1;0;1
"agicole";0;1;1
"surface agricole";0;1;1
"déuptés";0;1;1
"accidents de la route";1;0;1
"bains-douches";1;0;1
"centre de loisir";1;0;1
"marché alimentaire";1;0;1
"sanitaire et social";1;0;1
"ministère des finances";1;0;1
"candélabre";1;0;1
"pique";1;0;1
"prêteurs";1;0;1
"jean lucmolet";0;1;1
"molet";0;1;1
"bd carto";0;1;1
"bassins gérontologiques";1;0;1
"comité  technique";1;0;1
"syndicats professionnels";1;0;1
"formations supérieures";0;1;1
"premier tour départementales";0;1;1
"aide sociale hergement";1;0;1
"structures accueil";1;0;1
"téléassistance";1;0;1
"aide sociale à l aide ménagère";1;0;1
"transport specialisé";1;0;1
"transport spécialisé";1;0;1
"aide sociale à l hergement";1;0;1
"abaissement";1;0;1
"appuis";1;0;1
"borne-d-entree";1;0;1
"borne-de-mixte";1;0;1
"borne-de-sortie";1;0;1
"bornes-escamotables";1;0;1
"code-postale";1;0;1
"concentration-economique";1;0;1
"declaration-d-utilite-publique";1;0;1
"formes-urbaines";1;0;1
"frequentation-pietonne";1;0;1
"nature-en-ville";1;0;1
"numero-voies";1;0;1
"parcobus";1;0;1
"public-wifi-poitiers";1;0;1
"publicwifipoitiers";1;0;1
"schema-directeur-d-amenagement";1;0;1
"secteurs-constructibles";1;0;1
"secteurs-naturels";1;0;1
"stationnement-sur-voirie-stationnement-payant-horodateurs";1;0;1
"stationnement-sur-voirie-tarification-zone-residents";1;0;1
"systeme-de-secours";1;0;1
"terrains-reserves";1;0;1
"toilettes-publics";1;0;1
"verre-usage";1;0;1
"accès et maintien dans le logement";1;0;1
"fonds solidarité logement";1;0;1
"bordure de trottoir";1;0;1
"chaussée dégradée";1;0;1
"feu tricolore";1;0;1
"fuite_eau";1;0;1
"lice en bois";1;0;1
"nid de poule";1;0;1
"plaque de rue";1;0;1
"stationnement abusif";1;0;1
"trottoir dégradé";1;0;1
"cer";1;0;1
"contrats engagement réciproque";1;0;1
"cordon-littoral";1;0;1
"zone-batie-continue";1;0;1
"actualite francaise";1;0;1
"journaux francais";1;0;1
"journaux maroc";1;0;1
"journaux marocains";1;0;1
"presse francaise";1;0;1
"presse marocaine";1;0;1
"rm-dgpdd-distrat-sig";1;0;1
"cartomancie gratuite";1;0;1
"cartomancie gratuite immediate";1;0;1
"cholesterol";0;1;1
"voyance par tchat gratuite";1;0;1
"cg-35";1;0;1
"mobilite-transport-stationnement";1;0;1
"accueil collectif de la petites enfance";1;0;1
"accueil individuel de la petite enfance";1;0;1
"accueil individuel du jeune enfant";1;0;1
"pf";1;0;1
"protection maternelle";1;0;1
"accueil familial";1;0;1
"projet éducatif départemental";1;0;1
"dotation globale de fonctionnement";1;0;1
"résultat exercice";1;0;1
"résultat global";1;0;1
"data.gouv.fr";1;0;1
"data.issy.com";1;0;1
"prélèvements";1;0;1
"deuxième tour départementales";0;1;1
"traitement-de-surface";1;0;1
"dépannage";0;1;1
"subventions aux structures";1;0;1
"géodésique";1;0;1
"handicapées";1;0;1
"fap";0;1;1
"unserland";1;0;1
"protégés";1;0;1
"pépinière";1;0;1
"réseaux";1;0;1
"police territoriale";1;0;1
"policiers municipaux";1;0;1
"policiers territoriaux";1;0;1
"sdpm";1;0;1
"milieu-biologique-habitats-remarquables-maerl";1;0;1
"milieu-chimique-contaminants";1;0;1
"treompan";1;0;1
"fréquences";1;0;1
"easysdi";0;1;1
"tarot amour gratuit";1;0;1
"sacd";1;0;1
"sgd";1;0;1
"risques-lies-a-l-eau-naturels-sanitaires-et-technologiques";1;0;1
"troncon-hydrographique-thematique";1;0;1
"archyd";1;0;1
"d-4-reseaux-trophiques";1;0;1
"d-8-contaminants-chimiques";1;0;1
"eutrophisation-milieux-lagunaires-mediterraneens-macrophytes-herbiers-macroalgues-nutriments-azote-phosphore-phytoplanct";1;0;1
"observation-indirecte";1;0;1
"observation-par-transect";1;0;1
"ospar";1;0;1
"phycotoxines-toxines-coquillages-mollusques-bivalves-dsp-psp-asp";1;0;1
"phytoplancton-micro-algues-blooms-efflorescences-biomasse-chlorophylle-abondance-physico-chimie";1;0;1
"rephy";1;0;1
"rhln";1;0;1
"rocch";1;0;1
"rsl";1;0;1
"srn";1;0;1
"zones-conchylicole";1;0;1
"opendamir";0;1;1
"droit-d-auteur";0;1;1
"abyssal";1;0;1
"atlantique-nord";1;0;1
"bathyal";1;0;1
"circalittoral";1;0;1
"donnnees-ouvertes";1;0;1
"etage";1;0;1
"infralittoral";1;0;1
"materiaux-marins";1;0;1
"reglementation-et-gestion-reglementation-des-usages-parcelle-ou-concession";1;0;1
"sites-granulats-marins";1;0;1
"zone-biologique";1;0;1
"peche-cotiere";1;0;1
"reserve-de-peche";1;0;1
"bureau information jeunesse";1;0;1
"secteurs scolaires";1;0;1
"bureau-information-jeunesse";1;0;1
"plan de zonage";1;0;1
"lemouv";1;0;1
"funradio";1;0;1
"election municipale";1;0;1
"election municipale 2014";1;0;1
"eaux-souterraines-nappes-d-eau";1;0;1
"couponing";1;0;1
"ecouponing";1;0;1
"élection départementale";1;0;1
"élection départementale 2015";1;0;1
"élection municipale 2014";1;0;1
"élections présidentielles 2012";1;0;1
"skyrock";1;0;1
"élection législative 2012";1;0;1
"élection cantonale 2011";1;0;1
"aucun";1;0;1
"élection régionale 2010";1;0;1
"élection européenne 2009";1;0;1
"élection municipale 2008";1;0;1
"élection cantonale 2008";1;0;1
"élections présidentielles 2007";1;0;1
"base adresse nationale";1;0;1
"élection législative 2007";1;0;1
"reseau social";1;0;1
"élection régionale 2004";1;0;1
"élection européenne 2004";1;0;1
"élection cantonale 2004";1;0;1
"élections présidentielles 2002";1;0;1
"élecitons cantonales 2002";1;0;1
"élection cantonale 2002";1;0;1
"élection législative 2002";1;0;1
"recomposition-territoire";0;1;1
"élection municipale 2001";1;0;1
"élections municipales 2001";1;0;1
"quinquennat";1;0;1
"élections cantonales 2001";1;0;1
"élection européenne 1999";1;0;1
"élection régionale 1998";1;0;1
"élections régionales 1998";1;0;1
"élection cantonale 1998";1;0;1
"élections cantonales 1998";1;0;1
"élection législative 1997";1;0;1
"élections législatives 1997";1;0;1
"élection municipale 1995";1;0;1
"élection présidentielle 1995";1;0;1
"élections municipales 1995";1;0;1
"élections présidentielles 1995";1;0;1
"élection européenne 1994";1;0;1
"élections européennes 1994";1;0;1
"densité";0;1;1
"age-legal-droit-a-la-retraite";1;0;1
"élection cantonale 1994";1;0;1
"élections cantonales 1994";1;0;1
"dent-creuse";1;0;1
"friche-urbaine";1;0;1
"friches";1;0;1
"abri-d-urgence";1;0;1
"activite-economique-entreprises-et-commerces";1;0;1
"aires-de-repos";1;0;1
"assainissement-routier";1;0;1
"bassin-d-orage";1;0;1
"bassin-de-decantation";1;0;1
"bassins-de-retention";1;0;1
"bateau-de-peche";1;0;1
"bretelle";1;0;1
"chaussees";1;0;1
"circulation-maritime";1;0;1
"couche-de-roulement";1;0;1
"ddt-53";1;0;1
"donges";1;0;1
"droit-d-acces";1;0;1
"eau-de-baignade-marine";1;0;1
"echangeur";1;0;1
"ecran-acoustique";1;0;1
"equipements-de-mesure";1;0;1
"etude-des-risques-naturels";1;0;1
"gestion-de-cours-d-eau";1;0;1
"guingamp";1;0;1
"haute-mer";1;0;1
"itpc";1;0;1
"jugon-les-lacs";1;0;1
"lamballe";1;0;1
"liaison";1;0;1
"lignieres-orgeres";1;0;1
"litto-3-d";1;0;1
"littoral-maritime";1;0;1
"loi-sur-la-peche";1;0;1
"lutte-contre-le-bruit-routier";1;0;1
"mesanger";1;0;1
"mesure-pour-le-controle-de-la-circulation";1;0;1
"montoir-de-bretagne";1;0;1
"murs-antibruits";1;0;1
"navigation-maritime";1;0;1
"occupation-du-sol-sol-sous-sol-mode-d-occupation-du-sol";1;0;1
"ouvrages-d-art";1;0;1
"paimpol";1;0;1
"parametre-meteorologique";1;0;1
"patrimoine-tourisme-loisirs-tourisme-et-loisirs";1;0;1
"peche-professionnelle";1;0;1
"pollution-sonore-de-l-environnement";1;0;1
"postes-appel-urgence";1;0;1
"prevention-des-catastrophes";1;0;1
"reglementation-des-transports";1;0;1
"riaille";1;0;1
"risque-n-zonages-risque-naturel";1;0;1
"risques-et-securite-autres";1;0;1
"rn";1;0;1
"services-et-equipements-publics-culture-et-sport";1;0;1
"siredo";1;0;1
"site-historique";1;0;1
"sos";1;0;1
"station-comptage";1;0;1
"stations-de-surveillance";1;0;1
"stations-meteo";1;0;1
"structure-de-chaussee";1;0;1
"temps-meteo";1;0;1
"terre-plein-central";1;0;1
"trace-des-routes";1;0;1
"trafic-a-grande-vitesse";1;0;1
"trafic-commercial";1;0;1
"transport-de-matieres-dangereuses";1;0;1
"versants";1;0;1
"zone-de-peche";1;0;1
"zone-de-service";1;0;1
"1992";1;0;1
"référendum 1992";1;0;1
"voltage";1;0;1
"donnees-privees";1;0;1
"self data";1;0;1
"02-region-bourgogne";1;0;1
"03-franche-comte";1;0;1
"03-region-franche-comte";1;0;1
"commissions administratives";1;0;1
"geo-fla";1;0;1
"artisan paris";0;1;1
"géospatial";0;1;1
"zone-protection-speciale";1;0;1
"zps";1;0;1
"référencement naturel";1;0;1
"rugby à xiii";0;1;1
"sos plombier palaiseau";0;1;1
"ecig";1;0;1
"sydesl";1;0;1
"resultat bac 2015";0;1;1
"groupements à fiscalité propre";1;0;1
"cph";1;0;1
"mère-enfant";1;0;1
"personnes en difficulté sociale";1;0;1
"l214-17";1;0;1
"cpf";1;0;1
"débits de tabac";1;0;1
"dédouanement";1;0;1
"désignation-commerciale";1;0;1
"services-douaniers";1;0;1
"etpt";1;0;1
"cidre";1;0;1
"contrefaçon";1;0;1
"fraude";1;0;1
"saisies";1;0;1
"saisines";1;0;1
"e-réptuation";1;0;1
"e-réputation";1;0;1
"etude pme";1;0;1
"ficoba";1;0;1
"renseignement";1;0;1
"réputation en ligne";1;0;1
"établissement public local";1;0;1
"étude pme";1;0;1
"reputation";1;0;1
"amelioration habitat";1;0;1
"modernisation chauffage";1;0;1
"aides-aux-jeunes";1;0;1
"ambition";1;0;1
"contribuez";1;0;1
"innovation organisationnelle";1;0;1
"pension-de-droit-direct";1;0;1
"rsa-2014";1;0;1
"ambition numérique";1;0;1
"depart-a-la-retraite";1;0;1
"fin-de-carriere";1;0;1
"modes-de-vie";1;0;1
"perco";1;0;1
"prestations-de-logement";1;0;1
"prestations-familiales";1;0;1
"relation-social";1;0;1
"retraite-supplementaire";1;0;1
"diplomatie économique";1;0;1
"fekl";1;0;1
"windows phone";0;1;1
"operation-programmee-amelioration-de-l-habitat";1;0;1
"sortir à lyon";1;0;1
"producteur ginseng";1;0;1
"ginseng coree";0;1;1
"ginseng rouge";0;1;1
"35";1;0;1
"categorie sociale";0;1;1
"datapackage";1;0;1
"sevrage";1;0;1
"accompagnement-scolaire";1;0;1
"carapatte";1;0;1
"amenagement-urbanisme-zonages-amenagement";1;0;1
"zone-naturelle";1;0;1
"montant-minimum-pour-vivre";1;0;1
"perceptions";1;0;1
"subjectif";1;0;1
"seine ouest digital";0;1;1
"so digital";0;1;1
"basse-normandie";1;0;1
"donnees-generiques";1;0;1
"equipement-sportif-et-culturel";1;0;1
"erp-autres";1;0;1
"reserves-naturelles-regionales";1;0;1
"secretariat-general-pour-les-affaires-regionales";1;0;1
"zonage-amenagement";1;0;1
"zonage-nature";1;0;1
"agility";1;0;1
"c.s.a.u.";1;0;1
"ecole du chiot";1;0;1
"field trial";1;0;1
"obéissance";1;0;1
"pistage français";1;0;1
"r.c.i.";1;0;1
"recherche utilitaire";1;0;1
"resultat bac";0;1;1
"resultat bep";0;1;1
"resultat brevet";0;1;1
"resultat bts";0;1;1
"resultat cap";0;1;1
"resultats examens";0;1;1
"enseignement pré-élémentaire";1;0;1
"scolarité obligatoire";1;0;1
"socle commun";1;0;1
"qppv";1;0;1
"stage permis à points";0;1;1
"unite-paysagere";1;0;1
"boîtes aux lettres";1;0;1
"zone-de-developpement-de-l-eolien";1;0;1
"wasquehal";1;0;1
"congés";1;0;1
"specifications-partagees";1;0;1
"sante-animale";1;0;1
"air-climat-meteorologie";1;0;1
"culture-sport-societe-service";1;0;1
"ddt-drome";1;0;1
"ddt-savoie";1;0;1
"equarrissage";1;0;1
"etablissement-public-a-caractere-industriel-et-commercial";1;0;1
"laiterie";1;0;1
"onf-rhone-alpes";1;0;1
"produit-laitier";1;0;1
"rhone-alpes-et-auvergne";1;0;1
"site-industriel-production-tar";1;0;1
"site-production-energie";1;0;1
"surveillance-biologique";1;0;1
"travaux-action";1;0;1
"zone-d-intervention-fonciere";1;0;1
"zones-protegees";1;0;1
"zse";1;0;1
"idbus";1;0;1
"portage";1;0;1
"atlantique-nord-north-atlantic";1;0;1
"concession-concession";1;0;1
"donnnees-ouvertes-open-source-data";1;0;1
"exploitation-exploitation";1;0;1
"extraction-extraction";1;0;1
"geologie-geology";1;0;1
"granulats-marins-marine-aggregate";1;0;1
"manche-english-channel";1;0;1
"materiaux-marins-marine-materials";1;0;1
"reglementation-regulation";1;0;1
"sites-granulats-marins-marine-aggregate-sites";1;0;1
"archeologies-patrimoines-histoires-fortifications-chateaux-maisons-fortes-forteresses-moyen-age-castellologie";1;0;1
"centre-castellologie";1;0;1
"communes-conseil-regional-epci-amenagement-du-territoire-intercommunalites";1;0;1
"conseil-regional-territoire-de-projets-amenagement-du-territoire-documents-d-urbanisme-plannification-epci";1;0;1
"conseil-regional-territoire-de-projets-amenagement-du-territoire-emploi-bassins-economie-formation";1;0;1
"cyclo";1;0;1
"pays-conseil-regional-territoire-de-projets-amenagement-du-territoire-contrat-de-pays-petr-opendata-donnees-ouvertes";1;0;1
"transports-infrastructure";1;0;1
"habitat-politique-de-la-ville-parc-logements";1;0;1
"mode faire valoir";1;0;1
"otex";1;0;1
"fête";1;0;1
"fête de la musique";1;0;1
"horlogerie";0;1;1
"montre";0;1;1
"pratiques cultures";1;0;1
"virginradio";1;0;1
"fete de la musique";0;1;1
"opencplusnet";1;0;1
"flux de données";0;1;1
"couleurs naturelles";1;0;1
"prise de vue aérienne";1;0;1
"selfie";1;0;1
"tin altimétrique";1;0;1
"évolution des territoires";1;0;1
"balo";1;0;1
"objet vectoriel altimétrique";1;0;1
"partielles";1;0;1
"groupes politiques";1;0;1
"orales";1;0;1
"questions-écrites";1;0;1
"réponses";1;0;1
"réunions";1;0;1
"sans-débat";1;0;1
"séance-publique";1;0;1
"séances-publiques";1;0;1
"assemblée-nationale";1;0;1
"cabinets";1;0;1
"organismes-professionnels";1;0;1
"représentants";1;0;1
"représentants-interets";1;0;1
"répartition";1;0;1
"réserve";1;0;1
"site-industriel-production-site-industriel";1;0;1
"transports-infrastructure-circulation-douce";1;0;1
"polarisation";1;0;1
"hebergements-social";1;0;1
"personnes-sans-logement";1;0;1
"perte-de-logement";1;0;1
"balise-aeronautique";1;0;1
"bois-et-forets";1;0;1
"canalisation-d-eau-et-d-assainissement";1;0;1
"canalisation-d-hydrocarbure";1;0;1
"canalisation-de-gaz";1;0;1
"hydrocarbure";1;0;1
"installation-sportive";1;0;1
"montee-des-eaux";1;0;1
"obstacle-aeronautique";1;0;1
"perturbations-electromagnetiques";1;0;1
"prevention-risque-naturel";1;0;1
"produit-chimique";1;0;1
"stockage-de-gaz-ou-produit-chimique";1;0;1
"zone-inondable-potentielle";1;0;1
"a-1";1;0;1
"a-5";1;0;1
"ac-3";1;0;1
"amers-phares-et-semaphores";1;0;1
"amers-phares-et-semaphores-generateurs";1;0;1
"bois-et-forets-soumis-au-regime-forestier";1;0;1
"conchylicole";1;0;1
"cours-d-eau-non-domaniaux";1;0;1
"el-3";1;0;1
"el-8";1;0;1
"etablissement-public-de-cooperation-intercommunale";1;0;1
"grt-gaz";1;0;1
"halage-et-marchepied";1;0;1
"i-1-bis";1;0;1
"i-3";1;0;1
"laisse-de-crue";1;0;1
"mares";1;0;1
"nature-paysage-biodiversite-n-zonages-nature";1;0;1
"ouvrage-de-retenue-d-eau";1;0;1
"perimetre-du-pp-rm-de-montdidier";1;0;1
"pp-ri-de-la-vallee-de-la-somme-et-de-ses-affluents";1;0;1
"pp-rm";1;0;1
"pp-rm-arrondissement-montdidier";1;0;1
"pp-rm-de-montdidier";1;0;1
"pp-rm-montdidier";1;0;1
"pp-rt";1;0;1
"pp-rt-amiens-nord";1;0;1
"pp-rt-de-la-zone-industrielle-d-amiens-nord";1;0;1
"prevention-risques-installations-classees-et-ppr-technologiques";1;0;1
"procedure-d-urbanisme";1;0;1
"pvnm";1;0;1
"receptions-radioelectriques";1;0;1
"rejet-pluvial";1;0;1
"risque-d-inondation";1;0;1
"rus-etiers";1;0;1
"sites-inscrits-et-classes";1;0;1
"zonage-assainissement";1;0;1
"zonage-des-espaces-urbains";1;0;1
"hebergement-social";1;0;1
"tarification-a-l-activite";1;0;1
"troupeaux";1;0;1
"foulayronnes";1;0;1
"le-mas-d-agenais";1;0;1
"moncrabeau";1;0;1
"penne-d-agenais";1;0;1
"puch-d-agenais";1;0;1
"sainte-colombe-en-bruilhois";1;0;1
"thouars-sur-garonne";1;0;1
"tremons";1;0;1
"trentels";1;0;1
"experts";0;1;1
"bande-littorale";1;0;1
"coupure-d-urbanisation";1;0;1
"espaces-littoraux";1;0;1
"espaces-remarquables";1;0;1
"a-2";1;0;1
"approuve";1;0;1
"ardizas";1;0;1
"aubiet";1;0;1
"aurimont";1;0;1
"beaumarches";1;0;1
"belmont";1;0;1
"bercelonne-du-gers";1;0;1
"bezues-bajon";1;0;1
"blanquefort";1;0;1
"caillavet";1;0;1
"canalisations-souterraines";1;0;1
"castelnau-barbarens";1;0;1
"castera-verduzan";1;0;1
"castillon-saves";1;0;1
"classement-bruit";1;0;1
"comparateur mtuelle";1;0;1
"contrat-riviere";1;0;1
"dpu";1;0;1
"el-11";1;0;1
"giscaro";1;0;1
"habitat-politique-de-la-ville-habitat-indigne";1;0;1
"homps";1;0;1
"isle-de-noe";1;0;1
"juilles";1;0;1
"l-isle-jourdain";1;0;1
"mansempuy";1;0;1
"montestruc-sur-gers";1;0;1
"p-sic";1;0;1
"p-zps";1;0;1
"plaisance-du-gers";1;0;1
"precription";1;0;1
"prescrit";1;0;1
"reseau-energie-divers-telecommunication";1;0;1
"tours-aerorefrigerantes";1;0;1
"zones-d-activites";1;0;1
"zones-d-activites-economiques";1;0;1
"silos verre";0;1;1
"agriculture-sante-animale";1;0;1
"cartes-de-bruit-strategiques";1;0;1
"commune-concernee-par-le-pprn-ne-pas-oublier-l-emprise-et-la-table-associee-exemple-n-zone-alea-pprn-19970002-s-040";1;0;1
"cours-d-eau-conditionnalite";1;0;1
"cous-d-eau";1;0;1
"marchepied";1;0;1
"mesures-agro-environnementales";1;0;1
"n-politique";1;0;1
"protection-du-patrimoine-architectural-et-urbain";1;0;1
"reserves-naturelles";1;0;1
"isophone";1;0;1
"agglomeration-de-clermont-ferrand";1;0;1
"communautes-d-agglomerations";1;0;1
"gorges-et-sources-du-haut-allier";1;0;1
"li-dar";1;0;1
"livradois-forez";1;0;1
"massif-central";1;0;1
"volcans-d-auvergne";1;0;1
"occupation-sol-agriculture-environnement-urbanisme-donnees-ouvertes";1;0;1
"netlinking";1;0;1
"marches publics";1;0;1
"92170";1;0;1
"diplomation";1;0;1
"réussite";1;0;1
"open food facts";0;1;1
"carte igloo";1;0;1
"mairies annexes";1;0;1
"maisons de quartiers";1;0;1
"nombre de carte igloo";1;0;1
"saison 2013 2014";1;0;1
"calendrier vaccinal";1;0;1
"capture";1;0;1
"vaccination obligatoire";1;0;1
"approvisionnement-en-eau-potable";1;0;1
"baby-foot";1;0;1
"bases-de-loisirs";1;0;1
"bassin-de-stockage";1;0;1
"bassins-d-orage";1;0;1
"c-s";1;0;1
"captage-d-eau";1;0;1
"captage-d-eau-potable";1;0;1
"centrale-de-chauffage-alimentee-par-des-dechets";1;0;1
"centre-sociaux-culturel";1;0;1
"chateau-d-eau";1;0;1
"chaussures";1;0;1
"city-park";1;0;1
"columbarium";1;0;1
"complexes-sportifs";1;0;1
"couloirs-bus";1;0;1
"cs";1;0;1
"dechets-plastiques";1;0;1
"dechets-selectifs";1;0;1
"deshuileur";1;0;1
"entrepots";1;0;1
"equipements-eau-pluviale";1;0;1
"equipements-eau-usee";1;0;1
"funeraires";1;0;1
"locaux-techniques";1;0;1
"maroquinerie";1;0;1
"o-m";1;0;1
"ordonnance-des-biotopes";1;0;1
"plastique-recyclable";1;0;1
"points-d-eau";1;0;1
"reseau-d-adduction-d-eau-potable";1;0;1
"reseau-de-chauffage";1;0;1
"reseau-de-chauffage-urbain";1;0;1
"reservoir-d-eau";1;0;1
"sites-propres";1;0;1
"station-de-potabilisation-de-l-eau";1;0;1
"station-de-relevage";1;0;1
"stations-epuration";1;0;1
"table-ping-pong";1;0;1
"traitement-de-l-eau-potable";1;0;1
"u-v-e";1;0;1
"usine-de-valorisation-energetique";1;0;1
"zone-d-amenagement-differe";1;0;1
"eau-de-pluie";1;0;1
"foliotages";1;0;1
"orage";1;0;1
"centre hospitalier universitaire de poitiers";1;0;1
"clinique du fief de grimoire";1;0;1
"eaux-usees-issues-d-un-reseau-d-assainissement-unitaire";1;0;1
"formalités administratives";1;0;1
"garçon";1;0;1
"identité";1;0;1
"inventaire-du-patrimoine";1;0;1
"mairie de quartier";1;0;1
"mairies de quartier";1;0;1
"reseau-d-eaux-usees";1;0;1
"reseau-mixte";1;0;1
"reseau-unitaire";1;0;1
"acte de décès";1;0;1
"avantages en natures";1;0;1
"bans";1;0;1
"célébration";1;0;1
"dossier de mariage";1;0;1
"décès domiciliés";1;0;1
"défunt";1;0;1
"défuntes";1;0;1
"enfants sans vie";1;0;1
"pacte civil de solidarité";1;0;1
"transcription";1;0;1
"transcriptions";1;0;1
"épouse";1;0;1
"époux";1;0;1
"cgr";1;0;1
"legal data";1;0;1
"open personal data";1;0;1
"dtv";1;0;1
"modulauto-location-voiture-parking";1;0;1
"montpellier-mediterranee-metropole-epci-montpellier-limites-administratives";1;0;1
"tc";1;0;1
"tramway-tram-arrets-transports-en-commun-tc-lignes";1;0;1
"borne-cadastrale";1;0;1
"borne-kilometrique";1;0;1
"borne-multiservices";1;0;1
"cale-de-mise-a-l-eau";1;0;1
"cdif";1;0;1
"conduite-d-alimentation";1;0;1
"etang-d-alimentation";1;0;1
"four-a-pains";1;0;1
"gizc";1;0;1
"hydrolique";1;0;1
"lavoir";1;0;1
"passe-a-poisson";1;0;1
"patrimoine-naturel-habitats-et-biotopes";1;0;1
"petit-patrimoine";1;0;1
"plans-locaux-urbanisme";1;0;1
"ponton";1;0;1
"ponton-d-attente";1;0;1
"rigole-d-alimentation";1;0;1
"temperature-de-l-air";1;0;1
"collectivités locales";0;1;1
"aires-d-accueil";1;0;1
"amenagements-de-rivieres";1;0;1
"competences-aep";1;0;1
"conditionnalite";1;0;1
"consommation-d-espace";1;0;1
"ddt-15";1;0;1
"directive-ce-relative-a-la-protection-de-l-eau";1;0;1
"eau-a-usage-agricole";1;0;1
"eau-substance";1;0;1
"eau-usee-domestique";1;0;1
"equipement-de-lutte-contre-la-pollution";1;0;1
"espece-migratrice";1;0;1
"feux-de-forets";1;0;1
"gestion-de-la-quantite-d-eau";1;0;1
"lutte-contre-la-secheresse";1;0;1
"mats-eoliens";1;0;1
"parcs-eoliens";1;0;1
"petites-regions-agricoles";1;0;1
"plans-d-exposition-aux-bruits";1;0;1
"plans-de-prevention-des-risques-d-inondations";1;0;1
"plans-particuliers-d-intervention";1;0;1
"pollution-de-l-eau";1;0;1
"reduction-de-la-pollution";1;0;1
"rejet-d-eaux-usees";1;0;1
"schemas-de-coherence-territoriale";1;0;1
"stoe";1;0;1
"substance-chimique";1;0;1
"zone-de-captage-d-eau-potable";1;0;1
"zone-sensible-ecologie";1;0;1
"zones-agricoles-defavorisees";1;0;1
"carte-a-nuit";1;0;1
"carte-de-bruit-strategique";1;0;1
"tchat de voyance";1;0;1
"type-b";1;0;1
"voyance en ligne";1;0;1
"voyance en ligne gratuite";1;0;1
"voyance internet";1;0;1
"voyance par chat";1;0;1
"mots";0;1;1
"economie-generale";1;0;1
"mediatheques-culture-bibliotheques-reseau-livres";1;0;1
"montpellier-mediterranee-metropole-cantons-epci-montpellier-limites-administratives";1;0;1
"appellation-d-origine-protegee";1;0;1
"bleu-d-auvergne";1;0;1
"fourme-d-ambert";1;0;1
"coupe-du-monde-2014";1;0;1
"filaires";1;0;1
"places-handicapes";1;0;1
"voies-de-communication";1;0;1
"zone-d-activite-economique";1;0;1
"revenu-disponible-des-ménages";1;0;1
"aep-alimentation-en-eau-potable";1;0;1
"aep-alimentation-en-eaux-potables";1;0;1
"apb-aire-de-protection-de-biotope";1;0;1
"bac-bassin-d-alimentation-de-captage";1;0;1
"ccom-carte-communale";1;0;1
"plan-local-d-urbanisme-plu-pos";1;0;1
"sitcat-syndicat-intercommunal-des-transports-en-commun-de-l-aglomeration-tourangelle";1;0;1
"termite";1;0;1
"inégalités spatiales";1;0;1
"ségrégation";1;0;1
"mission thd";1;0;1
"communications électroniques";1;0;1
"réseaux fixes";1;0;1
"réseaux mobiles";1;0;1
"éligibilité";0;1;1
"location-foret";1;0;1
"perimetre-pays";1;0;1
"zone-agricole-defavorisee";1;0;1
"zone-inondee";1;0;1
"territoire-protege";1;0;1
"aop-vins";1;0;1
"fosse-jure";1;0;1
"int";1;0;1
"zonage-emploi";1;0;1
"agence-d-urbanisme";1;0;1
"agence-nationale-de-l-habitat";1;0;1
"article-302-5-du-cch";1;0;1
"autorite-regionale";1;0;1
"bassins-versant";1;0;1
"bv";1;0;1
"cas-par-cas";1;0;1
"champ-d-epandage";1;0;1
"commune-littorale";1;0;1
"constructions-neuves";1;0;1
"contrats-urbains-de-cohesion-sociale";1;0;1
"delegataires-de-competence";1;0;1
"densite-de-l-habitat";1;0;1
"duflot";1;0;1
"ecosysteme-de-zone-humide";1;0;1
"eloien";1;0;1
"etude-d-impact-sur-l-environnement";1;0;1
"exposition-aux-risques";1;0;1
"filocom";1;0;1
"frequence-de-crue";1;0;1
"gare-maritime";1;0;1
"gp-5";1;0;1
"grand-projet-5";1;0;1
"indice-composite";1;0;1
"industrie-chimique";1;0;1
"instrument-de-gestion-de-l-environnement";1;0;1
"intermodaux";1;0;1
"ippc";1;0;1
"lls";1;0;1
"locaux-activite";1;0;1
"locaux-d-activite";1;0;1
"logement-abordable";1;0;1
"logements-locatifs-sociaux";1;0;1
"logements-neufs";1;0;1
"nh-3";1;0;1
"offre-de-logement";1;0;1
"parc-prive";1;0;1
"plai";1;0;1
"pls";1;0;1
"plus";1;0;1
"pret-locatif-a-usage-social";1;0;1
"pret-locatif-aide-d-integration";1;0;1
"pret-locatif-social";1;0;1
"pret-social-location-accession";1;0;1
"prevision-des-crues";1;0;1
"primere";1;0;1
"programme-immobilier";1;0;1
"programmes-d-interet-general";1;0;1
"protection-de-la-faune-sauvage";1;0;1
"psla";1;0;1
"quartiers-prioritaires-de-la-politique-de-la-ville";1;0;1
"reduction-des-risques";1;0;1
"reseau-hydrometrique";1;0;1
"reserve-de-chasse";1;0;1
"risque-pour-la-sante";1;0;1
"risques-majeurs";1;0;1
"schema-d-urbanisation";1;0;1
"silo";1;0;1
"silos";1;0;1
"sites-intermodaux";1;0;1
"station-de-reference-de-surveillance";1;0;1
"structure-urbaine";1;0;1
"tour-aero-refrigeree";1;0;1
"trafic-ferroviaire";1;0;1
"zes";1;0;1
"zone-action-complementaire";1;0;1
"zone-action-renforcee";1;0;1
"zone-de-chasse-controlee";1;0;1
"aide à la reconversion";1;0;1
"reconversion professionnnelle";1;0;1
"grandes-régions";0;1;1
"batiment-agricole";1;0;1
"loi 1901";1;0;1
"amenagement-territoire";1;0;1
"chrysomele";1;0;1
"maïs";1;0;1
"operation-programmee-d-amelioration-de-l-habitat";1;0;1
"zone-de-lutte";1;0;1
"zone-naturelle-d-interet-ecologique-faunistique-et-floristique";1;0;1
"binaires";0;1;1
"broker";0;1;1
"options";0;1;1
"régulation";0;1;1
"lignes terrestres";1;0;1
"gâvres";1;0;1
"liaisons maritimes";1;0;1
"locmiquélic";1;0;1
"port-louis";1;0;1
"riantec";1;0;1
"traversées";1;0;1
"allotissement";0;1;1
"cotraitance";1;0;1
"champagne-ardenne";0;1;1
"flandre";0;1;1
"grande guerre";0;1;1
"hachette";0;1;1
"première guerre mondiale";0;1;1
"routard";0;1;1
"appb";1;0;1
"arretes-prefectoraux-de-protection-de-biotope";1;0;1
"directive-habitat";1;0;1
"directive-oiseaux";1;0;1
"do";1;0;1
"hyrdrographie";1;0;1
"plagepomi";1;0;1
"pnp";1;0;1
"rnn";1;0;1
"schema-amenagement";1;0;1
"uhr";1;0;1
"zico";1;0;1
"zone-action-prioritaire";1;0;1
"zone-humide-d-importance-internationale-ramsar";1;0;1
"zone-humide-ramsar";1;0;1
"zones-de-protection";1;0;1
"zones-de-protection-speciale";1;0;1
"couverture mobile";0;1;1
"réseau mobile";0;1;1
"ile de france";0;1;1
"stations autolib";0;1;1
"chenil";1;0;1
"gardiennage";1;0;1
"caen la mer";1;0;1
"conformité";0;1;1
"convention collective";0;1;1
"rengo";0;1;1
"données économiques dila";0;1;1
"hospidiag";1;0;1
"code-environnement";1;0;1
"agence-nationale-renovation-urbaine";1;0;1
"agglomeration-multicommunale";1;0;1
"espace-urbain";1;0;1
"groupement-interet-cynegenique";1;0;1
"ilots-pac";1;0;1
"lieutenant-de-louveterie";1;0;1
"terrain-accueil";1;0;1
"qualite-cours-d-eau";1;0;1
"schema-d-amenagement-et-de-gestion-des-eaux";1;0;1
"terrain-boise";1;0;1
"categorie-piscicole";1;0;1
"agriculture-homogene";1;0;1
"aire-de-protection";1;0;1
"canalisation-d-ecoulement";1;0;1
"centre-de-reception-radioelectrique";1;0;1
"eaux-nuisibles";1;0;1
"espace-naturel-protege";1;0;1
"loi-9-janvier-1985";1;0;1
"perimetre-de-protection";1;0;1
"perturbation-electromagnetique";1;0;1
"plan-prevention-des-risques";1;0;1
"protection-canalisation-hydrocarbure";1;0;1
"reception-radio-electrique";1;0;1
"servitude-a1";1;0;1
"servitude-a2";1;0;1
"servitude-a5";1;0;1
"servitude-a6";1;0;1
"servitude-ar3";1;0;1
"servitude-ar6";1;0;1
"servitude-i1";1;0;1
"servitude-pm1";1;0;1
"servitude-pm2";1;0;1
"servitude-pt1";1;0;1
"servitude-pt2";1;0;1
"servitude-pt3";1;0;1
"servitude-t4";1;0;1
"servitude-t5";1;0;1
"servitude-t7";1;0;1
"alignement-voie-publique";1;0;1
"canaux-irrigation";1;0;1
"interdiction-d-acces";1;0;1
"piste-de-ski";1;0;1
"servitude-a3";1;0;1
"servitude-a4";1;0;1
"servitude-a7";1;0;1
"servitude-ac1";1;0;1
"servitude-ac2";1;0;1
"servitude-ac3";1;0;1
"servitude-ac4";1;0;1
"servitude-as1";1;0;1
"servitude-el11";1;0;1
"servitude-el2";1;0;1
"servitude-el3";1;0;1
"servitude-el4";1;0;1
"servitude-el5";1;0;1
"servitude-el7";1;0;1
"servitude-i3";1;0;1
"servitude-i4";1;0;1
"servitude-i6";1;0;1
"servitude-int1";1;0;1
"servitude-int2";1;0;1
"servitude-pm3";1;0;1
"servitude-t1";1;0;1
"visibilite-voie-publique";1;0;1
"accident de la route";0;1;1
"pouvoir-d-achat";1;0;1
"zones-30";1;0;1
"auditorium";1;0;1
"plugin";0;1;1
"musées musée";0;1;1
"highcharts";0;1;1
"mensualisation";0;1;1
"raw";0;1;1
"élections sénatoriales";1;0;1
"compétition";1;0;1
"facilitation";1;0;1
"humidité du sol";1;0;1
"intéraction biotique";1;0;1
"suivi des arbres";1;0;1
"survie des arbres";1;0;1
"natalité";1;0;1
"cereale";1;0;1
"données mises à disposition par filières en pas demie heure";1;0;1
"données mises à disposition par filières en pas demi-horaire";1;0;1
"plantes invasives";1;0;1
"renouée";1;0;1
"cassation";1;0;1
"inca";1;0;1
"système-électrique";1;0;1
"transport-électricité";1;0;1
"éolien";1;0;1
"gene-sonore";1;0;1
"logement-indigne";1;0;1
"quartier-anciens";1;0;1
"spc";1;0;1
"zone-de-protection";1;0;1
"zone-tampon";1;0;1
"argoeurvre";1;0;1
"behencourt";1;0;1
"buigny-saint-maclou";1;0;1
"chaulnes-et-bray-sur-somme";1;0;1
"dommartin";1;0;1
"eaucourt-sur-somme";1;0;1
"embreville";1;0;1
"fossemanant";1;0;1
"fouencamps";1;0;1
"francieres";1;0;1
"mailly-maillet";1;0;1
"miannay";1;0;1
"perimetre-du-pprm-de-montdidier";1;0;1
"plan-de-prevention-des-risques-ppri-des-cantons-de-chaulnes-et-bray-sur-somme";1;0;1
"plan-de-prevention-des-risques-pprn-de-montdidier";1;0;1
"pprm-arrondissement-montdidier";1;0;1
"prevention-de-la-pollution-de-l-eau";1;0;1
"psic";1;0;1
"pzps";1;0;1
"reglementation-et-gestion-reglementation-des-usages-parcelle-ou-concession-regulation-and-management-usage-regulations-p";1;0;1
"saint-sauflieu";1;0;1
"cipan";1;0;1
"secteur hospitalier";1;0;1
"transports urbains";1;0;1
"voyance gratuite amour immédiate";1;0;1
"appstore";0;1;1
"appui vélo";0;1;1
"prevision de crue";1;0;1
"prevision de crue hydrologie vigilance crue troncon hydrographique thematique";1;0;1
"troncon hydrographique thematique";1;0;1
"atelier-demballage";1;0;1
"equidxs";1;0;1
"etablissements-agrxxs";1;0;1
"etablissements-agrxxs-ce";1;0;1
"etablissements-dxrogatoires";1;0;1
"installations-enregistrxes";1;0;1
"laboratoires-agrxxs";1;0;1
"laboratoires-de-ra-c-fa-c-rence";1;0;1
"lait-traita-c";1;0;1
"nxgociants-agrxxs";1;0;1
"ongulxs-domestiques";1;0;1
"os-verta-c-bral";1;0;1
"pache";1;0;1
"produit-de-la-pxche";1;0;1
"produits-de-la-pache";1;0;1
"produits-transforma-c-s";1;0;1
"prxparation-de-viandes";1;0;1
"pxche";1;0;1
"santx-et-protection-des-animaux";1;0;1
"viandes-hachxes";1;0;1
"ouvrages-lies-a-l-eau-obstacles-a-l-ecoulement-stations-depuration";1;0;1
"pprt-amiens-nord";1;0;1
"usages-et-pressions-prelevements-rejets-activites-ayant-un-impact-sur-l-eau";1;0;1
"pays-et-petr";1;0;1
"bohars";1;0;1
"gouesnou";1;0;1
"guilers";1;0;1
"guipavas";1;0;1
"kerhuon";1;0;1
"kéolis";1;0;1
"le relecq-kerhuon";1;0;1
"plougastel";1;0;1
"plougastel-daoulas";1;0;1
"plouzané";1;0;1
"relecq";1;0;1
"temps réel";1;0;1
"web semantique";1;0;1
"directive-habitats";1;0;1
"znieff-1";1;0;1
"pillkit";0;1;1
"pilulier";0;1;1
"runware";0;1;1
"faune-caracteres-generaux";1;0;1
"viz";0;1;1
"liste-1";1;0;1
"liste-2";1;0;1
"belavista";1;0;1
"boulet";1;0;1
"calvaires";1;0;1
"jalonnements";1;0;1
"ouvrage-conduite";1;0;1
"porzo";1;0;1
"purge";1;0;1
"signaletique-touristique";1;0;1
"zone-mouillage";1;0;1
"alternance";0;1;1
"credit entre particulier";1;0;1
"pret entre particulier";1;0;1
"crédit de particulier a particulier";1;0;1
"crédit entre particuliers";1;0;1
"pret entre particuliers";1;0;1
"hydrologie urbaine";1;0;1
"rachat de crédit";1;0;1
"rachat de pret";1;0;1
"bras mort";1;0;1
"lône";1;0;1
"micropolluant organique";1;0;1
"référendum 2005";1;0;1
"prairie subalpine";1;0;1
"vératre";1;0;1
"crue soudaine";1;0;1
"hydrométrie";1;0;1
"embâcle";1;0;1
"faune aquatique";1;0;1
"géomorphologie";1;0;1
"gig gic";1;0;1
"handicapés";1;0;1
"solde commercial";1;0;1
"météorologie";1;0;1
"participation sociale";1;0;1
"scenario rcp";1;0;1
"perspectives financières";1;0;1
"équité";1;0;1
"Coupures";1;0;1
"Demi-heure";1;0;1
"Eolien";1;0;1
"Fourniture";1;0;1
"Historique";1;0;1
"Injection";1;0;1
"Producteur";1;0;1
"Production photovoltaïque";1;0;1
"Puissance installée";1;0;1
"Qualité";1;0;1
"Refoulement";1;0;1
"Schéma ";1;0;1
"ab";1;0;1
"arrive";1;0;1
"arrives";1;0;1
"bas-revenus";1;0;1
"configuration-familiale";1;0;1
"coproduction";1;0;1
"effort-logement";1;0;1
"enafnt";1;0;1
"fait";1;0;1
"prepare";1;0;1
"prestation-unique";1;0;1
"prestations-caf";1;0;1
"réseau de distribution";1;0;1
"socle";1;0;1
"taux-effort";1;0;1
"tranche-age";1;0;1
"verse";1;0;1
"écologie";0;1;1
"injection";1;0;1
"refoulement";1;0;1
"schéma";1;0;1
"cour de cassation";0;1;1
"diplômés";1;0;1
"fomations sociales";1;0;1
"budget supplémentaire";1;0;1
"chambley";1;0;1
"defibrillateur-sante-urgence-montpellier";1;0;1
"ontologies";0;1;1
"ontology";0;1;1
"anil";1;0;1
"cimap";1;0;1
"a-7";1;0;1
"aire-d-alimentation-de-captage";1;0;1
"plan-submersions-rapides";1;0;1
"psr";1;0;1
"risques-inondation";1;0;1
"servitude-a-5";1;0;1
"servitude-int-1";1;0;1
"circonscription-electorale";1;0;1
"decoupage-cantonal";1;0;1
"chlorures";1;0;1
"composes-organohalogenes-volatils";1;0;1
"cooperation-transfrontaliere";1;0;1
"domaine-public-fluvial-dpf";1;0;1
"etude-locale";1;0;1
"eurodistrict";1;0;1
"gare-ter";1;0;1
"ill-domaniale";1;0;1
"limite-communale";1;0;1
"lycee-technique";1;0;1
"reseau-ter";1;0;1
"schema-de-gestion";1;0;1
"sulfates";1;0;1
"tetrachloroethylene";1;0;1
"trichloroethylene";1;0;1
"zone-d-environnement-protege";1;0;1
"judex";1;0;1
"stic";1;0;1
"taj";1;0;1
"tisséo";0;1;1
"circuits courts";0;1;1
"vie locale";0;1;1
"mandataires judiciaires";1;0;1
"registre du commerce";1;0;1
"rgs";1;0;1
"biometrique";0;1;1
"besoin-en-main-d-oeuvre";1;0;1
"bmo";1;0;1
"difficulte-de-recrutement";1;0;1
"intention-d-embauche";1;0;1
"projet-de-recrutement";1;0;1
"projet-saisonnier";1;0;1
"émissions co2";1;0;1
"ddt-23";1;0;1
"nuisance-electromagnetique";1;0;1
"sdis-87";1;0;1
"site-d-emission";1;0;1
"apur";1;0;1
"societe_du_grand_paris";1;0;1
"chiffre d'affaires";1;0;1
"chiffres clés";1;0;1
"comptes annuels";1;0;1
"comptes sociaux";1;0;1
"formalités";1;0;1
"liquidation judiciaire";1;0;1
"redressement judiciaire";1;0;1
"résultat d'exercice";1;0;1
"cplt";1;0;1
"école de commerce";0;1;1
"budget 2016";1;0;1
"wiki";0;1;1
"défiscalisation";1;0;1
"auto-école";1;0;1
"bassins versants";1;0;1
"rhin";1;0;1
"aide départementale";1;0;1
"classés";1;0;1
"défrichement";1;0;1
"devis rénovation";0;1;1
"mannequinnat";0;1;1
"poles emploi";0;1;1
"prix construction";0;1;1
"acs";1;0;1
"omc";1;0;1
"tisa";1;0;1
"budget transports";1;0;1
"aéronautique";1;0;1
"non domanial";1;0;1
"réception";1;0;1
"électromagnetique";1;0;1
"émission";1;0;1
"voyance immediate";1;0;1
"voyance sans attente";1;0;1
"sécurité-intérieure";1;0;1
"zsp";1;0;1
"service postal";1;0;1
"magasins de producteurs";0;1;1
"eau minérale";1;0;1
"eau potable";1;0;1
"marchés de producteurs";0;1;1
"calendrier 2016";0;1;1
"calendrier scolaire 2016";0;1;1
"vacances scolaires 2016";0;1;1
"mh";1;0;1
"accident vasculaire cérébral";1;0;1
"avc";1;0;1
"épreuves";1;0;1
"eau-n-assainissement";1;0;1
"votreenergiepourlafrance";1;0;1
"lieux culturels";0;1;1
"fuel";1;0;1
"émissions de co2";1;0;1
"gale";1;0;1
"réalisé";1;0;1
"belvédères";1;0;1
"vosges-du-nord";1;0;1
"imagerie satellitaire";1;0;1
"sentinel";1;0;1
"planification familiale";1;0;1
"audélor";0;1;1
"batobus";0;1;1
"lorient agglo";0;1;1
"découverte";0;1;1
"démocratisation";0;1;1
"anciens combattants";1;0;1
"actu";1;0;1
"pharmacies de garde";1;0;1
"relations international";1;0;1
"secteurs de vote";1;0;1
"séminaire";1;0;1
"modèle numérqiue de terrain";1;0;1
"datafrance";0;1;1
"Billetique";1;0;1
"Dépositaire";1;0;1
"Sanisettes";1;0;1
"Toilettes publiques";1;0;1
"Trafic";1;0;1
"Wc";1;0;1
"Abonnement";1;0;1
"Audits";1;0;1
"CO2";1;0;1
"Code UIC";1;0;1
"Comptes de résultats";1;0;1
"Conditions de travail";1;0;1
"Couleur";1;0;1
"Courriers";1;0;1
"Développement durable";1;0;1
"Effectifs";1;0;1
"Emploi";1;0;1
"Etablissements ferroviaires";1;0;1
"Evènement de sécurité remarquable";1;0;1
"Finance";1;0;1
"Incidents";1;0;1
"Infrastructures";1;0;1
"Institutionnel";1;0;1
"Intercités";1;0;1
"Loisirs";1;0;1
"Lorraine";1;0;1
"Objets trouvés";1;0;1
"Pays de la Loire";1;0;1
"Point d'arrêt";1;0;1
"Rémunérations";1;0;1
"Service";1;0;1
"Service en gare";1;0;1
"Signalisation";1;0;1
"Suicides";1;0;1
"Tarification";1;0;1
"Transparence";1;0;1
"Union européenne";1;0;1
"informations institutionnelles";1;0;1
"informations institutionnelles et financières";1;0;1
"absolom";0;1;1
"quiditmiam";0;1;1
"atrazine";1;0;1
"desethylatrazine";1;0;1
"desisopropylatrazine";1;0;1
"metabolite";1;0;1
"gens voyage";1;0;1
"zone humide";1;0;1
"epurees";1;0;1
"gdv";1;0;1
"arts martiaux";0;1;1
"boxe";0;1;1
"judo";0;1;1
"karaté";0;1;1
"znieff1";1;0;1
"znieff2";1;0;1
"aire-retournement";1;0;1
"bouees";1;0;1
"centre-d-exploitation";1;0;1
"chenal-de-navigation";1;0;1
"protection sociale";1;0;1
"accès au numérique";0;1;1
"déplacements domicile-travail";0;1;1
"télétravail";0;1;1
"fiabilite";1;0;1
"milieu-physique-bathymetrie-hydromorphologie";1;0;1
"milieu-physique-geologie-sedimentologie-geomorphologie";1;0;1
"milieu-physique-geologie-sedimentologie-travaux";1;0;1
"morphologie";1;0;1
"risques chimiques";1;0;1
"risques professionnels";1;0;1
"indoor";0;1;1
"intérieur";0;1;1
"openlevelup";0;1;1
"routing";0;1;1
"moyens matériels";1;0;1
"hda";1;0;1
"opéra";1;0;1
"eurl";1;0;1
"communs numériques";0;1;1
"impact démocratique";0;1;1
"open innovation";0;1;1
"agroscience";1;0;1
"dow";1;0;1
"drusenheim";1;0;1
"herrlisheim";1;0;1
"neubourg";1;0;1
"oberhoffen";1;0;1
"petrochamicals";1;0;1
"approuvés";1;0;1
"bugatti";1;0;1
"butagaz";1;0;1
"dorlisheim";1;0;1
"dowty";1;0;1
"haas";1;0;1
"lanxess";1;0;1
"lauterbourg";1;0;1
"messier";1;0;1
"militant";1;0;1
"molsheim";1;0;1
"rohm";1;0;1
"terminal";1;0;1
"wagram";1;0;1
"wantzenau";1;0;1
"établissements de soin";0;1;1
"sémantique";0;1;1
"franche-comté";1;0;1
"lexique";1;0;1
"eesr";0;1;1
"fab-lab";1;0;1
"laboratoire-de-fabrication";1;0;1
"sobriete";1;0;1
"constantes";1;0;1
"decimales";1;0;1
"nombre irrationnel";1;0;1
"compétences";0;1;1
"célibataires";1;0;1
"community";0;1;1
"connected";0;1;1
"events";0;1;1
"nearby";0;1;1
"nirby";0;1;1
"social network";0;1;1
"surroundings";0;1;1
"panneaux publicitaires";0;1;1
"panneaux publicitaires scellés au sol";0;1;1
"projet de décret";0;1;1
"publicité";0;1;1
"publicité extérieure";0;1;1
"paysage-urbain";1;0;1
"zone-de-montagne";1;0;1
"zone-de-protection-du-paysage";1;0;1
"concours bce";0;1;1
"concours post-prépa";0;1;1
"formation-scolaire";1;0;1
"bts muc";0;1;1
"elacticsearch";0;1;1
"e-democratie";0;1;1
"agglomération";1;0;1
"modélisation";1;0;1
"collectivité";0;1;1
"incity";0;1;1
"signaler";0;1;1
"carto 3d";0;1;1
"experience utilisateur";0;1;1
"smart car";0;1;1
"voiture connectée";0;1;1
"french-town";1;0;1
"cartographie 3d";0;1;1
"smart city";0;1;1
"république numérique";1;0;1
"services-géolocalisés";0;1;1
"services-personnalisés";0;1;1
"algue-fucale-laminariale-gigartinale-rebent";1;0;1
"bretagne-glenan";1;0;1
"anse-de-benodet";1;0;1
"anse-de-lesconil";1;0;1
"baie-de-l-arguenon";1;0;1
"baie-de-la-foret";1;0;1
"baie-de-la-fresnaye";1;0;1
"baie-de-lancieux";1;0;1
"baie-de-saint-briac";1;0;1
"baie-de-saint-brieuc";1;0;1
"beg-meil";1;0;1
"brehat";1;0;1
"bretagne-groix";1;0;1
"cap-frehel";1;0;1
"cote-landaise";1;0;1
"eau-littoral-baignade-qualite-sante-ministere-controlewaters-coast-bathing-quality-health-ministry-control";1;0;1
"embouchure-du-jaudy";1;0;1
"estuaire-de-la-rance";1;0;1
"glenan";1;0;1
"habitat-peuplement-benthos-biocenose-carte-rebent";1;0;1
"habitat-peuplement-benthos-carte-rebent";1;0;1
"habitats-benthos-typologie-natura-2000-cartographie-rebent";1;0;1
"ile-d-er";1;0;1
"le-guilvinec";1;0;1
"les-abers-bretagne";1;0;1
"loctudy";1;0;1
"manche-orientale";1;0;1
"mer-du-nord-france";1;0;1
"plougrescant";1;0;1
"pointe-de-mousterlin";1;0;1
"pointe-de-penmarc-h";1;0;1
"pointe-du-meinga";1;0;1
"pouldohan";1;0;1
"reglementation-et-gestion-reglementation-des-usages-activites-recreatives-zones-de-baignade";1;0;1
"riviere-elorn-rade-de-brest-finistere-bretagne";1;0;1
"rotheneuf";1;0;1
"sante-et-securite-des-personnes-human-health-and-safety";1;0;1
"substrat";1;0;1
"tregunc";1;0;1
"trevignon";1;0;1
"zone-subtidale";1;0;1
"zostera-marina";1;0;1
"zostera-noltii";1;0;1
"zostere";1;0;1
"bretagne-manche-guisseny-kerlouan-brignogan-kernic-kerficien-kerfiat-santec-ile-de-siec";1;0;1
"bretagne-manche-occidentale-roscoff";1;0;1
"courantologie";1;0;1
"domaine-benthique";1;0;1
"etel";1;0;1
"fouesnant";1;0;1
"france-bretagne-finistere-pays-de-morlaix-morlaix-baie-de-morlaix-france-brittany-finistere-morlaix-morlaix-bay";1;0;1
"habitat-intertidal-typologie-natura-2000-cartographie-cahier-d-habitats-estran-habitat-intertidal-typology-natura-2000-c";1;0;1
"habitathabitat";1;0;1
"habitats-et-biotopes-habitats-and-biotopes";1;0;1
"laita";1;0;1
"laminaire-himanthalia-fucus-zostere-pelvetia-lichina-ulve-rebent-sinp";1;0;1
"les-abers-aber-benoit-aber-wrac-h-presqu-ile-sainte-marguerite-bretagne";1;0;1
"milieu-biologique-habitats-remarquables-zones-humides-littorales-schorres";1;0;1
"milieu-physique-hydrodynamique-courants";1;0;1
"milieu-physique-hydrodynamique-houle";1;0;1
"mousterlin";1;0;1
"pertuis-charentais";1;0;1
"plogoff";1;0;1
"vegetation-algue-laminariale-rebent-sinp";1;0;1
"serrurier pas cher paris";0;1;1
"sos serrurier paris";0;1;1
"domain name";1;0;1
"nom de domaine";1;0;1
"noms de domaine";1;0;1
"appel à projets";1;0;1
"projets artistique";1;0;1
"gis";0;1;1
"citizen science";0;1;1
"itcounts";0;1;1
"multivariate analysis";0;1;1
"charcutier";1;0;1
"banque mondiale";0;1;1
"bri";0;1;1
"macroéconomie";0;1;1
"carte administrative";0;1;1
"départementales2015";0;1;1
"lhaylesroses";0;1;1
"quadrature-du-net";0;1;1
"insturments de recherche";1;0;1
"contrôle scientifique et technique";1;0;1
"cafétéria";1;0;1
"les horaires";1;0;1
"retaurant";1;0;1
"archive électronique";1;0;1
"instruments de recherche";1;0;1
"action culturelle";1;0;1
"archivage";1;0;1
"centre de gestion";1;0;1
"élimination";1;0;1
"artisan batiment";0;1;1
"travaux batiment";0;1;1
"établissement public";1;0;1
"akka digital akka ds";1;0;1
"agefiph";0;1;1
"doeth";0;1;1
"entreprise adaptée";0;1;1
"popei";0;1;1
"alternants";1;0;1
"cdd";1;0;1
"etablissements public de coopération intercommunale en essonne";1;0;1
"sdis91";1;0;1
"zone pinel";0;1;1
"maigres";1;0;1
"arrêté";1;0;1
"croix rouge";1;0;1
"evènement de sécurité remarquable";1;0;1
"recharge vehicule electrique france";1;0;1
"recharge voiture electrique france";1;0;1
"élection régionale 2015";1;0;1
"hakerspace";1;0;1
"makerspace";1;0;1
"etic";1;0;1
"dp-chlim";1;0;1
"dp-usage";1;0;1
"reperes-de-nivellement";1;0;1
"to-canev";1;0;1
"bouchemaine";1;0;1
"bouchemaine-49035";1;0;1
"drac";1;0;1
"reseaux-de-distribution";1;0;1
"sdap-44";1;0;1
"utilisation-libre-sous-reserve-de-mentionner-la-source-a-minima-le-nom-du-producteur-et-la-date-de-sa-derniere-mise-a-jo";1;0;1
"datacenters";1;0;1
"répartition de postes";1;0;1
"répartition des postes";1;0;1
"agence du numerique";1;0;1
"couverture internet";1;0;1
"mission tres haut debit";1;0;1
"open data couverture numerique";1;0;1
"plan france tres haut debit";1;0;1
"pourcentage couverture";1;0;1
"tres haut debit";1;0;1
"71";0;1;1
"here";1;0;1
"many";1;0;1
"produits alimentaires";0;1;1
"wordpress";0;1;1
"constructeur maison";1;0;1
"agence immobilier";1;0;1
"agence immobiliere";1;0;1
"location immobiliere";1;0;1
"amendement creton";1;0;1
"couverture maladie universelle complémentaire";1;0;1
"séparation";1;0;1
"dsic";1;0;1
"minint";0;1;1
"union-libre";0;1;1
"anamorphose";0;1;1
"codes fonctionnels";1;0;1
"nouvelles communes";0;1;1
" bassins scolaires";1;0;1
"2ième";1;0;1
"3ieme circonscription";1;0;1
"Achats";1;0;1
"Acquisitions";1;0;1
"Agenda";1;0;1
"Aucamville";1;0;1
"Augustins";1;0;1
"Aussonne";1;0;1
"Beauzelle";1;0;1
"Blagnac";1;0;1
"Bruguières";1;0;1
"Cantons";1;0;1
"Castelginest";1;0;1
"Collections";1;0;1
"Cornebarrieu";1;0;1
"DAE";1;0;1
"Emprunts";1;0;1
"Evénements";1;0;1
"Expositions";1;0;1
"Fenouillet";1;0;1
"Festivals";1;0;1
"Fonbeauzard";1;0;1
"Gagnac-sur-Garonne";1;0;1
"Garonne";1;0;1
"Grand Toulouse";1;0;1
"Gratentour";1;0;1
"HLM";1;0;1
"Horaires";1;0;1
"Launaguet";1;0;1
"Lecteurs";1;0;1
"Lespinasse";1;0;1
"Manifestations";1;0;1
"PAD";1;0;1
"Prêts";1;0;1
"Saint-Alban";1;0;1
"Saint-Jory";1;0;1
"Seilh";1;0;1
"Spectacles";1;0;1
"Toulouse Métropole";1;0;1
"Transports";1;0;1
"accident corporel";1;0;1
"aire de stationnement";1;0;1
"allergène";1;0;1
"autocollant";1;0;1
"bureau  de vote";1;0;1
"data.toulouse-metropole";1;0;1
"demarche participative";1;0;1
"deux roues motorisees";1;0;1
"deuxième";1;0;1
"durée";1;0;1
"eau interieure";1;0;1
"etablissements recevant du public";1;0;1
"européen";1;0;1
"kilométrique";1;0;1
"laep";1;0;1
"lieux de vote";1;0;1
"législative";1;0;1
"muséum";1;0;1
"médiathèques";1;0;1
"ménager";1;0;1
"mérimée";1;0;1
"métro";1;0;1
"numéro";1;0;1
"plein vent";1;0;1
"points de contact";1;0;1
"portion de voie";1;0;1
"premier tour";1;0;1
"privée";1;0;1
"présidentielle";1;0;1
"rattachement ";1;0;1
"repère";1;0;1
"repères";1;0;1
"régioanles";1;0;1
"résidence pricipale";1;0;1
"salarié";1;0;1
"sante et sécurite des personnes";1;0;1
"sens unique";1;0;1
"troisième";1;0;1
"voie rapide";1;0;1
"végétal";1;0;1
"zone accumulation";1;0;1
"zone bleue";1;0;1
"éléctoraux";1;0;1
"élémentaires";1;0;1
"étudiant";1;0;1
"​Orthophotoplan";1;0;1
"changeur de monnaie";1;0;1
"commerçant";1;0;1
"heure limite de dépôt";1;0;1
"gluten";0;1;1
"cuniculture";1;0;1
"adcf";0;1;1
"carte scolaire";1;0;1
"devis en ligne";0;1;1
"devis travaux";0;1;1
"localisation artisans";0;1;1
"anthropologie";1;0;1
"anthropology";1;0;1
"corpus de parenté";1;0;1
"demography";1;0;1
"données de la recherche";1;0;1
"kinship dataset";1;0;1
"scientific data";1;0;1
"statut ju";1;0;1
"reforme territoriale";0;1;1
"union européenne";0;1;1
"estimation immobilière";1;0;1
"pige immobilière";1;0;1
"prix immobilier";1;0;1
"bilan-activite";1;0;1
"cedille-pro";1;0;1
"diois";1;0;1
"enseignement moral et civique";1;0;1
"annonce legale";0;1;1
"codelists";1;0;1
"systèmes de référence";1;0;1
"formats pivots";1;0;1
"biodéchets";1;0;1
"porte à porte";1;0;1
"apport volontaire";1;0;1
"sas";1;0;1
"sasu";1;0;1
"sci";1;0;1
"contrat à durée déterminée";1;0;1
"sarl";1;0;1
"dépenses de santé";1;0;1
"école de conduite";0;1;1
"abondance";1;0;1
"données ordinales";1;0;1
"gradient écologique";1;0;1
"indicateurs de biodiversité";1;0;1
"faisceau hertzien";0;1;1
"fh";0;1;1
"aet";1;0;1
"cvd";1;0;1
"dgvd";1;0;1
"dsg";1;0;1
"espace-public-dechets-et-proprete";1;0;1
"igt";1;0;1
"lieux-remarquables";1;0;1
"lignes-ctrl";1;0;1
"mission-plan-climat";1;0;1
"risques-et-securite-securite-civile-et-forces-de-l-ordre";1;0;1
"sigec";1;0;1
"trdp";1;0;1
"photos-aériennes";1;0;1
"agroforesterie";1;0;1
"agroof";1;0;1
"apca";1;0;1
"bergerie nationale";1;0;1
"lasalle beauvais";1;0;1
"rmt";1;0;1
"base permanente des équipements";0;1;1
"carte en étoile";0;1;1
"filière alimentaire locale";1;0;1
"fonds européens";1;0;1
"programme leader";1;0;1
"itinéraire";1;0;1
"dddd";1;0;1
"deefi";1;0;1
"electricité seine aval";1;0;1
"epamsa";1;0;1
"20-m-a-100-m";1;0;1
"facies-sedimentaires";1;0;1
"morphosedimentologie";1;0;1
"nature-fonds";1;0;1
"pierre papier";1;0;1
"fonds immobiliers";1;0;1
"acces-et-maintien-dans-le-logement";1;0;1
"acces-internet";1;0;1
"accessibilite-potentielle-localisee";1;0;1
"accident-vasculaire-cerebral";1;0;1
"accueil-collectif-de-la-petites-enfance";1;0;1
"accueil-individuel-de-la-petite-enfance";1;0;1
"accueil-individuel-du-jeune-enfant";1;0;1
"action-culturelle";1;0;1
"activite-de-soins";1;0;1
"actualite-francaise";1;0;1
"agence-de-communication";1;0;1
"agence-de-referencement";1;0;1
"agence-immobilier";1;0;1
"agence-postale";1;0;1
"agence-web";1;0;1
"agences-de-voyages";1;0;1
"aide-departementale";1;0;1
"aide-sociale-a-l-aide-menagere";1;0;1
"aide-sociale-a-l-hergement";1;0;1
"aide-sociale-hergement";1;0;1
"aides-aux-seniors";1;0;1
"aliments-composes";1;0;1
"allocation-personnes-agees";1;0;1
"ambition-numerique";1;0;1
"amelioration-de-la-qualite";1;0;1
"amenagements-de-peine";1;0;1
"amendement-creton";1;0;1
"apprentissage-de-la-langue-francaise";1;0;1
"approuves";1;0;1
"archive-electronique";1;0;1
"art-moderne-et-contemporain";1;0;1
"article-l2122-22";1;0;1
"aspects-positifs";1;0;1
"atomiseur-reconstructible";1;0;1
"audits";1;0;1
"automedication";1;0;1
"avantages-en-natures";1;0;1
"ayant-cause";1;0;1
"ayant-droit";1;0;1
"baclofene";1;0;1
"bahtymetrie";1;0;1
"balance-des-paiements";1;0;1
"banque-etudiante";1;0;1
"bassins-gerontologiques";1;0;1
"bassins-versants";1;0;1
"beneficiaire-au-titre-de-la-pac";1;0;1
"bergerie-nationale";1;0;1
"bilan-electrique";1;0;1
"bons-plans-etudiant";1;0;1
"bordeaux-iii";1;0;1
"bordeaux-iv";1;0;1
"bornes-geodesiques";1;0;1
"bras-mort";1;0;1
"brevet-francais";1;0;1
"bry-sur-marne";1;0;1
"budget-et-finances-du-departement";1;0;1
"cac-40";1;0;1
"caen-la-mer";1;0;1
"cafeteria";1;0;1
"calendrier-vaccinal";1;0;1
"carte-g";1;0;1
"carte-igloo";1;0;1
"cartomancie-gratuite";1;0;1
"cartomancie-gratuite-immediate";1;0;1
"celibataires";1;0;1
"centre-de-loisir";1;0;1
"centre-hospitalier-universitaire-de-poitiers";1;0;1
"cliches";1;0;1
"clinique-du-fief-de-grimoire";1;0;1
"coaching-au-feminin";1;0;1
"code-lpp";1;0;1
"code-ucd";1;0;1
"code-uic";1;0;1
"codes-fonctionnels";1;0;1
"coke-et-agglomeres";1;0;1
"colectivtes-territoriales";1;0;1
"combustibles-mineraux-solides";1;0;1
"commerce-electronique";1;0;1
"commercialisee";1;0;1
"commissions-administratives";1;0;1
"comparateur-credit-auto";1;0;1
"competences-en-tic";1;0;1
"conseil-communautaires";1;0;1
"consommation-finale";1;0;1
"contrats-engagement-reciproque";1;0;1
"contrefacon";1;0;1
"controle-scientifique-et-technique";1;0;1
"corpus-de-parente";1;0;1
"couverture-maladie-universelle-complementaire";1;0;1
"credit-auto-0";1;0;1
"credit-automobile";1;0;1
"credit-de-particulier-a-particulier";1;0;1
"credit-entre-particulier";1;0;1
"credit-entre-particuliers";1;0;1
"credit-le-moins-cher";1;0;1
"credit-moins-cher";1;0;1
"credit-pas-cher";1;0;1
"credit-travaux-pas-cher";1;0;1
"credit-voiture";1;0;1
"csau";1;0;1
"dataissycom";1;0;1
"datatoulouse-metropole";1;0;1
"debits-de-tabac";1;0;1
"decret-2006-887";1;0;1
"defuntes";1;0;1
"denrees-alimentaires";1;0;1
"depassement";1;0;1
"depenses-cultrelles";1;0;1
"depenses-culturelles";1;0;1
"deperdition";1;0;1
"depositaire";1;0;1
"designation-commerciale";1;0;1
"dessin-et-modele-francais";1;0;1
"developpement-agricole";1;0;1
"differentiel";1;0;1
"diplomatie-economique";1;0;1
"dispositifs-medicaux-implantables";1;0;1
"distributeur-de-billets";1;0;1
"distributeur-de-films";1;0;1
"distributeurs-de-billets";1;0;1
"domain-name";1;0;1
"donnees-classiques";1;0;1
"donnees-de-la-recherche";1;0;1
"donnees-ordinales";1;0;1
"dossier-de-mariage";1;0;1
"dossiers-pedagogiques";1;0;1
"e-reptuation";1;0;1
"eau-minerale";1;0;1
"ecloserie";1;0;1
"ecole-du-chiot";1;0;1
"ecroues";1;0;1
"egr-renovations";1;0;1
"elecitons-cantonales-2002";1;0;1
"eleclerc";1;0;1
"elect";1;0;1
"election-cantonale-1994";1;0;1
"election-cantonale-1998";1;0;1
"election-cantonale-2001";1;0;1
"election-cantonale-2002";1;0;1
"election-cantonale-2004";1;0;1
"election-cantonale-2008";1;0;1
"election-cantonale-2011";1;0;1
"election-departementale";1;0;1
"election-departementale-2015";1;0;1
"election-europeenne-1994";1;0;1
"election-europeenne-1999";1;0;1
"election-europeenne-2004";1;0;1
"election-europeenne-2009";1;0;1
"election-legislative";1;0;1
"election-legislative-1997";1;0;1
"election-legislative-2002";1;0;1
"election-legislative-2007";1;0;1
"election-legislative-2012";1;0;1
"election-municipale-1995";1;0;1
"election-municipale-2001";1;0;1
"election-municipale-2008";1;0;1
"election-municipale-2014";1;0;1
"election-presidentielle-1995";1;0;1
"election-presidentielle-2002";1;0;1
"election-regionale";1;0;1
"election-regionale-1998";1;0;1
"election-regionale-2004";1;0;1
"election-regionale-2010";1;0;1
"election-regionale-2015";1;0;1
"elections-cantonales-1994";1;0;1
"elections-cantonales-1998";1;0;1
"elections-cantonales-2001";1;0;1
"elections-cantonales-2004";1;0;1
"elections-cantonales-2008";1;0;1
"elections-cantonales-2011";1;0;1
"elections-europeennes-1994";1;0;1
"elections-europeennes-1999";1;0;1
"elections-europeennes-2004";1;0;1
"elections-legislative-2002";1;0;1
"elections-legislatives-1997";1;0;1
"elections-legislatives-2007";1;0;1
"elections-legislatives-2012";1;0;1
"elections-municipales-1995";1;0;1
"elections-municipales-2001";1;0;1
"elections-presidentielles-1995";1;0;1
"elections-presidentielles-2002";1;0;1
"elections-presidentielles-2007";1;0;1
"elections-presidentielles-2012";1;0;1
"elections-regionales-1998";1;0;1
"elections-regionales-2004";1;0;1
"elections-regionales-2010";1;0;1
"electriciens";1;0;1
"electromenager";1;0;1
"embacle";1;0;1
"emprunt-auto";1;0;1
"enclos-a-sapin";1;0;1
"enfants-sans-vie";1;0;1
"enquetes-de-branche";1;0;1
"enseignement-adapte";1;0;1
"enseignement-moral-et-civique";1;0;1
"enseignement-pre-elementaire";1;0;1
"entite-juridique";1;0;1
"epouse";1;0;1
"equilibre-ressources-emplois";1;0;1
"espaces-boises-classes";1;0;1
"espaces-canins";1;0;1
"etablissement-public-local";1;0;1
"etablissements-ferroviaires";1;0;1
"etude-le-comparateur-assurance";1;0;1
"etude-lecomparateurassurancecom";1;0;1
"etude-pme";1;0;1
"etudiant-bordeaux";1;0;1
"etudiant-chinois-bordeaux";1;0;1
"europe-1";1;0;1
"evenement-de-securite-remarquable";1;0;1
"exces-de-sel";1;0;1
"exploitations-forestieres";1;0;1
"faune-aquatique";1;0;1
"fauteuils-cinema";1;0;1
"field-trial";1;0;1
"filiere-alimentaire-locale";1;0;1
"financement-auto";1;0;1
"fioul-lourd";1;0;1
"fiscalite-douaniere";1;0;1
"fleurs-de-soleil";1;0;1
"fomations-sociales";1;0;1
"fonds-immobiliers";1;0;1
"fonds-regionaux-d-art-contemporain";1;0;1
"fonds-solidarite-logement";1;0;1
"fontaine-a-eau";1;0;1
"foret-privee";1;0;1
"formats-pivots";1;0;1
"france-terme";1;0;1
"garde-vert";1;0;1
"gardes-de-jour";1;0;1
"gares-et-infrastructures";1;0;1
"gens-voyage";1;0;1
"gradient-ecologique";1;0;1
"grand-groupe";1;0;1
"groupe-pixeo";1;0;1
"groupes-politiques";1;0;1
"guerre-14-18";1;0;1
"gwh-pcs";1;0;1
"hydrologie-urbaine";1;0;1
"imagerie-satellitaire";1;0;1
"implantologie-dentaire";1;0;1
"indicateurs-de-biodiversite";1;0;1
"inegalites-spatiales";1;0;1
"innovation-organisationnelle";1;0;1
"installations-nucleaires";1;0;1
"instituts-de-beaute";1;0;1
"instruments-de-recherche";1;0;1
"insturments-de-recherche";1;0;1
"interaction-biotique";1;0;1
"issycom";1;0;1
"jeux-en-ligne";1;0;1
"journaux-francais";1;0;1
"journaux-maroc";1;0;1
"journaux-marocains";1;0;1
"kinship-dataset";1;0;1
"lasalle-beauvais";1;0;1
"le-comparateur-assurance";1;0;1
"le-relecq-kerhuon";1;0;1
"leadership-au-feminin";1;0;1
"lecomparateurassurancecom";1;0;1
"les-horaires";1;0;1
"leve-bathymetrique-a-l-ellipsoide";1;0;1
"libelles";1;0;1
"limites-administrative";1;0;1
"liste-noire";1;0;1
"loi-duflot";1;0;1
"lone";1;0;1
"maconnerie";1;0;1
"mairie-de-quartier";1;0;1
"maisons-de-quartiers";1;0;1
"mandataires-judiciaires";1;0;1
"maraichers";1;0;1
"materiels-lourds";1;0;1
"medecine-ambulatoire";1;0;1
"meilleurs-lendemains";1;0;1
"mere-enfant";1;0;1
"micropolluant-organique";1;0;1
"ministere-des-finances";1;0;1
"mission-thd";1;0;1
"mission-tres-haut-debit";1;0;1
"mixite-professionnelle";1;0;1
"mode-de-traitement";1;0;1
"mode-faire-valoir";1;0;1
"modele-numerqiue-de-terrain";1;0;1
"molecules-onereuses";1;0;1
"mouvement-europeen";1;0;1
"natures-de-fond";1;0;1
"niveaux-extremes";1;0;1
"nombre-de-carte-igloo";1;0;1
"nombre-irrationnel";1;0;1
"noms-de-domaine";1;0;1
"non-exhaustif";1;0;1
"obeissance";1;0;1
"objet-classe";1;0;1
"objet-vectoriel-altimetrique";1;0;1
"open-data-couverture-numerique";1;0;1
"open-personal-data";1;0;1
"otmane-el-rhazi";1;0;1
"pacte-civil-de-solidarite";1;0;1
"palais-royal";1;0;1
"par-age";1;0;1
"par-sexe";1;0;1
"paris-hippiques";1;0;1
"paris-sportifs";1;0;1
"partage-de-valeurs";1;0;1
"partage-des-valeurs";1;0;1
"participation-sociale";1;0;1
"pass-parasol";1;0;1
"pediatres";1;0;1
"pegase";1;0;1
"pepinieres";1;0;1
"performance-environnementale";1;0;1
"performances-economiques";1;0;1
"permanences-juridiques";1;0;1
"permanences-urbanismes";1;0;1
"personnes-en-difficulte-sociale";1;0;1
"perspectives-financieres";1;0;1
"petrole-brut";1;0;1
"pierre-papier";1;0;1
"pistage-francais";1;0;1
"plan-de-mobilisation";1;0;1
"plantations-a-realiser";1;0;1
"plantes-invasives";1;0;1
"plouzane";1;0;1
"poids-economique";1;0;1
"poincons-argent";1;0;1
"poincons-or";1;0;1
"point-de-contact";1;0;1
"police-territoriale";1;0;1
"policiers-municipaux";1;0;1
"policiers-territoriaux";1;0;1
"pommes-de-terre";1;0;1
"poprete";1;0;1
"potentiel-fiscal";1;0;1
"pourcentage-couverture";1;0;1
"prairie-subalpine";1;0;1
"pratiques-cultures";1;0;1
"presse-francaise";1;0;1
"presse-marocaine";1;0;1
"prestation-de-compensation-du-handicap";1;0;1
"pret-automobile";1;0;1
"pret-entre-particulier";1;0;1
"pret-entre-particuliers";1;0;1
"prevision-de-crue-hydrologie-vigilance-crue-troncon-hydrographique-thematique";1;0;1
"prix-assurance";1;0;1
"procede-photographique";1;0;1
"proces-verbal-electronique";1;0;1
"proces-verbaux";1;0;1
"producteur-ginseng";1;0;1
"production-photovoltaique";1;0;1
"produits-des-iaa";1;0;1
"produits-petroliers-raffines";1;0;1
"professions-reglementees";1;0;1
"programme-150";1;0;1
"programme-231";1;0;1
"programme-leader";1;0;1
"projet-educatif-departemental";1;0;1
"projets-artistique";1;0;1
"protection-maternelle";1;0;1
"prothese-dentaire";1;0;1
"questions-ecrites";1;0;1
"rabotage-de-bois";1;0;1
"rachat-de-pret";1;0;1
"raisins-de-table";1;0;1
"ramee";1;0;1
"rangee";1;0;1
"raster-marine";1;0;1
"ratios-financiers-obligatoires";1;0;1
"rci";1;0;1
"recherche-utilitaire";1;0;1
"reconversion-professionnnelle";1;0;1
"reference-verticale";1;0;1
"referencement-naturel";1;0;1
"referendum-1992";1;0;1
"referendum-2000";1;0;1
"referendum-2005";1;0;1
"reformes";1;0;1
"regions-forestieres";1;0;1
"registre-du-commerce";1;0;1
"reindustrialisation";1;0;1
"relation-client";1;0;1
"relations-international";1;0;1
"remise-en-forme";1;0;1
"renouee";1;0;1
"renouvellements-urbains";1;0;1
"repartition-de-postes";1;0;1
"repartition-des-postes";1;0;1
"reperer";1;0;1
"representants";1;0;1
"reputation-en-ligne";1;0;1
"reseau-bornes-de-recharge-rapide-concessionnaires-nissan";1;0;1
"reseau-bornes-de-recharge-rapide-concessions-nissan";1;0;1
"reseau-de-bornes-de-recharge-rapide-auchan";1;0;1
"reseau-de-distribution";1;0;1
"reseau-education-prioritaire";1;0;1
"reseaux-fixes";1;0;1
"ressources-genetiques";1;0;1
"resultat-exercice";1;0;1
"revenu-disponible-des-menages";1;0;1
"saison-2013-2014";1;0;1
"salinite";1;0;1
"salmonide";1;0;1
"sans-debat";1;0;1
"scene-nationale";1;0;1
"schema-d-ensemble";1;0;1
"scientific-data";1;0;1
"scolarite-obligatoire";1;0;1
"sdis-91";1;0;1
"seance-publique";1;0;1
"secteur-hospitalier";1;0;1
"segregation";1;0;1
"selectionner";1;0;1
"self-data";1;0;1
"series-de-donnees-geographiques";1;0;1
"service-fixe";1;0;1
"simulateur-credit";1;0;1
"simulateur-pret";1;0;1
"simulation-pret";1;0;1
"site-propre";1;0;1
"socle-commun";1;0;1
"sortir-a-lyon";1;0;1
"sous-carreaux-marsden";1;0;1
"sous-serre";1;0;1
"stations-de-recharge";1;0;1
"statistique-agricole";1;0;1
"sud-radio";1;0;1
"superficie-forestiere";1;0;1
"surface-de-compensation";1;0;1
"surfaces-irriguees";1;0;1
"survie-des-arbres";1;0;1
"syndicat-energies-vienne";1;0;1
"systeme-electrique";1;0;1
"systemes-de-reference";1;0;1
"tarif-bleu";1;0;1
"tarif-bleu-option-base";1;0;1
"tarif-bleu-option-hc";1;0;1
"tarif-bleu-option-tempo";1;0;1
"tarif-jaune";1;0;1
"tarif-vert";1;0;1
"tarif-vert-a5-option-base";1;0;1
"tarif-vert-a5-option-ejp";1;0;1
"tarifs-assurance";1;0;1
"tchat-de-voyance";1;0;1
"tchat-voyance-gratuit";1;0;1
"teleassistance";1;0;1
"telegraphiques";1;0;1
"terres-agricoles";1;0;1
"terres-arables";1;0;1
"tin-altimetrique";1;0;1
"tonnes-equivalent-petrole";1;0;1
"transport-electricite";1;0;1
"transport-gratuit";1;0;1
"travaux-forestiers";1;0;1
"type-maree";1;0;1
"un-socle-commun";1;0;1
"unite-propre";1;0;1
"veratre";1;0;1
"verbalisation-electronique";1;0;1
"vie-economique";1;0;1
"vie-quotidienne";1;0;1
"voyance-amour-gratuite";1;0;1
"voyance-amoureuse";1;0;1
"voyance-en-ligne";1;0;1
"voyance-en-ligne-gratuite";1;0;1
"voyance-gratuite-amour-immediate";1;0;1
"voyance-gratuite-par-tchat";1;0;1
"voyance-immediate";1;0;1
"voyance-internet";1;0;1
"voyance-par-chat";1;0;1
"voyance-par-tchat-gratuite";1;0;1
"voyance-sans-attente";1;0;1
"zone-franche";1;0;1
"achat-publi";0;1;1
"agents-conversationnels";0;1;1
"aide-a-la-lecture";0;1;1
"aide-a-la-redaction";0;1;1
"allergies-alimentaires";0;1;1
"appareil-productif";0;1;1
"appui-velo";0;1;1
"artisan-paris";0;1;1
"assiduite";0;1;1
"audelor";0;1;1
"bts-muc";0;1;1
"calendrier-2016";0;1;1
"calendrier-scolaire-2016";0;1;1
"carte-en-etoile";0;1;1
"centres-art-dramatique";0;1;1
"cesarienne";0;1;1
"choregraphie";0;1;1
"citizen-press";0;1;1
"citizen-science";0;1;1
"communs-numeriques";0;1;1
"concours-bce";0;1;1
"concours-post-prepa";0;1;1
"coordonnees-des-ambassades";0;1;1
"creation-musicale";0;1;1
"data-journalisme";0;1;1
"democratisation";0;1;1
"departementales2015";0;1;1
"desaffecte";0;1;1
"detecteur-de-fumee";0;1;1
"deuptes";0;1;1
"deuxieme-tour-departementales";0;1;1
"devis-renovation";0;1;1
"donnees-carroyees-a-200m";0;1;1
"donnees-de-sante";0;1;1
"donnees-economiques-dila";0;1;1
"e-citoyennete";0;1;1
"egalites";0;1;1
"entreprise-adaptee";0;1;1
"entreprise-batiment";0;1;1
"equivalent-temps";0;1;1
"etablissements-de-soin";0;1;1
"exploite";0;1;1
"faisceau-hertzien";0;1;1
"flux-de-donnees";0;1;1
"formations-superieures";0;1;1
"free-license";0;1;1
"geo-visualiseur";0;1;1
"gestion-des-informations-globales";0;1;1
"gestion-des-informations-locales";0;1;1
"ginseng-coree";0;1;1
"ginseng-rouge";0;1;1
"grande-distribution";0;1;1
"grande-instance";0;1;1
"grandes-regions";0;1;1
"horaire-bureau-de-poste";0;1;1
"initiative-france-europe-2020";0;1;1
"intolerances";0;1;1
"jaces2016";0;1;1
"jean-lucmolet";0;1;1
"karate";0;1;1
"langage-naturel";0;1;1
"loi-esr";0;1;1
"macroeconomie";0;1;1
"magasins-de-producteurs";0;1;1
"maladies-nosocomiales";0;1;1
"marches-de-producteurs";0;1;1
"multivariate-analysis";0;1;1
"municipales-20104";0;1;1
"musees-musee";0;1;1
"objects-trouves";0;1;1
"open-data-camp";0;1;1
"open-food-facts";0;1;1
"open-innovation";0;1;1
"operas";0;1;1
"panneaux-publicitaires-scelles-au-sol";0;1;1
"papier-connecte";0;1;1
"points-d-interet";0;1;1
"predictif";0;1;1
"premier-tour-departementales";0;1;1
"projet-de-decret";0;1;1
"publicite-exterieure";0;1;1
"recharge-voiture-electrique-espagne";0;1;1
"resultat-bep";0;1;1
"resultat-bts";0;1;1
"resultat-cap";0;1;1
"risque-incendie";0;1;1
"rugby-a-xiii";0;1;1
"sans-arachide";0;1;1
"sans-celeri";0;1;1
"sans-crustaces";0;1;1
"sans-fruits-a-coque";0;1;1
"sans-gluten";0;1;1
"sans-lait";0;1;1
"sans-lupin";0;1;1
"sans-mollusques";0;1;1
"sans-moutarde";0;1;1
"sans-oeuf";0;1;1
"sans-poisson";0;1;1
"sans-sesame";0;1;1
"sans-soja";0;1;1
"sans-sulfites";0;1;1
"scenes-nationales";0;1;1
"seine-ouest-digital";0;1;1
"serrurier-pas-cher-paris";0;1;1
"services-geolocalises";0;1;1
"services-personnalises";0;1;1
"silos-verre";0;1;1
"social-network";0;1;1
"sommaire-jorf";0;1;1
"sos-serrurier-paris";0;1;1
"sphere-culturelle";0;1;1
"stage-permis-a-points";0;1;1
"stations-autolib";0;1;1
"traitement-de-texte-augmente";0;1;1
"vacances-scolaires-2016";0;1;1
"veille-juridique";0;1;1
"voiture-connectee";0;1;1
"wwwreferencement1fr";0;1;1
"zone-pinel";0;1;1
"bourseville";1;0;1
"cerf";1;0;1
"chevreuil";1;0;1
"ppr-falaises-picardes";1;0;1
"pprt-sur-le-departement-de-la-somme";1;0;1
"prevention-risques-technologiques";1;0;1
"services-d-utilitepublique-et-services-publics";1;0;1
"transports-exceptionnels";1;0;1
"usagedes-sols";1;0;1
"1-2-3";1;0;1
"aff";1;0;1
"aire-de-protection-de-biotope";1;0;1
"aires-d-alimentation-des-captages";1;0;1
"anp";1;0;1
"atlas-des-paysages";1;0;1
"bassins-cotiers-de-dol-de-bretagne";1;0;1
"bonnes-conditions-agricoles-et-environnementales";1;0;1
"canalisations";1;0;1
"captages-prioritaire";1;0;1
"carthotheque";1;0;1
"cartographie-progressive";1;0;1
"centres-bourgs";1;0;1
"centres-d-examen-du-permis-de-conduire";1;0;1
"classements-sonores";1;0;1
"communes-favorables";1;0;1
"convention-de-ramsar";1;0;1
"couesnon";1;0;1
"directive-nitrates";1;0;1
"ecln";1;0;1
"er";1;0;1
"etablissements-publics-de-cooperation-intercommunal";1;0;1
"evaluation-de-l-impact-des-conditions-de-vie-sur-la-sante";1;0;1
"fragmentation";1;0;1
"gave-de-pau";1;0;1
"habitats-d-interet-communautaire";1;0;1
"indemnite-compensatoire-de-handicap-naturel";1;0;1
"interco";1;0;1
"inventaires-scientifiques";1;0;1
"l-214-17-1";1;0;1
"l-214-17-2";1;0;1
"matieres-dangeureuses";1;0;1
"mesure-preventive-en-matiere-de-sante";1;0;1
"pat";1;0;1
"patrimoine-mondial";1;0;1
"plan-climat-energie";1;0;1
"plan-d-amenagement";1;0;1
"plans-d-action-territorial";1;0;1
"ppri-briare";1;0;1
"pprn-falaises-picardes";1;0;1
"preventions";1;0;1
"programmes-locaux-de-l-habitat";1;0;1
"risques-mouvement-de-terrain-tassement-differentiels";1;0;1
"schemas-de-coherence-territorial";1;0;1
"securites-routieres";1;0;1
"semnon";1;0;1
"service-prevision-des-crues-gironde-adour-garonne";1;0;1
"servitudes-de-marchepied";1;0;1
"siouh";1;0;1
"sismicite";1;0;1
"spc-gad";1;0;1
"sylvo-ecoregions";1;0;1
"territoires-a-risque-important-d-inondation";1;0;1
"tmd";1;0;1
"transport-de-matiere-dangereuse";1;0;1
"transports-infrastructure-maritime";1;0;1
"usage-dessols";1;0;1
"vilaine-amont";1;0;1
"zone-bati";1;0;1
"zone-d-action-prioritaire";1;0;1
"zones-d-actions-prioritaires";1;0;1
"zones-de-bati";1;0;1
"zonesa-risque-naturel";1;0;1
"l-111-1-4";1;0;1
"parcs-photovoltaiques";1;0;1
"reculs-routiers";1;0;1
"routes-a-grandes-circulations";1;0;1
"sites-inscrits-ou-classes";1;0;1
"eviter-reduire-compenser";1;0;1
"mesure-compensatoire";1;0;1
"planification-et-developpement-urbain";1;0;1
"zones-de-gestion-de-restriction-ou-de-reglementation";1;0;1
"musee-de-bretagne";0;1;1
"reseau-energie-divers-autre";1;0;1
"risque-zonages-risquenaturel";1;0;1
"zones-de-gestion-de-restrictionou-de-reglementation-et-unites-de-declaration";1;0;1
"amenagements-urbains";1;0;1
"bois-buche";1;0;1
"boues-d-epuration-des-eaux-usees";1;0;1
"boues-industrielles";1;0;1
"centre-de-tri";1;0;1
"centres-de-tri";1;0;1
"chiropteres";1;0;1
"competence-collecte";1;0;1
"concentration-maximale";1;0;1
"dasri";1;0;1
"dechets-de-construction";1;0;1
"dechets-de-demolition";1;0;1
"dechets-de-voirie";1;0;1
"diatomee";1;0;1
"eergie";1;0;1
"fiscalite-incitative";1;0;1
"gaz-de-reseau";1;0;1
"incinerateurs";1;0;1
"indice-biologique";1;0;1
"indice-macro-invertebres";1;0;1
"indice-macrophyte";1;0;1
"indice-poisson";1;0;1
"installations-de-traitement";1;0;1
"installations-de-transformation";1;0;1
"interet-patrimonial";1;0;1
"itom";1;0;1
"matiere-organique";1;0;1
"nitrites";1;0;1
"niveau-des-nappes";1;0;1
"normes-de-qualite-environnementale";1;0;1
"nqe";1;0;1
"pesticides-prioritaires";1;0;1
"plateforme-de-compostage";1;0;1
"plateforme-de-maturation-de-machefers";1;0;1
"plateformes-de-maturation-de-machefers";1;0;1
"plp";1;0;1
"programme-local-de-prevention";1;0;1
"quais-de-transfert";1;0;1
"qualitometre";1;0;1
"reseaux-transport-d-energie";1;0;1
"seq-eau";1;0;1
"sous-produits-agricoles";1;0;1
"unite-de-traitement-biologique-des-omr";1;0;1
"unites-de-valorisation-organiques";1;0;1
"zero-phyto";1;0;1
"donnees-dynamiques";1;0;1
"information-voyageur";1;0;1
"infrastructure-intermodalite";1;0;1
"alisse";1;0;1
"bike";1;0;1
"boucherie-charcuterie";1;0;1
"boulangerie";1;0;1
"categorie-socio-professionnelle";1;0;1
"climate-change";1;0;1
"cnit";1;0;1
"code-geographique";1;0;1
"combat";1;0;1
"etoiles";1;0;1
"fleuriste";1;0;1
"global-warming";1;0;1
"grande-surface";1;0;1
"hypermarche";1;0;1
"multisports";1;0;1
"organismes-publics-locaux";1;0;1
"poissonnerie";1;0;1
"population-insee-code-postal";1;0;1
"randonne";1;0;1
"salles-de-sports";1;0;1
"services-aux-particuliers";1;0;1
"superette";1;0;1
"surgeles";1;0;1
"sustainable-energy";1;0;1
"urban-data";1;0;1
"zone-demploi";1;0;1
"bnp-paribas";1;0;1
"credit-agricole";1;0;1
"credit-mutuel";1;0;1
"paradis-fiscaux";1;0;1
"societe-generale";1;0;1
"politique-de-l-espace";1;0;1
"traitement-des-boues";1;0;1
"covoiturage-bordeaux";0;1;1
"covoiturage-quotidien";0;1;1
"covoiturage-nantes";0;1;1
"ecuries";0;1;1
"pension-chevaux";0;1;1
"haies-sur-talus";1;0;1
"ore-petits-fleuves-cotiers";1;0;1
"points-de-mesure";1;0;1
"13-et-20-mars-2016";1;0;1
"euroshell";1;0;1
"new-caledonia";1;0;1
"oysters-mussels-clams";1;0;1
"shellfish-production-area";1;0;1
"transfert-des-connaissances";1;0;1
"data-ang";1;0;1
"ai";0;1;1
"ia";0;1;1
"partialite";0;1;1
"pays-de-lorient";1;0;1
"1-er";1;0;1
"18-e";1;0;1
"anterieurs";1;0;1
"archeologiques";1;0;1
"bassin-d-epuration";1;0;1
"centers";1;0;1
"climat-energie";1;0;1
"concerte";1;0;1
"cop-21";1;0;1
"d-amenagement";1;0;1
"dcom";1;0;1
"distants";1;0;1
"dsa";1;0;1
"issu";1;0;1
"janvier";1;0;1
"muraux";1;0;1
"pdi";1;0;1
"ped";1;0;1
"plan-educatif-departemental";1;0;1
"pluridisciplinaire";1;0;1
"postales";1;0;1
"rsa-projets-de-ville-dpas-insertion";1;0;1
"siecle";1;0;1
"data-logement";1;0;1
"demande-de-logement-social";1;0;1
"numero-unique";1;0;1
"sne";1;0;1
"mongoose";0;1;1
"sde32";1;0;1
"celibitaire";0;1;1
"marital";0;1;1
"ca-limoges-metropole";1;0;1
"infections-nosocomiales";1;0;1
"arbres-champions";1;0;1
"arbres-exceptionnels";1;0;1
"arbres-geants";1;0;1
"arbres-rares";1;0;1
"arbres-venerables";1;0;1
"arbres-veterans";1;0;1
"gros-arbres";1;0;1
"infrastructure-de-donnees-geographiques";1;0;1
"plateforme-web";1;0;1
"zones-baties";1;0;1
"carte-de-france-administrative";0;1;1
"carte-nouvelles-regions-de-france";0;1;1
"cotisation";1;0;1
"cout-du-travail";1;0;1
"fiche-de-paie";1;0;1
"prelevements-sociaux";1;0;1
"transmusicales";0;1;1
"arboretum";1;0;1
"bord-de-mer";1;0;1
"breton";1;0;1
"creperie";1;0;1
"ecomusees";1;0;1
"edifice-religieux";1;0;1
"edifices";1;0;1
"enclos-paroissiaux";1;0;1
"fastfood";1;0;1
"grill";1;0;1
"initiative";1;0;1
"manger";1;0;1
"offices";1;0;1
"resort";1;0;1
"se-restaurer";1;0;1
"sites-naturels";1;0;1
"diagnsotic";1;0;1
"agence-de-mannequin";0;1;1
"fashion-model";0;1;1
"pret-a-porter";0;1;1
"region-franche-comte";1;0;1
"mineralisation";1;0;1
"proprietes-des-sols";1;0;1
"base-carbone";1;0;1
"detecteur-de-fumee-kidde";0;1;1
"detecteur-de-gaz";0;1;1
"detecteur-de-monoxyde-de-carbone-kidde";0;1;1
"echelle-de-secours";0;1;1
"kidde";0;1;1
"vikiddeo";0;1;1
"vitry";1;0;1
"vitry-sur-seine";1;0;1
"plombier-pas-cher-paris-1";1;0;1
"sos-plombier-paris-1";1;0;1
"sos-plombier-paris-2";1;0;1
"plombier-pas-cher-paris-5";1;0;1
"sos-plombier-paris-3";1;0;1
"adrasec";0;1;1
"coz";0;1;1
"emiz";0;1;1
"fnrasec";0;1;1
"salaire-de-reference";1;0;1
"tuttle";1;0;1
"protection-des-donnees";1;0;1
"afapdp";1;0;1
"pays-dela-loire";1;0;1
"table-de-composition";0;1;1
"brive";0;1;1
"gestion-des-eaux";1;0;1
"dpc";0;1;1
"epp";0;1;1
"openmedic";0;1;1
"osur";1;0;1
"departement-francais";1;0;1
"reforme-des-regions";0;1;1
"orthophotographie-ortho-image-photographie-aerienne-referentiel-languedoc-roussillon-donnees-ouvertes";1;0;1
"accords-vins";0;1;1
"autocuiseur";0;1;1
"cocotte-minute";0;1;1
"acte-de-naissance";0;1;1
"extrait-de-naissance";0;1;1
"appelation";0;1;1
"44";1;0;1
"scraping";1;0;1
"chambres-territoriales-des-comptes";1;0;1
"rapports-publics";1;0;1
"cour-de-discipline-budgetaire-et-financiere";1;0;1
"correction";1;0;1
"assurance-habitation";1;0;1
"loi-hamon";1;0;1
"associations-de-developpement-des-usages";1;0;1
"bibliotheque-scientifique";1;0;1
"cantines-numeriques";1;0;1
"chevreaux";1;0;1
"e164";1;0;1
"e212";1;0;1
"eletions";1;0;1
"espaces-de-coworking";1;0;1
"federation-des-aveugles-de-france";1;0;1
"groupement-de-collectivites";1;0;1
"hackerspaces";1;0;1
"l-33-1";1;0;1
"makerspaces";1;0;1
"mnc";1;0;1
"non-cadre";1;0;1
"ns1";1;0;1
"petition";1;0;1
"pis";1;0;1
"poles-de-formations-ou-de-recherche";1;0;1
"portabilite";1;0;1
"presidentielle-ouverte";1;0;1
"tc-horaires";1;0;1
"vifs";1;0;1
"zne";1;0;1
"cookeo";0;1;1
"revisions";0;1;1
"sva";0;1;1
"noeud";1;0;1
"customs";0;1;1
"datadouanes";0;1;1
"trade";0;1;1
"whisky";0;1;1
"sky";0;1;1
"dgccrf";1;0;1
"plateforme-prix-travaux";0;1;1
"travaux-construction";0;1;1
"drac-sra";1;0;1
"zppa";1;0;1
"resultats-dnb";0;1;1
"ipsos";1;0;1
"offshore";1;0;1
"panama-papers";1;0;1
"a-3";1;0;1
"a-6";1;0;1
"ac-4";1;0;1
"acces-autoroute";1;0;1
"acces-route-express";1;0;1
"alignement-des-voies-publiques";1;0;1
"article-l-214-17";1;0;1
"association-syndicale";1;0;1
"balisage-aeeronautique";1;0;1
"bassin-d-habitat";1;0;1
"bois-et-foret";1;0;1
"canaux-d-irrigation";1;0;1
"centre-de-reception";1;0;1
"circulation-publique";1;0;1
"communication-electronique";1;0;1
"conduite-d-irrigation";1;0;1
"croisement-fer-route";1;0;1
"degagement-aeronautique";1;0;1
"dirigee";1;0;1
"document-de-planification";1;0;1
"el-2";1;0;1
"el-4";1;0;1
"el-5";1;0;1
"enn";1;0;1
"entretien-foret";1;0;1
"gens";1;0;1
"i-1";1;0;1
"int-2";1;0;1
"integrale";1;0;1
"loi-sur-l-eau";1;0;1
"navigation-interieure";1;0;1
"nuisible";1;0;1
"ouvrage-collectif";1;0;1
"passage-cours-d-eau";1;0;1
"perimetre-de-transport-urbain";1;0;1
"perimetre-sage";1;0;1
"pipe-line";1;0;1
"point-dangereux";1;0;1
"pole-economique";1;0;1
"poste-electronique";1;0;1
"rbi";1;0;1
"recherche-petrole";1;0;1
"scap";1;0;1
"securite-aerienne";1;0;1
"strategie-d-agglomeration";1;0;1
"t-4";1;0;1
"t-7";1;0;1
"terrain-militaire";1;0;1
"terrain-sans-occupant";1;0;1
"transport-d-eau";1;0;1
"transport-ressource";1;0;1
"visibilite-sur-les-voies-publiques";1;0;1
"zinf";1;0;1
"zone-de-degagement";1;0;1
"zone-submersible";1;0;1
"zsup";1;0;1
"sols-bd-sol-potentiel-cultural-agropedologie-amenagement-viticulture-grandes-cultures-maraichage-agricole-commune-outil";1;0;1
"aeroport-de-nantes-atlantique";1;0;1
"7eme-pcrdt";1;0;1
"agence-nationale-de-la-recherche";1;0;1
"structure-de-recherche";1;0;1
"rage";1;0;1
"renard";1;0;1
"debt";0;1;1
"settlement";0;1;1
"appellation-d-origine-controlee";1;0;1
"continuite-du-bati";1;0;1
"enjeu-lineaire";1;0;1
"enjeu-pprt";1;0;1
"grand-predateur";1;0;1
"interet-ecologique-faunistique-et-floristique";1;0;1
"interet-faunistique-et-floristique";1;0;1
"moument-historique";1;0;1
"perimetre-pprt";1;0;1
"plan-d-exposition-bruit";1;0;1
"plan-gene-sonore";1;0;1
"prescription-surfacique";1;0;1
"protection-aep";1;0;1
"protection-du-patrimoine-architectural-urbain-et-paysager";1;0;1
"regroupement-de-communes";1;0;1
"sites-inscrit-et-classe";1;0;1
"sur-risque-sismique";1;0;1
"zone-de-protection-prioritaire";1;0;1
"zppn";1;0;1
"box-come";0;1;1
"channel";0;1;1
"offer";0;1;1
"sky-hd";0;1;1
"sky-multiscreen";0;1;1
"sky-q";0;1;1
"tv-bundle";0;1;1
"fn";0;1;1
"coefficients-des-sous-profils";1;0;1
"critere-b";1;0;1
"patrimoine-et-infrastructures";1;0;1
"action-educative-a-domicile";1;0;1
"action-educative-en-milieu-ouvert";1;0;1
"adaptation";1;0;1
"aires-de-livraison";1;0;1
"article-133";1;0;1
"articles";1;0;1
"centres-culturels";1;0;1
"centres-maternels";1;0;1
"certificats-de-sante";1;0;1
"chapitres";1;0;1
"chorales";1;0;1
"commissions-permanentes";1;0;1
"contractualisation";1;0;1
"contrat-local-de-securite";1;0;1
"contrats-de-developpement-departement-ville";1;0;1
"cotisation-sur-la-valeur-ajoutee-des-entreprises";1;0;1
"dependances";1;0;1
"deversoirs";1;0;1
"domiciles";1;0;1
"droits-de-mutation-a-titre-onereux";1;0;1
"ensembles-instrumentaux";1;0;1
"etablissements-specialises";1;0;1
"etats-surfaciques";1;0;1
"fermetures";1;0;1
"fonds-nationaux-de-garantie-individuelle-des-ressources";1;0;1
"hydrobiologiques";1;0;1
"inscrits-physiques";1;0;1
"jardins-denfants";1;0;1
"leves-topographiques";1;0;1
"maison-denfants-a-caractere-social";1;0;1
"pouponnieres";1;0;1
"prevention-socio-educative";1;0;1
"ratios";1;0;1
"rubriques";1;0;1
"solidarite-internationale";1;0;1
"sous-prefets";1;0;1
"symptomes";1;0;1
"topographiques";1;0;1
"travail-de-rue";1;0;1
"usagers-en-fauteuil-roulant";1;0;1
"aeronef-sans-pilote";0;1;1
"carte-drone";0;1;1
"etat-boise";1;0;1
"racisme";1;0;1
"sommet-de-la-terre";1;0;1
"genocide";1;0;1
"travail-dominical";1;0;1
"moderation-budgetaire";1;0;1
"traite-de-lisbonne";1;0;1
"laprimaire";1;0;1
"laprimaire-org";1;0;1
"frais-de-campagne";0;1;1
"aide-educative-domicile";1;0;1
"aide-educative-en-milieu-ouvert";1;0;1
"auxiliaire-de-vie-sociale";1;0;1
"bilan-familial";1;0;1
"bourses-collegiens";1;0;1
"marchandise";1;0;1
"stratification-sociale";1;0;1
"kiosques";1;0;1
"bail";1;0;1
"bail-de-location";1;0;1
"bail-locatif";1;0;1
"contrat-de-location";1;0;1
"etat-des-lieux";1;0;1
"etat-des-lieux-de-sortie";1;0;1
"etat-des-lieux-gratuits";1;0;1
"25-doubs";1;0;1
"test3";1;0;1
"test4";1;0;1
"zones-touristiques";1;0;1
"reforme-des-college";1;0;1
"dechaumage";0;1;1
"dechaumeur";0;1;1
"affaire-de-corruption";1;0;1
"anti-corruption";1;0;1
"base-de-donnees-de-la-corruption";1;0;1
"carte-de-la-corruption";1;0;1
"cartographie-de-la-corruption";1;0;1
"justice-francaise";1;0;1
"liste-des-affaires-de-corruption";1;0;1
"lutte-contre-la-corruption";1;0;1
"ti-france";1;0;1
"transparency-international";1;0;1
"transparency-international-france";1;0;1
"socio-culturel";0;1;1
"socio-edcucatif";0;1;1
"ratios-legaux";1;0;1
"bison";1;0;1
"fute";1;0;1
"unites-experimentales";0;1;1
"e-roads";1;0;1
"routes-europeennes";1;0;1
"equilibrage";1;0;1
"eboulis-crayeux";1;0;1
"galium-fleurotii";1;0;1
"chouettes-cheveches";1;0;1
"olympiques";1;0;1
"rio";1;0;1
"mort-france-departement-naissance";1;0;1
"morts-france-departement-naissance-1914-1918-1939-1945";1;0;1
"morts-france-departement-naissance-soldat-1914-1918-1939-1945";1;0;1
"memorial-genealogie";1;0;1
"necropole-nationale-cimetiere-militaire-monuments-aux-morts-morts-pour-la-france-memoire-memorial-1914-1918-1939-1945";1;0;1
"chambre-funeraire";0;1;1
"definitifs";1;0;1
"feminisation";1;0;1
"conseil-municipal-faugeres-ardeche";1;0;1
"deliberation-conseil-municipal-faugeres-ardeche";1;0;1
"commune-faugeres-pluviometrie-thermometrie-releves-pluie-precipitations-gel-temperatures";1;0;1
"faugeres-ardeche";1;0;1
"chronologique";1;0;1
"7m";1;0;1
"7m-cn";1;0;1
"election-presidentielle-1974";1;0;1
"election-presidentielle-1981";1;0;1
"election-presidentielle-1988";1;0;1
"74";1;0;1
"anes";1;0;1
"chevaux";1;0;1
"equide";1;0;1
"ifce";1;0;1
"sire";1;0;1
"profil-en-travers";1;0;1
"consistance";1;0;1
"indc";1;0;1
"unfccc";1;0;1
"greenhouse-gas";1;0;1
"carte-total-gr";1;0;1
"horaires-parkings";1;0;1
"illustrations-de-parkings";1;0;1
"iso-14001";1;0;1
"led";1;0;1
"mainslib";1;0;1
"management-environnemental";1;0;1
"parking-reserve-aux-abonnes";1;0;1
"parking-residentiel";1;0;1
"parking-velo";1;0;1
"parkings-publics";1;0;1
"parkings-relais";1;0;1
"parkings-reserves-aux-abonnes";1;0;1
"parkings-residentiels";1;0;1
"parkings-velos";1;0;1
"photos-de-parkings";1;0;1
"telepeage-liber-t";1;0;1
"albert";1;0;1
"kahn";1;0;1
"gov";0;1;1
"hmrc";0;1;1
"taux-moyens";1;0;1
"taxe-habitation";1;0;1
"politique-des-transports";1;0;1
"vehicule-non-polluant";1;0;1
"departement-du-cher";1;0;1
"aide-sociale-a-lhebergement";1;0;1
"groupe-iso-ressource";1;0;1
"parking-pmr";1;0;1
"parking-temps-reel";1;0;1
"parking-vehicules-electriques";1;0;1
"aide-a-la-performance";0;1;1
"justice-predictive";0;1;1
"cui";1;0;1
"cnds";1;0;1
"signalements";1;0;1
"competitions-sportives-internationales";1;0;1
"creation-d-etablissements";1;0;1
"detr";1;0;1
"dotation-d-equipement-des-territoires-ruraux";1;0;1
"dotation-globale-d-equipement";1;0;1
"federation-francaise-de-football";1;0;1
"fff";1;0;1
"incivilites";1;0;1
"observatoire-des-comportements";1;0;1
"politiques-sportive";1;0;1
"repertoire-des-entreprises-et-des-etablissements";1;0;1
"aide-a-la-decision";1;0;1
"carte-professionnelle";1;0;1
"conseillers-techniques";1;0;1
"contrats-d-objectifs";1;0;1
"conventions-d-objectifs";1;0;1
"educateur-sportif";1;0;1
"groupements-nationaux";1;0;1
"modalites-d-intervention";1;0;1
"optimouv";1;0;1
"rencontres-sportives";1;0;1
"substances-dopantes";1;0;1
"auto-evaluer";1;0;1
"eco-responsabilite";1;0;1
"evenements-sportifs";1;0;1
"facteur-d-emission";1;0;1
"facteurs-d-emission";1;0;1
"mots-cles-libres";1;0;1
"val-d-ille";1;0;1
"bmw-i3";1;0;1
"c-zero";1;0;1
"ihm";1;0;1
"kia-soul";1;0;1
"nissan-leaf";1;0;1
"sga-automation";1;0;1
"sga-mobility";1;0;1
"supervision";1;0;1
"zoe";1;0;1
"kipfood";0;1;1
"chroniques-cartographiques";0;1;1
"actualite-des-sports";1;0;1
"fanaride";1;0;1
"fanaride-com";1;0;1
"accotements";1;0;1
"dp-bord";1;0;1
"ancenis-44003";1;0;1
"beaulieu-sur-layon-49022";1;0;1
"bouguenais-44020";1;0;1
"campbon-44025";1;0;1
"chateaubriant-44036";1;0;1
"directiveinondation";1;0;1
"durtal-49127";1;0;1
"getigne-44063";1;0;1
"indre-44074";1;0;1
"la-grigonnais-44224";1;0;1
"missillac-44098";1;0;1
"nantes-44109";1;0;1
"pontchateau-44129";1;0;1
"pornic-44131";1;0;1
"reze-44143";1;0;1
"saint-barthelemy-d-anjou-49267";1;0;1
"saint-etienne-de-montluc-44158";1;0;1
"saint-nazaire-44184";1;0;1
"sainte-luce-sur-loire-44172";1;0;1
"seiches-sur-le-loir-49333";1;0;1
"vallet-44212";1;0;1
"dreal-alpc";1;0;1
"plans-climat-energie-territorial";1;0;1
"lutte-contre-le-dopage";1;0;1
"produits-dopants";1;0;1
"substance-dopante";1;0;1
"csvgrep";0;1;1
"vetements-de-travail";1;0;1
"vetements-professionnel";1;0;1
"contributeurs";0;1;1
"loi-numerique";1;0;1
"partenariat-public-prive";1;0;1
"budget-de-defense";1;0;1
"effectifs-de-la-defense";1;0;1
"les-aspects-industriels-de-la-defense";1;0;1
"les-moyens-de-la-defense";1;0;1
"federation-sportives";1;0;1
"immersion";1;0;1
"parc-d-activite";1;0;1
"patrimoine-tourisme-loisirs-patrimoine-mobilier";1;0;1
"qualiparc";1;0;1
"volume-immerge";1;0;1
"paroisse";1;0;1
"61";1;0;1
"gratification";1;0;1
"dechets-radioactifs";1;0;1
"matiere-radioactive";1;0;1
"pneu";0;1;1
"pneumatique";0;1;1
"pneus-agricoles";0;1;1
"tracteur";0;1;1
"diner-spectacle";1;0;1
"gala";1;0;1
"aides-gouvernement";1;0;1
"hippodrome";1;0;1
"dechet-vert";1;0;1
"dechets-non-dangereux-du-commerce-et-des-industries";1;0;1
"dndae";1;0;1
"ordure-menageres-residuelles";1;0;1
"tmb";1;0;1
"traitement-organique";1;0;1
"traitement-thermique";1;0;1
"unites-de-traitement-organique";1;0;1
"zdzg";1;0;1
"arcs";1;0;1
"cityroul";1;0;1
"repartition-geographique-de-la-population";1;0;1
"panne";1;0;1
"pneus";1;0;1
"rames";1;0;1
"theoriques";1;0;1
"version";1;0;1
"useda";1;0;1
"ve";1;0;1
"jt";0;1;1
"ecar18";1;0;1
"rt78";1;0;1
"bip-bip";1;0;1
"montagnes";1;0;1
"volcans";1;0;1
"economie-finance";1;0;1
"guyane-habitat-politique-de-la-ville-construction-spontane";1;0;1
"barometre-sante";1;0;1
"inpes";1;0;1
"vapoteur";1;0;1
"technicien";1;0;1
"02-region-bourgogne-franche-comte";1;0;1
"isochrones";0;1;1
"handisport";1;0;1
"deblais";1;0;1
"sondages-geotechniques";1;0;1
"portage-de-repas";0;1;1
"aire-d-alimentation-captages";1;0;1
"cotes-de-securite";1;0;1
"cotes-de-seuil";1;0;1
"dispositif-duflot";1;0;1
"feux-de-foret";1;0;1
"origine-du-risque";1;0;1
"plans-de-prevention";1;0;1
"programme-d-interet-general";1;0;1
"programme-local-de-l-habitat";1;0;1
"programmes-locaux-d-habitat";1;0;1
"quartiers-anciens";1;0;1
"zonages-1-2-3";1;0;1
"zonages-a-b-c";1;0;1
"bilan-pedagogigue";1;0;1
"orgnismes-de-formation";1;0;1
"sgmap";1;0;1
"niveau-de-debit";1;0;1
"saint-michel-chef-chef-44182";1;0;1
"marque-d-etat";1;0;1
"qualite-tourisme";1;0;1
"continuite";1;0;1
"crehen";1;0;1
"le-guildo";1;0;1
"car-scolaire";1;0;1
"troncon-ferroviaire";1;0;1
"e-charge50";1;0;1
"irve50";1;0;1
"sdem";1;0;1
"automatisation";1;0;1
"oxford";1;0;1
"robots";1;0;1
"bioagresseurs";1;0;1
"donnees-textuelles";1;0;1
"inad";0;1;1
"frontonnais";1;0;1
"levallois";0;1;1
"ploezal";1;0;1
"saint-gelven";1;0;1
"mms";0;1;1
"perimetre-d-action";1;0;1
"loi-eau";1;0;1
"postes-fixes-pour-la-chasse";1;0;1
"secteur-secheresse";1;0;1
"activites-humaines-campagnes-oceanographiques";1;0;1
"aubiere";1;0;1
"aulnat";1;0;1
"biens-incrits";1;0;1
"blanzat";1;0;1
"cebazat";1;0;1
"ceyrat";1;0;1
"chamalieres";1;0;1
"champd-epandage";1;0;1
"chateaugay";1;0;1
"cournon-d-auvergne";1;0;1
"dechets-des-activites-economiques";1;0;1
"dechets-non-dangereux-en-melange";1;0;1
"departement-de-l-allier";1;0;1
"departement-du-puy-de-dome";1;0;1
"durtol";1;0;1
"ecpi";1;0;1
"gerzat";1;0;1
"gestion-des-crises-etdes-risques";1;0;1
"gsp";1;0;1
"herbiers";1;0;1
"intelligence-military";1;0;1
"le-cendre";1;0;1
"lempdes";1;0;1
"limites-administratives-et-decoupage-des-territoires-grilles-et-carroyages";1;0;1
"macroalgues";1;0;1
"macrophytes";1;0;1
"milieux-lagunaires-mediterraneens";1;0;1
"nohanent";1;0;1
"orcines";1;0;1
"ordures-menageres-stabilisees";1;0;1
"paysde-la-loire";1;0;1
"pdv";1;0;1
"perignat-les-sarlieve";1;0;1
"phytoplancton";1;0;1
"plans-locaux-d-urbanisme-intercommunaux";1;0;1
"pointde-suivi";1;0;1
"pole-faune";1;0;1
"pont-du-chateau";1;0;1
"producteurs-primaires";1;0;1
"reseaux-de-telecommunications";1;0;1
"residus-de-broyage-de-vehicules";1;0;1
"risque-zonages-risquetechnologique";1;0;1
"romagnat";1;0;1
"royat";1;0;1
"saint-genes-champanelle";1;0;1
"sdci";1;0;1
"services-del-etat";1;0;1
"servicesde-l-etat";1;0;1
"servitudes-d-utilite-publique-et-service-public";1;0;1
"societe-d-histoire-naturelle-d-autun";1;0;1
"sous-produits-des-installations-de-traitement";1;0;1
"specificationregionale";1;0;1
"trameverte-et-bleue";1;0;1
"unites-de-valorisation-organique";1;0;1
"zones-d-emploi";1;0;1
"zones-de-gestion-de-restriction-ou-de-reglementation-etunites-de-declaration";1;0;1
"zones-degestion-de-restriction-ou-de-reglementation-et-unites-de-declaration";1;0;1
"zonesde-gestion-de-restriction-ou-de-reglementation-et-unites-de-declaration";1;0;1
"zsc-zone-speciale-de-conservation";1;0;1
"donneesde-references-referentiels-vocabulaire-controle";1;0;1
"occupation-desterres";1;0;1
"servicesd-utilite-publique-et-services-publics";1;0;1
"zonages-risquetechnologique";1;0;1
"zones-de-gestion-de-restriction-oude-reglementation-et-unites-de-declaration";1;0;1
"brain-derived-neurotrophic-factor";1;0;1
"zebrafish";1;0;1
"atomic-characteristics-of-nano-iron-oxide";1;0;1
"atomic-characteristics-of-zinc-oxide-nano-powder";1;0;1
"ceramic-oxide-nano-powders-alterations";1;0;1
"characteristics-of-ceramic-oxide-nano-powders";1;0;1
"copper-oxide";1;0;1
"crystalline-characteristics-of-nano-iron-oxide";1;0;1
"iron-oxide";1;0;1
"zinc-oxide";1;0;1
"risquestechnologiques";1;0;1
"services-d-utilite-publique-et-servicespublics";1;0;1
"antimony-sulfide";1;0;1
"antimony-sulfide-ftir-spectrum";1;0;1
"atomic-characteristics-of-barium-titanate-powder";1;0;1
"barium-titanate";1;0;1
"barium-titanate-powder";1;0;1
"centre-d-examen";1;0;1
"chloramphenicol";1;0;1
"chloramphenicol-ftir-analysis";1;0;1
"electron-spin-resonance";1;0;1
"esr-study-of-batio3";1;0;1
"physical-properties-of-antimony-sulfide";1;0;1
"properties-of-barium-titanate";1;0;1
"spectroscopic-characterization-of-chloramphenicol";1;0;1
"spectroscopic-characterization-of-tetracycline";1;0;1
"structural-characteristics-of-barium-titanate-powder";1;0;1
"structural-properties-of-antimony-sulfide";1;0;1
"tetracycline";1;0;1
"tetracycline-ftir-analysis";1;0;1
"tetracycline-uv-spectrum-analysis";1;0;1
"transport-matiere-dangereuse";1;0;1
"xrd-analysis-of-antimony-sulfide";1;0;1
"zones-d-effets";1;0;1
"made-in-france";1;0;1
"appel-a-projet";1;0;1
"patrimoine-tourisme-loisirs-autres";1;0;1
"protection-civile";1;0;1
"lieux-de-production-etsites-industriels";1;0;1
"ressourceen-eau";1;0;1
"hydroxyethyl-cellulose";1;0;1
"hydroxyethyl-cellulose-properties";1;0;1
"hydroxypropyl-cellulose";1;0;1
"hydroxypropyl-cellulose-properties";1;0;1
"hydroxypropyl-cellulose-xrd-analysis";1;0;1
"biotype-number-of-r-ornithinolytica";1;0;1
"brunauer-emmett-teller-analysis";1;0;1
"esr";1;0;1
"mn3o4";1;0;1
"multidrug-resistant-of-raoultella-ornithinolytica";1;0;1
"paramagnetic";1;0;1
"r-ornithinolytica-biochemical-characteristics";1;0;1
"raoultella-ornithinolytica";1;0;1
"susceptibility-pattern-of-r-ornithinolytica";1;0;1
"susceptibility-pattern-of-raoultella-ornithinolytica";1;0;1
"a-9-servitudes-relatives-a-la-conservation-du-patrimoine";1;0;1
"bpe-base-permanente-des-equipements";1;0;1
"captages-d-eau-potable";1;0;1
"cartes-communlales";1;0;1
"cc-carte-communale";1;0;1
"cones-de-vue";1;0;1
"defrichements";1;0;1
"epandages";1;0;1
"espaces-boses-classes";1;0;1
"ilots-agricoles";1;0;1
"matieres-organiques";1;0;1
"points-de-vues";1;0;1
"ppri-plan-de-prevention-des-risques-d-inondation";1;0;1
"ppri-plans-de-prevention-des-risques-inondation";1;0;1
"pprn-plan-de-prevention-des-risques-naturels";1;0;1
"pprn-plans-de-prevention-des-risques-naturels";1;0;1
"retenues";1;0;1
"secteurs-sauvegardes";1;0;1
"val-d-authion";1;0;1
"z-1";1;0;1
"z-2";1;0;1
"zap-zone-agricole-protegee";1;0;1
"zh-zone-humide";1;0;1
"zone-de-revitalisation";1;0;1
"zones-urbaines-u-les-zones-a-urbaniser-au-les-zones-agricoles-a-et-les-zones-naturelles-et-forestieres-n";1;0;1
"zrr-zone-de-revitalisation-rurale";1;0;1
"cartepedologique";1;0;1
"pays-de-laloire";1;0;1
"ir-spectra-of-thiourea";1;0;1
"ir-spectrum-of-paracetamol";1;0;1
"magnesium-sulphate";1;0;1
"paracetamol";1;0;1
"piroxicam";1;0;1
"properties-of-paracetamol";1;0;1
"sodium-carbonate";1;0;1
"sodium-carbonate-ir-spectrum";1;0;1
"spectral-properties-of-paracetamol";1;0;1
"spectral-properties-of-pharmaceuticals";1;0;1
"spectral-properties-of-piroxicam";1;0;1
"spectrum-analysis-of-pharmaceuticals";1;0;1
"thiourea";1;0;1
"thiourea-ir-spectrum";1;0;1
"urea";1;0;1
"uv-spectrum-of-paracetamol";1;0;1
"juridictions-pour-mineurs";1;0;1
"parquets";1;0;1
"penal";1;0;1
"tribunaux-correctionnels";1;0;1
"gestionde-crise";1;0;1
"gestiondes-crises-et-des-risques";1;0;1
"specificationspartagees";1;0;1
"donnees-dereferences-referentiels-vocabulaire-controle";1;0;1
"organisationdu-suivi-de-l-eau-programmes-de-surveillance-reseaux-de-mesure";1;0;1
"risquesnaturels";1;0;1
"site-industriel-production-siteeolien";1;0;1
"site-industriel-production-siteindustriel";1;0;1
"specificationnationale";1;0;1
"services-d-utilite-publique-etservices-publics";1;0;1
"cartes-marines-anciennes";1;0;1
"limites-politiques-et-administratives";1;0;1
"teleicare";1;0;1
"bassin-agour-garonne";1;0;1
"biogaz-methanisation-energie-energie-renouvelable-biomethane";1;0;1
"etiage";1;0;1
"euratlantique";1;0;1
"gestion-eau";1;0;1
"operations-d-interet-general";1;0;1
"zones-grises";1;0;1
"4-4";1;0;1
"amenagement-touristique";1;0;1
"equipement-touristique";1;0;1
"gestion-de-la-qualite-de-l-eau";1;0;1
"habitation-a-loyer-modere-hlm";1;0;1
"n-terrain-gens-voyage-s-045";1;0;1
"pentes";1;0;1
"perimetre-captage";1;0;1
"pl-ui-d";1;0;1
"pl-ui-h";1;0;1
"plan-local-d-urbanisme-intercommunal-deplacements";1;0;1
"plan-local-d-urbanisme-intercommunal-habitat";1;0;1
"protection-bois-et-foret";1;0;1
"protection-de-zone-de-captage-de-l-eau";1;0;1
"regime-forestier";1;0;1
"reseauxde-transport";1;0;1
"sous-prefecture";1;0;1
"submersible";1;0;1
"zone-protegee-de-captage-d-eau";1;0;1
"aide-compensatrice";1;0;1
"anneau";1;0;1
"canal-maritime";1;0;1
"collegiens";1;0;1
"feminin";1;0;1
"espacepublic-mobilier-urbain";1;0;1
"atomic-characteristic-in-bn-powder";1;0;1
"bile-salt";1;0;1
"boron-nitride";1;0;1
"brunaueremmett-teller-analysis";1;0;1
"cadmium-particle-size-analysis";1;0;1
"cadmium-xrd-analysis";1;0;1
"cancer-biomarker";1;0;1
"cancer-biomarkers-in-endometrial";1;0;1
"chromium-vi-oxide-study";1;0;1
"elisa";1;0;1
"endometrial-cancer-cell-lines";1;0;1
"endometrium-and-prostate-cancer-cell-lines";1;0;1
"endometrium-cancer";1;0;1
"il-6";1;0;1
"morphological-properties-of-silicon-carbide";1;0;1
"physical-properties-of-bile-salt";1;0;1
"physical-properties-of-cadmium";1;0;1
"physical-properties-of-proteose-peptone";1;0;1
"properties-of-boron-nitride";1;0;1
"properties-of-silicon-carbide";1;0;1
"prostate-cancer";1;0;1
"prostate-cancer-cell-lines";1;0;1
"prostate-cancer-cell-lines-reduction";1;0;1
"proteose-peptone";1;0;1
"silicon-carbide";1;0;1
"silicon-carbide-morphological-properties";1;0;1
"silicon-carbide-structural-properties";1;0;1
"spectral-properties-of-boron-nitride";1;0;1
"structural-properties-of-boron-nitride";1;0;1
"structural-properties-of-cadmium";1;0;1
"tga-dta";1;0;1
"tga-dta-analysis-of-cro3";1;0;1
"thermal-behaviour-of-cro3";1;0;1
"thermal-properties-of-bile-salt";1;0;1
"thermal-properties-of-cadmium";1;0;1
"thermal-properties-of-proteose-peptone";1;0;1
"tnf-a";1;0;1
"xrd-analysis-of-bile-salt";1;0;1
"xrd-analysis-of-boron-nitride";1;0;1
"xrd-analysis-of-silicon-carbide";1;0;1
"logiciel-de-caisse";0;1;1
"al4c3-ftir-analysis";1;0;1
"aluminium-carbide-powder";1;0;1
"aluminium-carbide-powder-xrd-analysis";1;0;1
"aluminium-carbide-surface-area-analysis";1;0;1
"brass";1;0;1
"brass-powder-x-ray-diffraction-analysis";1;0;1
"characterization-of-brass-powder";1;0;1
"characterization-of-metronidazole";1;0;1
"characterization-of-tinidazole";1;0;1
"dsc-analysis-of-indole";1;0;1
"dsc-study-of-thymol";1;0;1
"ftir-spectrum-of-metronidazole";1;0;1
"indole";1;0;1
"indole-ftir-spectroscopy";1;0;1
"indole-modification-strategy";1;0;1
"magnesium-powder";1;0;1
"magnesium-xrd";1;0;1
"menthol";1;0;1
"menthol-tga-analysis";1;0;1
"metronidazole";1;0;1
"metronidazole-and-tinidazole";1;0;1
"physical-characteristics-of-magnesium";1;0;1
"physical-properties-for-magnesium";1;0;1
"physical-properties-of-brass";1;0;1
"physical-properties-of-indole";1;0;1
"physical-properties-of-magnesium-powder";1;0;1
"physical-properties-of-menthol";1;0;1
"structural-properties-of-al4c3-powder";1;0;1
"structural-properties-of-brass";1;0;1
"structural-properties-of-thymol";1;0;1
"thermal-analysis";1;0;1
"thermal-properties-of-indole";1;0;1
"thermal-stability-of-thymol";1;0;1
"thymol";1;0;1
"tinidazole";1;0;1
"uv-vis-spectroscopy";1;0;1
"uv-vis-spectrum-analysis-of-tinidazole";1;0;1
"x-ray-diffraction-analysis-of-brass-powder";1;0;1
"x-ray-diffraction-analysis-of-magnesium";1;0;1
"area-management-restriction-regulation-zones-and-reporting-units";1;0;1
"dtd";1;0;1
"eau-desurface";1;0;1
"erpautre";1;0;1
"ille-etvilaine";1;0;1
"land-cover";1;0;1
"zonageeau";1;0;1
"zones-a-risquenaturel";1;0;1
"cytokines";1;0;1
"herbomineral-formulation";1;0;1
"immunomodulation";1;0;1
"lps";1;0;1
"appellations";1;0;1
"eauxsouterraines-nappes-d-eau";1;0;1
"occupationdes-terres";1;0;1
"parcseoliens";1;0;1
"servitudes-d-utilitepublique";1;0;1
"territoirea-risque-d-inondation";1;0;1
"zones-arisque-naturel";1;0;1
"eaude-surface";1;0;1
"schemaregional-de-coherence-ecologique";1;0;1
"siteindustriel-production-site-industriel";1;0;1
"zonagesnature";1;0;1
"ammonium-acetate";1;0;1
"ammonium-acetate-ir";1;0;1
"ammonium-acetate-uv-spectrum";1;0;1
"ammonium-chloride";1;0;1
"ammonium-chloride-ftir-spectrum";1;0;1
"antimycobacterial-susceptibility";1;0;1
"antimycobacterial-susceptibility-of-antimicrobials";1;0;1
"antimycobacterial-susceptibility-testing";1;0;1
"antimycobacterial-susceptibility-using-bactec";1;0;1
"characteristics-of-sodium-nitrate";1;0;1
"characterization-of-ammonium-acetate";1;0;1
"characterization-of-ammonium-chloride";1;0;1
"disodium-hydrogen-orthophosphate";1;0;1
"ftir-analysis-of-disodium-hydrogen-orthophosphate";1;0;1
"mdr-of-mycobacterium-tuberculosis";1;0;1
"mdr-tb";1;0;1
"mic";1;0;1
"sodium-nitrate-spectral-properties";1;0;1
"spectroscopic-characterization-of-sodium-nitrate";1;0;1
"xdr-tb";1;0;1
"aesn";1;0;1
"covoiturage-aire-deplacement-domicile-travail";1;0;1
"denitrification";1;0;1
"donneees-ouvertes";1;0;1
"dta-estuaire-seine-directive-territoriale-amenagement";1;0;1
"eolien-terrestre-energie-renouvelable-zone-favorable";1;0;1
"hydromorphie";1;0;1
"icpe-installations-classees-lieux-de-production";1;0;1
"phec";1;0;1
"pl";1;0;1
"vl";1;0;1
"de-restrictionou-de-reglementation-et-unites-de-declaration";1;0;1
"eaux-interieures-de-surface-riviereset-lacs";1;0;1
"lieux-de-production-et-sitesindustriels";1;0;1
"lieuxde-production-et-sites-industriels";1;0;1
"limites-administratives-etdecoupage-des-territoires-limites-administratives";1;0;1
"limitesadministratives-et-decoupage-des-territoires-limites-administratives";1;0;1
"mouvement-deterrain";1;0;1
"site-industriel-production-sitede-production-d-energie";1;0;1
"antimicrobials";1;0;1
"biochemicals";1;0;1
"biotypic-characterization-of-klebsiella-oxytoca";1;0;1
"characteristics-of-klebsiella-pneumoniae";1;0;1
"klebsiella-oxytoca";1;0;1
"klebsiella-oxytoca-antibiotic-susceptibility";1;0;1
"klebsiella-oxytoca-biochemical-reactions";1;0;1
"klebsiella-oxytoca-biochemical-test";1;0;1
"klebsiella-oxytoca-characteristics";1;0;1
"klebsiella-pneumoniae";1;0;1
"klebsiella-pneumoniae-antibiogram";1;0;1
"klebsiella-pneumoniae-biochemical-characteristics";1;0;1
"klebsiella-pneumoniae-biochemical-tests";1;0;1
"klebsiella-pneumoniae-characteristics";1;0;1
"m-toluic-acid";1;0;1
"m-toluic-acid-physical-properties";1;0;1
"m-toluic-acid-spectroscopic-characterization";1;0;1
"m-toluic-acid-xrd";1;0;1
"meta-toluic-acid";1;0;1
"multidrugresistant";1;0;1
"myristic-acid";1;0;1
"myristic-acid-properties";1;0;1
"myristic-acid-xrd-study";1;0;1
"p-dichlorobenzene";1;0;1
"p-dichlorobenzene-uv-vis-spectrum";1;0;1
"p-dichlorobenzene-xrd-analysis";1;0;1
"p-rettgeri-antimicrobial-susceptibility";1;0;1
"para-dichlorobenzene";1;0;1
"phase-change-materials";1;0;1
"physical-characterization-of-myristic-acid";1;0;1
"physical-properties-of-p-dichlorobenzene";1;0;1
"providencia-rettgeri";1;0;1
"providencia-rettgeri-16s-rdna-sequencing";1;0;1
"providencia-rettgeri-biochemical-reactions";1;0;1
"providencia-rettgeri-biotype-number";1;0;1
"providencia-rettgeri-characteristics";1;0;1
"spectroscopic-properties-of-myristic-acid";1;0;1
"surface-area-analysis";1;0;1
"thermal-characterization-of-myristic-acid";1;0;1
"thermal-stability";1;0;1
"thermal-stability-of-p-dichlorobenzene";1;0;1
"uv-visible-spectroscopy";1;0;1
"liquidation";1;0;1
"autorisation-de-programme";1;0;1
"credit-de-paiement";1;0;1
"1-2-4-triazole";1;0;1
"1-2-4-triazole-analysis";1;0;1
"1-2-4-triazole-dsc-analysis";1;0;1
"1-2-4-triazole-thermal-properties";1;0;1
"1-2-4-triazole-xrd-analysis";1;0;1
"16s-rdna-sequence-of-s-marcescens";1;0;1
"2-methylimidazole";1;0;1
"2-methylimidazole-uv-spectrum";1;0;1
"antimicrobial-susceptibility-of-s-marcescens";1;0;1
"antimicrobial-susceptibility-pattern-of-salmonella-paratyphi";1;0;1
"barium-oxide";1;0;1
"biochemical-identification-of-salmonella-paratyphi";1;0;1
"biochemical-reactions-of-salmonella-paratyphi";1;0;1
"biofield-energy";1;0;1
"characteristics-of-salmonella-paratyphi";1;0;1
"donnees-de-references-referentiels-vocabulairecontrole";1;0;1
"ftir-spectra-of-barium-oxide";1;0;1
"genotypic-analysis-of-m-morganii";1;0;1
"imidazole";1;0;1
"imidazole-derivatives";1;0;1
"imidazole-derivatives-characterization";1;0;1
"imidazole-uv-vis-spectrum";1;0;1
"imidazole-xrd-analysis";1;0;1
"m-morganii-16s-rdna-analysis";1;0;1
"m-morganii-antimicrobial-susceptibility";1;0;1
"microbial-resistance";1;0;1
"morganella-morganii";1;0;1
"morganella-morganii-characteristics";1;0;1
"morganella-morganii-treatment";1;0;1
"paratyphoid-fever";1;0;1
"phenotyping-and-genotyping-of-serratia-marcescens";1;0;1
"physical-properties-of-1-2-4-triazole";1;0;1
"physical-properties-of-barium-oxide";1;0;1
"physical-properties-of-zinc-sulfide";1;0;1
"s-marcescens";1;0;1
"s-paratyphi-a";1;0;1
"salmonella-paratyphi-a-biochemical-reactions";1;0;1
"serratia-marcescens-biochemical-tests";1;0;1
"serratia-marcescens-characteristics";1;0;1
"structural-properties-of-barium-oxide";1;0;1
"surface-area-analyzer";1;0;1
"thermo-gravimetric-analysis";1;0;1
"zinc-sulfide";1;0;1
"zinc-sulfide-xrd-analysis";1;0;1
"bronze";1;0;1
"bronze-powder-xrd-analysis";1;0;1
"characteristics-of-bronze-powder";1;0;1
"ft-ir-spectroscopy-of-bronze";1;0;1
"physical-properties-of-bronze-powder";1;0;1
"sem";1;0;1
"structural-properties-of-bronze-powder";1;0;1
"16s-rdna-gene-sequencing";1;0;1
"16s-rdna-of-pseudomonas-fluorescens";1;0;1
"16s-rdna-sequencing-of-e-aerogenes";1;0;1
"antibiogram-of-enterobacter-cloacae";1;0;1
"austenitic-stainless-steel";1;0;1
"biotyping-of-enterobacter-cloacae";1;0;1
"brain-tumor";1;0;1
"cell-death-rate-of-gbm-cells";1;0;1
"enterobacter-aerogenes";1;0;1
"enterobacter-aerogenes-antimicrobial-susceptibility";1;0;1
"enterobacter-aerogenes-characteristics";1;0;1
"enterobacter-cloacae";1;0;1
"enterobacter-cloacae-biochemical-characteristics";1;0;1
"enterobacter-cloacae-characteristics";1;0;1
"ftir-analysis-of-sparfloxacin";1;0;1
"ftir-spectrum-of-salicylic-acid";1;0;1
"genotyping-characteristic-of-shigella-sonnei";1;0;1
"glial-cell";1;0;1
"glioblastoma";1;0;1
"group-b-streptococcus-agalactiae";1;0;1
"human-brain-tumor-cells";1;0;1
"investigation-of-antimicrobial-susceptibility-of-e-cloacae";1;0;1
"lyophilized-state";1;0;1
"non-gbm-human-brain-cells";1;0;1
"p-fluorescens-rdna-sequencing";1;0;1
"phenotype-and-genotype-of-enterobacter-aerogenes";1;0;1
"phenotyping";1;0;1
"phenotyping-characteristic-of-shigella-sonnei";1;0;1
"physical-properties-of-stainless-steel-powder";1;0;1
"properties-of-stainless-steel-powder";1;0;1
"pseudomonas-fluorescens";1;0;1
"pseudomonas-fluorescens-biochemical-reactions";1;0;1
"pseudomonas-fluorescens-biochemical-tests";1;0;1
"pseudomonas-fluorescens-identification";1;0;1
"rapd-analysis-of-e-aerogenes";1;0;1
"salicylic-acid";1;0;1
"shigella-flexneri";1;0;1
"shigella-flexneri-antibiogram";1;0;1
"shigella-flexneri-antimicrobial-susceptibility";1;0;1
"shigella-flexneri-biochemical-reactions";1;0;1
"shigella-flexneri-biotyping";1;0;1
"shigella-flexneri-treatment";1;0;1
"shigella-sonnei";1;0;1
"shigella-sonnei-antimicrobial-susceptibility";1;0;1
"shigella-sonnei-characteristics";1;0;1
"shigellosis";1;0;1
"sparfloxacin";1;0;1
"sparfloxacin-spectral-properties";1;0;1
"spectral-properties-of-salicylic-acid";1;0;1
"stainless-steel-powder-ftir-analysis";1;0;1
"streptococcus-agalactiae-alterations";1;0;1
"streptococcus-agalactiae-biochemical-characteristics";1;0;1
"streptococcus-agalactiae-biotype-number";1;0;1
"streptococcus-agalactiae-group-b";1;0;1
"streptococcus-agalactiae-mic-alterations";1;0;1
"structural-properties-of-stainless-steel-powder";1;0;1
"sus316l";1;0;1
"time-lapse-video-microscopy";1;0;1
"two-time-lapse-video-microscopy";1;0;1
"uv-spectrum-of-salicylic-acid";1;0;1
"viability-of-normal-brain-cells";1;0;1
"xrd-analysis-of-stainless-steel";1;0;1
"etatecologique";1;0;1
"installations-de-suivienvironnemental";1;0;1
"accessoire-moto";1;0;1
"casque-moto";1;0;1
"promo-moto";1;0;1
"chaulnes-et-bray-sursomme";1;0;1
"noyellessur-mer";1;0;1
"plan-deprevention";1;0;1
"repartitiondes-especes";1;0;1
"risque-gestiondu-risque";1;0;1
"gluten-hydrolysate";1;0;1
"ipomoea-macroelements";1;0;1
"nonrestreint";1;0;1
"rupturesde-barrages";1;0;1
"unitesadministratives";1;0;1
"eauxinterieures-de-surface-rivieres-et-lacs";1;0;1
"reservoirsde-biodiversite";1;0;1
"habitats-etbiotopes";1;0;1
"biophysique";1;0;1
"companies";1;0;1
"register";1;0;1
"etat-dumilieu-qualite-et-quantite";1;0;1
"zonagesrisque-naturel";1;0;1
"documentd-urbanisme";1;0;1
"ressource-eneau";1;0;1
"nature-paysagebiodiversite";1;0;1
"installations-desuivi-environnemental";1;0;1
"berthauderie";1;0;1
"co-conception";1;0;1
"galicherais";1;0;1
"pertuischaud";1;0;1
"petit-caporal";1;0;1
"prezegat";1;0;1
"saint-nazaire";1;0;1
"tin";1;0;1
"trebale";1;0;1
"triangular-irregular-network";1;0;1
"eaux-cotieres-eauxmaritimes";1;0;1
"patrimoinenaturel";1;0;1
"decision-cas-par-cas";1;0;1
"etablissements-pour-personnes-agees";1;0;1
"etablissements-pour-personnes-handicapees";1;0;1
"services-d-aide-a-domicile";1;0;1
"article-scientifique";1;0;1
"articles-scientifiques";1;0;1
"budget-r-t";1;0;1
"capeps";1;0;1
"capes";1;0;1
"capet";1;0;1
"caplp";1;0;1
"carnot";1;0;1
"commission-europeenne";1;0;1
"conseils-regionaux";1;0;1
"crpe";1;0;1
"crt";1;0;1
"depp";1;0;1
"diplome-universitaire";1;0;1
"france-regroupee";1;0;1
"glossary";1;0;1
"irt";1;0;1
"laureate";1;0;1
"mt180";1;0;1
"operation-statistique";1;0;1
"pft";1;0;1
"promotion-du-commerce-et-de-lindustrie";1;0;1
"referents";1;0;1
"satt";1;0;1
"sies";1;0;1
"staff";1;0;1
"telechargements";1;0;1
"theses";1;0;1
"translation";1;0;1
"tutelle";1;0;1
"etudes-d-impact";1;0;1
"reseaux-detransport";1;0;1
"station-ski";0;1;1
"cooperations";1;0;1
"habitat-politique-dela-ville";1;0;1
"sciencestechniques";1;0;1
"sitesproteges";1;0;1
"observatoires-regionaux";1;0;1
"faune-marine";1;0;1
"cheerz";0;1;1
"points-reperes";1;0;1
"freelance";0;1;1
"business-school";0;1;1
"mba";0;1;1
"opendataparis";0;1;1
"organisation-du-suivi-de-l-eau-programmesde-surveillance-reseaux-de-mesure";1;0;1
"zones-de-rencontre";1;0;1
"prefecture-de-police-de-paris";1;0;1
"antenne-de-police";1;0;1
"bureau-des-archives";1;0;1
"centre-de-reception-des-etrangers";1;0;1
"fourrieres";1;0;1
"iml";1;0;1
"musee-de-la-prefecture-de-police";1;0;1
"police-administrative";1;0;1
"prefourrieres";1;0;1
"classement-fibre";0;1;1
"palmares-fibre";0;1;1
"eaux-interieuresde-surface-rivieres-et-lacs";1;0;1
"espace-resident";1;0;1
"fonction-du-sol";1;0;1
"plante-aquatique";1;0;1
"sol-sature-engorge-d-eau";1;0;1
"stationnement-sur-voirie";1;0;1
"territoire-a-risqued-inondation";1;0;1
"zone-residents";1;0;1
"habitatset-biotopes";1;0;1
"architecte";0;1;1
"alavateli";1;0;1
"automobilistes";1;0;1
"bureau-partage";1;0;1
"corworking";1;0;1
"domaines-professionnels";1;0;1
"gillez-carrez";1;0;1
"grands-electeurs";1;0;1
"grenoble-commune";1;0;1
"information-society-state";1;0;1
"intermittent-du-spectacle";1;0;1
"internet-sans-frontieres-state";1;0;1
"internet-state";1;0;1
"odra-haiti";1;0;1
"porno";1;0;1
"pvs";1;0;1
"tags1";1;0;1
"universite-de-strasbourg";1;0;1
"web-state";1;0;1
"world-bank-state";1;0;1
"zones-prioritaires";1;0;1
"directivecadre-eau";1;0;1
"robotique";0;1;1
"amenageurs";1;0;1
"interoperabilite";1;0;1
"operateurs-de-mobilite";1;0;1
"services-d-utilite-publiqueet-services-publics";1;0;1
"politiqueenvironnementale";1;0;1
"dassault";0;1;1
"inventeur";0;1;1
"arretes-municipaux";1;0;1
"culture-tourisme-patrimoine-sports";1;0;1
"centre-de-secours";1;0;1
"gestion-du-risqued-inondation";1;0;1
"habitat-politiquede-la-ville-politique";1;0;1
"centre-ancien";1;0;1
"centre-historique";1;0;1
"eau-cours-d-eau-hydrographie-bonnes-conditions-agricoles-et-environnementales-directive-nitrates";1;0;1
"envahissantes";1;0;1
"especes-invasives";1;0;1
"exotiques";1;0;1
"japonica-sachalinensis-x-bohemica";1;0;1
"renouee-a-epis-nombreux";1;0;1
"renouees-du-japon-non-differenciees";1;0;1
"urbanisme-et-foncier-zonages-divers";1;0;1
"zones-amenagements-concertes";1;0;1
"assainissement-eaux-usees";1;0;1
"zones-de-mouillages-et-d-equipements-legers";1;0;1
"anti-gaspi";0;1;1
"bien-manger";0;1;1
"education-nutritionnelle";0;1;1
"evolution-historique";1;0;1
"espace-boise-classe";1;0;1
"canalisation-eau";1;0;1
"cours-d-eau-domanial";1;0;1
"iles";1;0;1
"lac-domanial";1;0;1
"nom-de-la-commune-ne-pas-oublier-l-emprise-a-la-commune-et-d-associer-les-fichiers";1;0;1
"patrimoinefc";1;0;1
"famille-sante-social";1;0;1
"geoguyane";1;0;1
"installations-humaines";1;0;1
"operation-interet-national";1;0;1
"patrimoine-culture";1;0;1
"zone-amenagement-differe";1;0;1
"naturepaysage-biodiversite";1;0;1
"arrete-cadre";1;0;1
"activiteeconomique-agriculture-et-elevage";1;0;1
"algues-vertes";1;0;1
"amenagement-servitude";1;0;1
"atals-du-salon";1;0;1
"atlas-de-la-lizaine";1;0;1
"atlas-du-rahin";1;0;1
"atlas-du-ruhans";1;0;1
"atlas-du-secteur-de-senargent";1;0;1
"atlas-la-douce";1;0;1
"bande-d-utilite-publique";1;0;1
"bassin-versant-captage-contentieux-eaux-brutes-nitrates-europe";1;0;1
"bois-ronds";1;0;1
"cavite";1;0;1
"debroussaillement";1;0;1
"dig";1;0;1
"directive-territoriale-d-amenagement";1;0;1
"durgeon";1;0;1
"durgeon-amont";1;0;1
"durgeon-amont-hors-aval";1;0;1
"gonflement";1;0;1
"grand-gibier";1;0;1
"limites-de-communes";1;0;1
"louvetier";1;0;1
"lsle-de-noe";1;0;1
"mat-eolien";1;0;1
"ognon";1;0;1
"ognon-basse-vallee";1;0;1
"ognon-secteur-lure";1;0;1
"passage-ouvrages-installation-cours-d-eau-canal-lac-plan-d-eau-sup-servitude-assiette-a-4";1;0;1
"plan-de-prevention-des-risques-retrait-gonflement-des-argiles-de-la-commune-xxxx-gers";1;0;1
"plan-de-protection-de-l-atmosphere";1;0;1
"qualite-des-eaux";1;0;1
"risques-ppri-pprn";1;0;1
"saint-andre";1;0;1
"semouse";1;0;1
"senargent";1;0;1
"transport-exceptionel";1;0;1
"unite-cynegetique";1;0;1
"val-de-semouse";1;0;1
"virgule-de-sable";1;0;1
"zone-defavorisee";1;0;1
"zone-reg";1;0;1
"zone-reglementee-du-pprga-de-la-commune-de-xxxxx-gers";1;0;1
"amenagement-urbanisme-zonagesplanification";1;0;1
"christmas-circus";1;0;1
"cirque-de-noel";1;0;1
"wonderful";1;0;1
"wonderful-christmas-circus";1;0;1
"documentsd-urbanisme";1;0;1
"eaux-interieures-de-surface-rivieres-etlacs";1;0;1
"syndicat-d-energie";1;0;1
"syndicats-d-energie";1;0;1
"disque-de-stationnement";1;0;1
"papillon-de-vigilance";1;0;1
"le-plus-beau-des-cirques-de-noel";1;0;1
"noel";1;0;1
"sites-dinjection";1;0;1
"valorisation-des-dechets";1;0;1
"sourcesd-energie";1;0;1
"cartomancie";1;0;1
"bilan-sante";1;0;1
"caracterisation";1;0;1
"colleges-connectes";1;0;1
"instituteurs";1;0;1
"materiels";1;0;1
"pe";1;0;1
"premier-degre";1;0;1
"temps-scolaire";1;0;1
"prevair";1;0;1
"ineris";1;0;1
"lcsqa";1;0;1
"vitrine";1;0;1
"fougeres";1;0;1
"fougeres-agglomeration";1;0;1
"javene";1;0;1
"lecousse";1;0;1
"naturalrisk-zones";1;0;1
"chicha";0;1;1
"narguile";0;1;1
"patisserie";1;0;1
"patisserie-fine";1;0;1
"patisserie-traiteur";1;0;1
"parcellescadastrales";1;0;1
"developpementdurable";1;0;1
"zonages-risquenaturel";1;0;1
"etablissements-publics-de-cooperation-intercommunale";1;0;1
"etablissements-publics-de-cooperation-intercommunale-a-fiscalite-propre";1;0;1
"groupements-de-communes";1;0;1
"entreprise-artisanale";1;0;1
"petit-commerce";1;0;1
"petite-industrie";1;0;1
"cu";1;0;1
"mobiloire";1;0;1
"andre-desguine";1;0;1
"monographies";1;0;1
"eaux-interieures-desurface-rivieres-et-lacs";1;0;1
"opticien";1;0;1
"avis-optical-center";1;0;1
"lema";1;0;1
"accretion";1;0;1
"faille";1;0;1
"geomartinique";1;0;1
"laboratoire-geode";1;0;1
"liquefaction";1;0;1
"milieu-humide";1;0;1
"office-de-l-eau";1;0;1
"tsunami";1;0;1
"volcan";1;0;1
"grande-entreprise";1;0;1
"micro";1;0;1
"trancon";1;0;1
"changement-de-porte";1;0;1
"changement-de-serrure";1;0;1
"porte-blinde";1;0;1
"serrurier-paris-assistance";1;0;1
"adaptations";1;0;1
"ameliorations";1;0;1
"mixite-sociale";1;0;1
"fonciersol";1;0;1
"climagri";1;0;1
"eit";1;0;1
"fonctionnalite";1;0;1
"lisea";1;0;1
"n-ecologie-littoral";1;0;1
"n-mine-carriere-granulats";1;0;1
"n-parc-locatif-social";1;0;1
"niveaux-diffusion";1;0;1
"service-d-utilite-publique";1;0;1
"bilan-demographique";0;1;1
"invention";0;1;1
"plancton";1;0;1
"survol";1;0;1
"accidentsdelaroute";0;1;1
"chirurgien";0;1;1
"courdecassation";0;1;1
"dommage-corporel";0;1;1
"gynecologue-obstetricien";0;1;1
"prejudice-corporel";0;1;1
"responsabilitemedicale";0;1;1
"afirev";1;0;1
"contrats-de-mobilite";1;0;1
"identifiant-de-point-de-recharge";1;0;1
"identifiants";1;0;1
"identifiants-de-station-de-recharge";1;0;1
"nom-de-la-commune-ne-pas-oublier-l-emprise-ala-commune-et-d-associer-les-fichiers";1;0;1
"sdage-2016";1;0;1
"sieag";1;0;1
"force-motrice";1;0;1
"chaise-tolix";0;1;1
"tolix";0;1;1
"decret-2017-26";1;0;1
"offre-optical-center";1;0;1
"offre-unique-optical-center";1;0;1
"opticale-center";1;0;1
"observation-parpoint";1;0;1
"schema-regional-de-coherenceecologique";1;0;1
"bosquet";1;0;1
"valeur-des-terres";1;0;1
"maec";1;0;1
"pprdf";1;0;1
"foncier-sol-occupationdu-sol";1;0;1
"documenturbanisme";1;0;1
"certificat-immatriculation";0;1;1
"formulaire-publication-boamp-acheteurpublic";0;1;1
"annuaire-service-public";0;1;1
"sde29";1;0;1
"sdehg";1;0;1
"zonesde-gestion";1;0;1
"fonf";1;0;1
"cagc";1;0;1
"quercy";1;0;1
"gestion-du-paysage";1;0;1
"terrain-de-jeu";1;0;1
"zonagesplanification";1;0;1
"cnr";1;0;1
"solsature-engorge-d-eau";1;0;1
"air-urbaine";1;0;1
"cynips-chataignier-sante-vegetale-alsace";1;0;1
"maec-alsace-paec-eau-zone-action-prioritaire-enjeu";1;0;1
"maec-alsace-paec-enjeu-sol-erosion-zone-action-prioritaire";1;0;1
"maec-alsace-paec-perimetre";1;0;1
"maec-alsace-paec-perimetre-alsace-bossue-vosges-du-nord-pnr";1;0;1
"maec-alsace-paec-perimetre-gerplan-haut-rhin";1;0;1
"maec-alsace-paec-perimetre-haguenau-natura-2000";1;0;1
"maec-alsace-paec-perimetre-hamster-pna";1;0;1
"maec-alsace-paec-perimetre-ill-rhin-natura-2000";1;0;1
"maec-alsace-paec-perimetre-maec-systeme-grandes-cultures";1;0;1
"maec-alsace-paec-perimetre-montagne-vosges-pnr";1;0;1
"maec-alsace-paec-perimetre-ried-zembs-andlau-dachsbach";1;0;1
"maec-alsace-paec-perimetre-zorn-biodiversite-et-paysage";1;0;1
"maec-alsace-paec-zone-action-prioritaire-biodiversite-paysage-enjeu";1;0;1
"pme-pmi";1;0;1
"professionnel-bt";1;0;1
"residentiel-bt";1;0;1
"milieuxnaturels";1;0;1
"natural-riskzones";1;0;1
"politiquede-l-environnement";1;0;1
"alterbase";1;0;1
"sde65";1;0;1
"population-recensement-repartition-occupation-dessols";1;0;1
"siteindustriel-production";1;0;1
"02-region-bourgogne-franche-comt";1;0;1
"a-9-servitudes-relatives-a-la-co";1;0;1
"acces-et-maintien-dans-le-logeme";1;0;1
"accueil-collectif-de-la-petites-";1;0;1
"accueil-individuel-de-la-petite-";1;0;1
"accueil-individuel-du-jeune-enfa";1;0;1
"action-educative-en-milieu-ouver";1;0;1
"activite-economique-agriculture-";1;0;1
"activites-humaines-campagnes-oce";1;0;1
"activites-humaines-reseaux-d-obs";1;0;1
"aep-alimentation-en-eaux-potable";1;0;1
"agglomeration-de-clermont-ferran";1;0;1
"aide-sociale-personnes-handicape";1;0;1
"aires-d-alimentation-des-captage";1;0;1
"algue-fucale-laminariale-gigarti";1;0;1
"allocataires-du-minimum-vieilles";1;0;1
"allocation-compensatrice-pour-ti";1;0;1
"allocation-de-compensation-du-ha";1;0;1
"allocation-pour-adultes-handicap";1;0;1
"amenagement-urbanisme-zonages-et";1;0;1
"amers-phares-et-semaphores-gener";1;0;1
"apb-aire-de-protection-de-biotop";1;0;1
"apprentissage-professionnelle-sa";1;0;1
"archeologies-patrimoines-histoir";1;0;1
"area-management-restriction-regu";1;0;1
"arretes-prefectoraux-de-protecti";1;0;1
"arts-appliques-et-culture-artist";1;0;1
"assistance-technique-departement";1;0;1
"association-des-utilisateurs-de-";1;0;1
"associations-de-developpement-de";1;0;1
"bassin-versant-captage-contentie";1;0;1
"bassins-cotiers-de-dol-de-bretag";1;0;1
"biogaz-methanisation-energie-ene";1;0;1
"bois-et-forets-soumis-au-regime-";1;0;1
"bonnes-conditions-agricoles-et-e";1;0;1
"bpe-base-permanente-des-equipeme";1;0;1
"brain-derived-neurotrophic-facto";1;0;1
"bretagne-manche-guisseny-kerloua";1;0;1
"bretagne-manche-occidentale-rosc";1;0;1
"budget-et-finances-du-departemen";1;0;1
"bus-arrets-abris-bus-transports-";1;0;1
"bus-transports-en-commun-tc-lign";1;0;1
"caisse-nationale-des-industries-";1;0;1
"caisse-nationale-militaire-de-se";1;0;1
"centrale-de-chauffage-alimentee-";1;0;1
"centre-d-action-medico-sociale-p";1;0;1
"centre-de-reception-des-etranger";1;0;1
"centre-de-reception-radioelectri";1;0;1
"centre-hospitalier-universitaire";1;0;1
"centres-de-planification-et-dedu";1;0;1
"commune-concernee-par-le-pprn-ne";1;0;1
"commune-faugeres-pluviometrie-th";1;0;1
"communes-conseil-regional-epci-a";1;0;1
"competitions-sportives-internati";1;0;1
"composes-organohalogenes-volatil";1;0;1
"conseil-municipal-faugeres-ardec";1;0;1
"contrats-de-developpement-depart";1;0;1
"contrats-urbains-de-cohesion-soc";1;0;1
"controle-scientifique-et-techniq";1;0;1
"cotisation-sur-la-valeur-ajoutee";1;0;1
"couverture-maladie-universelle-c";1;0;1
"covoiturage-aire-deplacement-dom";1;0;1
"credit-de-particulier-a-particul";1;0;1
"culture-tourisme-patrimoine-spor";1;0;1
"cynips-chataignier-sante-vegetal";1;0;1
"dechets-des-activites-economique";1;0;1
"dechets-non-dangereux-du-commerc";1;0;1
"defibrillateur-sante-urgence-mon";1;0;1
"demographie-et-population-recens";1;0;1
"directive-ce-relative-a-la-prote";1;0;1
"directive-territoriale-d-amenage";1;0;1
"dispositifs-medicaux-implantable";1;0;1
"donnee-generique-intercommunalit";1;0;1
"dotation-d-equipement-des-territ";1;0;1
"droits-de-mutation-a-titre-onere";1;0;1
"dta-estuaire-seine-directive-ter";1;0;1
"eau-cours-d-eau-hydrographie-bon";1;0;1
"eau-littoral-baignade-qualite-sa";1;0;1
"eaux-usees-issues-d-un-reseau-d-";1;0;1
"equipement-de-lutte-contre-la-po";1;0;1
"espace-public-dechets-et-propret";1;0;1
"etablissement-d-enseignement-pri";1;0;1
"etablissement-d-enseignement-pub";1;0;1
"etablissement-deficient-sensorie";1;0;1
"etablissement-enfant-polyhandica";1;0;1
"etablissement-enfants-ados-polyh";1;0;1
"etablissement-public-a-caractere";1;0;1
"etablissement-public-de-cooperat";1;0;1
"etablissements-pour-personnes-ag";1;0;1
"etablissements-pour-personnes-ha";1;0;1
"etablissements-recevant-du-publi";1;0;1
"etude-d-impact-sur-l-environneme";1;0;1
"evaluation-de-l-impact-des-condi";1;0;1
"evenement-de-securite-remarquabl";1;0;1
"federation-des-aveugles-de-franc";1;0;1
"fonds-nationaux-de-garantie-indi";1;0;1
"gestion-du-domaine-public-routie";1;0;1
"habitat-peuplement-benthos-bioce";1;0;1
"habitat-peuplement-benthos-carte";1;0;1
"habitat-politique-de-la-ville-ha";1;0;1
"habitats-benthos-typologie-natur";1;0;1
"icpe-installations-classees-lieu";1;0;1
"identifiants-de-station-de-recha";1;0;1
"indemnite-compensatoire-de-handi";1;0;1
"informations-institutionnelles-e";1;0;1
"installationsde-suivi-environnem";1;0;1
"institut-therapeutique-educatif-";1;0;1
"instrument-de-gestion-de-l-envir";1;0;1
"interet-ecologique-faunistique-e";1;0;1
"interet-faunistique-et-floristiq";1;0;1
"interruptions-medicale-de-grosse";1;0;1
"japonica-sachalinensis-x-bohemic";1;0;1
"laminaire-himanthalia-fucus-zost";1;0;1
"legislation-en-matiere-de-ressou";1;0;1
"les-abers-aber-benoit-aber-wrac-";1;0;1
"les-aspects-industriels-de-la-de";1;0;1
"leve-bathymetrique-a-l-ellipsoid";1;0;1
"limites-administratives-et-decou";1;0;1
"limites-politiques-et-administra";1;0;1
"maec-alsace-paec-eau-zone-action";1;0;1
"maec-alsace-paec-enjeu-sol-erosi";1;0;1
"maec-alsace-paec-perimetre-alsac";1;0;1
"maec-alsace-paec-perimetre-gerpl";1;0;1
"maec-alsace-paec-perimetre-hague";1;0;1
"maec-alsace-paec-perimetre-hamst";1;0;1
"maec-alsace-paec-perimetre-ill-r";1;0;1
"maec-alsace-paec-perimetre-maec-";1;0;1
"maec-alsace-paec-perimetre-monta";1;0;1
"maec-alsace-paec-perimetre-ried-";1;0;1
"maec-alsace-paec-perimetre-zorn-";1;0;1
"maec-alsace-paec-zone-action-pri";1;0;1
"maison-denfants-a-caractere-soci";1;0;1
"maladies-sexuellement-transmissi";1;0;1
"materiaux-et-locaux-traditionnel";1;0;1
"mediatheques-culture-bibliothequ";1;0;1
"mer-littoral-limite-administrati";1;0;1
"mesure-preventive-en-matiere-de-";1;0;1
"milieu-physique-bathymetrie-hydr";1;0;1
"milieu-physique-geologie-sedimen";1;0;1
"milieu-physique-hydrodynamique-h";1;0;1
"milieux-lagunaires-mediterraneen";1;0;1
"modulauto-location-voiture-parki";1;0;1
"morts-france-departement-naissan";1;0;1
"nature-paysage-biodiversite-n-zo";1;0;1
"nom-de-la-commune-ne-pas-oublier";1;0;1
"normes-de-qualite-environnementa";1;0;1
"occupation-du-sol-sol-sous-sol-m";1;0;1
"operations-de-maintien-de-la-pai";1;0;1
"organisation-du-suivi-de-l-eau-p";1;0;1
"ouvrages-lies-a-l-eau-obstacles-";1;0;1
"passage-ouvrages-installation-co";1;0;1
"passion-enseignement-et-pedagogi";1;0;1
"patrimoine-architectural-et-urba";1;0;1
"patrimoine-mobilier-et-immobilie";1;0;1
"patrimoine-tourisme-loisirs-autr";1;0;1
"patrimoine-tourisme-loisirs-tour";1;0;1
"pays-conseil-regional-territoire";1;0;1
"phycotoxines-toxines-coquillages";1;0;1
"phytoplancton-micro-algues-bloom";1;0;1
"plan-de-protection-de-l-atmosphe";1;0;1
"planification-et-developpement-u";1;0;1
"plans-locaux-d-urbanisme-interco";1;0;1
"plans-particuliers-d-interventio";1;0;1
"plateforme-de-maturation-de-mach";1;0;1
"plateformes-de-maturation-de-mac";1;0;1
"poles-de-formations-ou-de-recher";1;0;1
"politiques-departementales-evolu";1;0;1
"pollution-sonore-de-l-environnem";1;0;1
"ppri-plan-de-prevention-des-risq";1;0;1
"ppri-plans-de-prevention-des-ris";1;0;1
"pprn-plan-de-prevention-des-risq";1;0;1
"pprn-plans-de-prevention-des-ris";1;0;1
"pprt-sur-le-departement-de-la-so";1;0;1
"prevention-de-la-pollution-de-l-";1;0;1
"prevention-risques-installations";1;0;1
"prevention-risques-technologique";1;0;1
"prevision-de-crue-hydrologie-vig";1;0;1
"promotion-du-commerce-et-de-lind";1;0;1
"protection-de-zone-de-captage-de";1;0;1
"protection-judiciaire-de-la-jeun";1;0;1
"quartiers-prioritaires-de-la-pol";1;0;1
"redynamisation-d-une-zone-geogra";1;0;1
"reglementation-et-gestion-reglem";1;0;1
"regroupement-pedagogique-interco";1;0;1
"renouees-du-japon-non-differenci";1;0;1
"repartition-geographique-de-la-p";1;0;1
"repertoire-des-entreprises-et-de";1;0;1
"reseau-de-bornes-de-recharge-rap";1;0;1
"reseau-energie-divers-electricit";1;0;1
"reseau-energie-divers-telecommun";1;0;1
"revenus-des-chirurgiens-dentiste";1;0;1
"risques-et-securite-risques-natu";1;0;1
"risques-et-securite-securite-civ";1;0;1
"risques-mouvement-de-terrain-tas";1;0;1
"riviere-elorn-rade-de-brest-fini";1;0;1
"routes-departementales-pdmd-trav";1;0;1
"santa-c-et-protection-des-animau";1;0;1
"sante-et-securite-des-personnes-";1;0;1
"schema-d-amenagement-et-de-gesti";1;0;1
"schema-regional-de-coherenceecol";1;0;1
"secteur-de-recrutement-des-colle";1;0;1
"service-prevision-des-crues-giro";1;0;1
"services-d-utilite-publique-etse";1;0;1
"services-et-equipements-publics-";1;0;1
"sitcat-syndicat-intercommunal-de";1;0;1
"slan-de-sauvegarde-et-mise-en-va";1;0;1
"societe-d-histoire-naturelle-d-a";1;0;1
"sols-bd-sol-potentiel-cultural-a";1;0;1
"sous-produits-des-installations-";1;0;1
"station-de-potabilisation-de-l-e";1;0;1
"station-de-reference-de-surveill";1;0;1
"stationnement-sur-voirie-station";1;0;1
"stockage-de-gaz-ou-produit-chimi";1;0;1
"structure-sociale-enfant-inadapt";1;0;1
"systeme-d-immatriculation-des-ve";1;0;1
"technologies-de-l-information-et";1;0;1
"territoires-a-risque-important-d";1;0;1
"tramway-tram-arrets-transports-e";1;0;1
"transparency-international-franc";1;0;1
"transports-deplacements-securite";1;0;1
"transports-infrastructure-mariti";1;0;1
"troncon-hydrographique-thematiqu";1;0;1
"unite-de-traitement-biologique-d";1;0;1
"urbanisme-et-foncier-zonages-div";1;0;1
"usages-et-pressions-prelevements";1;0;1
"usine-de-valorisation-energetiqu";1;0;1
"utilisation-libre-sous-reserve-d";1;0;1
"utilisation-tice-etablissements-";1;0;1
"vegetation-algue-laminariale-reb";1;0;1
"visibilite-sur-les-voies-publiqu";1;0;1
"zone-de-developpement-de-l-eolie";1;0;1
"zone-humide-d-importance-interna";1;0;1
"zones-de-gestion-de-restrictiono";1;0;1
"zones-de-mouillages-et-d-equipem";1;0;1
"zones-degestion-de-restriction-o";1;0;1
"zones-urbaines-u-les-zones-a-urb";1;0;1
"zonesde-gestion-de-restriction-o";1;0;1
"zrr-zone-de-revitalisation-rural";1;0;1
"zsc-zone-speciale-de-conservatio";1;0;1
"carte-nouvelles-regions-de-franc";0;1;1
"formulaire-publication-boamp-ach";0;1;1
"gestion-des-informations-globale";0;1;1
"panneaux-publicitaires-scelles-a";0;1;1
"recharge-voiture-electrique-espa";0;1;1
"alterbase79";1;0;1
"alterbase86";1;0;1
"association-des-utilisateurs-de";1;0;1
"activiteindustrielle";1;0;1
"epci-2017";0;1;1
"morbihan-energies";1;0;1
"organisationterritoriale";1;0;1
"serrurier-75";1;0;1
"serrurier-villiers-le-bel";1;0;1
"agneau-d-aveyron";1;0;1
"alpes-maritmes";1;0;1
"appb-arrete-de-biotope";1;0;1
"cercle";1;0;1
"communale";1;0;1
"cotes-de-millau";1;0;1
"entraygues";1;0;1
"estaing";1;0;1
"marcillac";1;0;1
"saint-martin-d-entraunes";1;0;1
"origine-durisque";1;0;1
"point-demesure";1;0;1
"defenses-cotieres";1;0;1
"defenses-de-cote";1;0;1
"doonnees-ouvertes";1;0;1
"indemnite";1;0;1
"ougc";1;0;1
"ourage";1;0;1
"parc-solaire";1;0;1
"point-d-acces";1;0;1
"point-d-interet";1;0;1
"spatialisation";1;0;1
"aep-syndicat-gestion-d-eau";1;0;1
"azi-atlas-creuse";1;0;1
"azi-atlas-tardes-voueize";1;0;1
"eau-bassins-versants";1;0;1
"permis-d-amenager-lotissements";1;0;1
"autorisation-administrative";1;0;1
"cavite-souterraine";1;0;1
"element-du-paysage";1;0;1
"indice-marniere";1;0;1
"organe-de-regroupement";1;0;1
"production-agricole";1;0;1
"risque-sur-la-qualite-de-l-eau";1;0;1
"salure";1;0;1
"service-administratif";1;0;1
"val-de-cisse";1;0;1
"zonage-plannification";1;0;1
"amers";1;0;1
"anthropique";1;0;1
"aperam-stainless-france";1;0;1
"audomarois";1;0;1
"avelon";1;0;1
"batiment-d-elevage";1;0;1
"bouchots";1;0;1
"bourran";1;0;1
"bresles";1;0;1
"breuil-le-sec";1;0;1
"catnat";1;0;1
"chevrieres";1;0;1
"communes-littorales";1;0;1
"courcelles-epayelles";1;0;1
"elevation-du-niveau-de-la-mer";1;0;1
"equipement-de-peche";1;0;1
"esquennoy";1;0;1
"frayeres";1;0;1
"gestion-cours-d-eau";1;0;1
"gournay-sur-aronde";1;0;1
"jusix";1;0;1
"mytilicoles";1;0;1
"nortanking";1;0;1
"pprs";1;0;1
"prairies-sensibles";1;0;1
"pre-sale";1;0;1
"prescription-plu";1;0;1
"ressons-sur-matz";1;0;1
"ribecourt";1;0;1
"rique";1;0;1
"risque-radon";1;0;1
"route-grande-circulation";1;0;1
"saumons";1;0;1
"semaphores";1;0;1
"servitudes-d-utilite-publiques";1;0;1
"styrolution";1;0;1
"sup-servitude-generateur-el-9";1;0;1
"tricot";1;0;1
"trosly-breuil";1;0;1
"urbanisme-planification";1;0;1
"versant";1;0;1
"villers-saint-paul";1;0;1
"viviers";1;0;1
"vynova";1;0;1
"wimereux";1;0;1
"zam";1;0;1
"zone-de-gestion";1;0;1
"cote-de-reference-pprl";1;0;1
"cote-reference";1;0;1
"durenque";1;0;1
"enjeux-pprl-baie-de-bourgneuf";1;0;1
"espace-agricole";1;0;1
"espaces-remarquables-146-6";1;0;1
"halage-et-marchepied-assiettes";1;0;1
"limites-portuaires";1;0;1
"limites-salure";1;0;1
"ltm";1;0;1
"massif-vosgien";1;0;1
"neufchateau";1;0;1
"origine-pprl-pays-de-monts";1;0;1
"perimetre-ppri-lay-aval";1;0;1
"perimetre-pprl-baie-de-bourgneuf";1;0;1
"ppri-le-lay";1;0;1
"ppri-riviere-vendee";1;0;1
"ppri-sevre-nantaise-zonage";1;0;1
"pprl-baie-de-bourgneuf-enjeux";1;0;1
"pprl-noirmoutier";1;0;1
"pprl-noirmoutier-alea";1;0;1
"pprl-noirmoutier-enjeux";1;0;1
"pprl-pays-de-monts-zonage";1;0;1
"protection-captage-eau-potable";1;0;1
"repartitions-des-eaux";1;0;1
"rupture-barrage";1;0;1
"secteurs-voltac";1;0;1
"service-publique";1;0;1
"sevre-niortaise";1;0;1
"siaep";1;0;1
"usages-des-sols";1;0;1
"zonage-aiguillon-sur-mer-ppri";1;0;1
"zonage-ppri-lay-aval";1;0;1
"zonage-pprl-baie-de-bourgneuf";1;0;1
"zonage-pprl-noirmoutier";1;0;1
"zone-de-risque-naturel";1;0;1
"zone-mouillage-collectif";1;0;1
"zone-mouillage-non-autorisee";1;0;1
"zones-conchylicoles";1;0;1
"donneegenerique-habillage";1;0;1
"gestionde-risque";1;0;1
"occupationdu-sol";1;0;1
"duree-de-travail";1;0;1
"egalite-professionnelle";1;0;1
"murettes";1;0;1
"qualites";1;0;1
"bassin-adourgaronne";1;0;1
"reveo";1;0;1
"pages-facebook";1;0;1
"rss-to-facebook";1;0;1
"rss-to-linkedin";1;0;1
"rss-to-medium";1;0;1
"rss-to-tumblr";1;0;1
"rss-to-twitter";1;0;1
"reutilisateurs";1;0;1
"serrurier-les-ulis";1;0;1
"sga";1;0;1
"siege27";1;0;1
"watson";0;1;1
"sdesm";1;0;1
"sdesm77";1;0;1
"annexe-sanitaire";1;0;1
"ipap";1;0;1
"lilas";1;0;1
"migrations-residentiellles";1;0;1
"obligations-divers";1;0;1
"orthhophoto";1;0;1
"voie-ferre";1;0;1
"corridorsecologiques";1;0;1
"numero-de-tva";0;1;1
"numero-de-tva-intracommunautaire";0;1;1
"se61";1;0;1
"inventaire-naturebiodiversite";1;0;1
"plande-prevention";1;0;1
"voyante-sur-internet";1;0;1
"bridey";1;0;1
"sde56";1;0;1
"access";1;0;1
"s56";1;0;1
"zap-zoneagricole-protegee";1;0;1
"voyante-virtuelle";1;0;1
"magie";1;0;1
"magie-et-voyance";1;0;1
"magie-voyance";1;0;1
"magie-voyance-gratuite";1;0;1
"sieil37";1;0;1
"500-signatures";0;1;1
"multirotors";0;1;1
"acteadministratif";1;0;1
"massed-eau";1;0;1
"politique-del-environnement";1;0;1
"geek";0;1;1
"mobihan-energies";1;0;1
"ater";1;0;1
"attache-de-recherche";1;0;1
"categorie-personnels";1;0;1
"maitre-de-langues";1;0;1
"repetiteur";1;0;1
"preventionrisque-naturel";1;0;1
"informations-financieres";1;0;1
"informations-generales";1;0;1
"meilleur-opticien-en-ligne";1;0;1
"sdei";1;0;1
"gestion-des-criseset-des-risques";1;0;1
"rayonnage";0;1;1
"geoportail-del-urbanisme";1;0;1
"airclimat";1;0;1
"zonage-pprilay-aval";1;0;1
"formation-prestashop";1;0;1
"gpl";0;1;1
"openeventdatabase";0;1;1
"praxy";0;1;1
"webmarketing";0;1;1
"perimetre-ppri-layaval";1;0;1
"qualitede-l-eau";1;0;1
"habitat-politique-de-laville";1;0;1
"ville-de-beauvais";1;0;1
"unites-adlinistratives";1;0;1
"caisse-des-depots";1;0;1
"etat-actionnaire";1;0;1
"parc-social";1;0;1
"publics-modestes";1;0;1
"rapport-public-annuel";1;0;1
"rpa";1;0;1
"perruches-a-collier";1;0;1
"administrations-fiscales";1;0;1
"commission-des-finances";1;0;1
"comptes-de-letat";1;0;1
"dispositifs-fiscaux";1;0;1
"finances-sociales";1;0;1
"institut-curie";1;0;1
"magistrats";1;0;1
"majeurs";1;0;1
"myopathies";1;0;1
"regulateurs";1;0;1
"situation-financieres";1;0;1
"sivom";1;0;1
"sivu";1;0;1
"smf";1;0;1
"telethon";1;0;1
"perte-autonomie";1;0;1
"entreprise-detat";1;0;1
"fnd";1;0;1
"france-televisions";1;0;1
"dirve02";1;0;1
"drealbfc";1;0;1
"enveloppes-decrues";1;0;1
"zoneshumides";1;0;1
"concours-financiers";1;0;1
"jeux-d-argent";1;0;1
"primo-accedants";1;0;1
"secteur-communal";1;0;1
"transformation-numerique";1;0;1
"pts";1;0;1
"zonages-detudes";1;0;1
"programme-localde-l-habitat";1;0;1
"parcellaireagricole";1;0;1
"pprlpays-de-monts-cote-reference";1;0;1
"risquenaturel";1;0;1
"mobive";1;0;1
"sde24";1;0;1
"sdee47";1;0;1
"sdeeg33";1;0;1
"sdepa";1;0;1
"sdepa64";1;0;1
"schema-decoherence-territorial";1;0;1
"eauxcotieres-eaux-maritimes";1;0;1
"urbanismelogement";1;0;1
"banque-publique";1;0;1
"qos";1;0;1
"qos-mobile";1;0;1
"sites-mobiles";1;0;1
"sieml";1;0;1
"sieml49";1;0;1
"drealpc";1;0;1
"amenagementurbanisme";1;0;1
"foyers-lumineux";1;0;1
"estuairede-l-aulne";1;0;1
"reseaude-chauffage-urbain";1;0;1
"rhonealpes";1;0;1
"spherepublique";1;0;1
"empowerment";1;0;1
"marsouin";1;0;1
"pouvoir-dagir";1;0;1
"wip";1;0;1
"world-internet-project";1;0;1
"donneegenerique-intercommunalite";1;0;1
"gestiondu-risque-d-inondation";1;0;1
"system-informatique";1;0;1
"urbnanisation";1;0;1
"recuperateur";1;0;1
"verres";1;0;1
"rambouillet-territoires";1;0;1
"cycles";1;0;1
"milieubiologique-habitats";1;0;1
"referentiels-decoordonnees";1;0;1
"romans-sur-isere";1;0;1
"budget2015";1;0;1
"sydela";1;0;1
"lor";0;1;1
"agriculture-parcellaireagricole";1;0;1
"amenagementdu-territoire";1;0;1
"bassins-devie";1;0;1
"sante-etsecurite-des-personnes";1;0;1
"chess";1;0;1
"echecs";1;0;1
"atlasdes-paysages";1;0;1
"fondsmarins";1;0;1
"masseeau";1;0;1
"oraganisation-administrative";1;0;1
"risquesindustriels";1;0;1
"e-born";1;0;1
"eborn";1;0;1
"etablissements-dhebergement-pour-personnes-agees";1;0;1
"skills";1;0;1
"cedex";1;0;1
"dgm";1;0;1
"protection24-com";0;1;1
"espaces-departementaux-dactions-sociales";1;0;1
"fournisseurs-dacces";1;0;1
"capacity";0;1;1
"sdey";1;0;1
"voyance-gratuite";1;0;1
"devis-travaux-maison";0;1;1
"electricite-brunoy";0;1;1
"entreprise-renovation-brunoy";0;1;1
"plomberie-brunoy";0;1;1
"renovation-appartement-paris-16";0;1;1
"renovation-apparttement-paris";0;1;1
"renovation-maison-brunoy";0;1;1
"travaux-maison";0;1;1
"universite-paris-13";1;0;1
"up13";1;0;1
"pole-enregistrement";1;0;1
"1901";1;0;1
"pyspark";0;1;1
"spark";0;1;1
"autobleue";1;0;1
"toile";1;0;1
"donneegenerique-action-publique";1;0;1
"espace-public-dechetset-proprete";1;0;1
"comptes-de-gestion";1;0;1
"eco-pret-a-taux-zero";1;0;1
"eco-ptz";1;0;1
"ecoptz";1;0;1
"pret-accession-sociale";1;0;1
"pret-pas";1;0;1
"pzt";1;0;1
"station-pompage";1;0;1
"k7";1;0;1
"populations-legales";1;0;1
"ouvert-adresse-lycee-education";1;0;1
"web-de-donnees";0;1;1
"construction-maison";0;1;1
"elk";0;1;1
"logstash";0;1;1
"gwas";1;0;1
"recherche-cardiovasculaire";1;0;1
"donnees-twitter";1;0;1
"effets-indiserables";1;0;1
"pharmacovigilance";1;0;1
"cma";1;0;1
"crottes";1;0;1
"installationdangereuse";1;0;1
"ppra";1;0;1
"specificationlocale";1;0;1
"tacheurbaine";1;0;1
"cartecommunale";1;0;1
"schemade-coherence-territoriale";1;0;1
"belle-ileen-mer";1;0;1
"environnement-espacenaturel";1;0;1
"matierespremieres";1;0;1
"reserve-depeche";1;0;1
"risquesismique";1;0;1
"sitesproteges-environnement";1;0;1
"territoire-arisque-d-inondation";1;0;1
"unites-devalorisation-organique";1;0;1
"zonageseau";1;0;1
"loireatlantique";1;0;1
"politique-agricolecommune";1;0;1
"profils-ppri-sevrenantaise";1;0;1
"76240";1;0;1
"electoral";1;0;1
"panneaux-daffichage-electoral";1;0;1
"dechetsmenagers-et-assimiles";1;0;1
"donneesvecteur";1;0;1
"mouvementde-terrain";1;0;1
"etude-desrisques-naturels";1;0;1
"resultats-tour-1";1;0;1
"ipbx";0;1;1
"voip";0;1;1
"elysee";1;0;1
"obstaclesa-l-ecoulement";1;0;1
"reservenaturelle";1;0;1
"surfaceinondable";1;0;1
"pprl-pays-de-monts-cotereference";1;0;1
"regimeforestier";1;0;1
"zonesconchylicoles";1;0;1
"article-69";0;1;1
"civictech";0;1;1
"territoire-numerique";0;1;1
"autorite-des-marches-financiers";1;0;1
"euronext";1;0;1
"inities";1;0;1
"zonagesamenagement";1;0;1
"election-france";0;1;1
"election-presidentielle-commune";0;1;1
"resultat-election-1-er-tour";0;1;1
"resultat-election-2017";0;1;1
"resultat-election-paris";0;1;1
"election-2017";0;1;1
"election-paris";0;1;1
"resultat-election-commune";0;1;1
"resultat-election-ville";0;1;1
"sde86";1;0;1
"sankey";0;1;1
"installationa-haut-risque";1;0;1
"sentier-pedagogique";1;0;1
"23-avril-et-3-mai-2017";1;0;1
"10thingstosee";1;0;1
"amo";1;0;1
"bulgaria";1;0;1
"italia";1;0;1
"membres-sictiam";1;0;1
"observatoire-fiscal";1;0;1
"pabx";1;0;1
"installation-ahaut-risque";1;0;1
"mode-detransport";1;0;1
"sav-grandeparoisse";1;0;1
"gareferroviaire";1;0;1
"concentrationmaximale";1;0;1
"courbesde-niveau";1;0;1
"milieuhumide";1;0;1
"zonereglementee";1;0;1
"chine";1;0;1
"daguerreotype";1;0;1
"itier";1;0;1
"jules";1;0;1
"directive-cadreeau";1;0;1
"etude-des-risquesnaturels";1;0;1
"gestion-derisque";1;0;1
"amenagement-duterritoire";1;0;1
"continuitesecologiques";1;0;1
"ressortissants-francais";0;1;1
"centre-detri";1;0;1
"culturesmarines";1;0;1
"geoportailde-l-urbanisme";1;0;1
"installationsclassees";1;0;1
"plan-d-occupationdes-sols";1;0;1
"cartescommunales";1;0;1
"draafna";1;0;1
"habitation-a-loyermodere-hlm";1;0;1
"milieuphysique";1;0;1
"carte-grise-en-ligne";0;1;1
"voirie-communale";1;0;1
"cartes-de-bruitstrategiques";1;0;1
"reseau-energiediverse";1;0;1
"dates-bac";0;1;1
"sciences-participartives";1;0;1
"hydronymes";1;0;1
"traitementorganique";1;0;1
"risque-risquetechnologique";1;0;1
"etablissementpublic";1;0;1
"ocean-atlantiquenord";1;0;1
"valorisationenergetique";1;0;1
"planslocaux-d-urbanisme";1;0;1
"pauvres";0;1;1
"seuil-de-pauvrete";0;1;1
"sde22";1;0;1
"sde76";1;0;1
"voyance-gratuite-imemdiate";1;0;1
"se60";1;0;1
"siteindustriel";1;0;1
"plateforme-decompostage";1;0;1
"complement-alimentaire";0;1;1
"cosmetique";0;1;1
"brassicole";0;1;1
"houblon";0;1;1
"malt";0;1;1
"risques-important-d-inondation";1;0;1
"qualite-pollutionde-l-eau";1;0;1
"alguesvertes";1;0;1
"risque-risqueminier";1;0;1
"plans-locauxd-urbanisme";1;0;1
"site-industrielproduction";1;0;1
"boues-d-epuration-deseaux-usees";1;0;1
"membresgeomartinique";1;0;1
"gestion-decrise";1;0;1
"auao";1;0;1
"inventaireecologique";1;0;1
"virgule-desable";1;0;1
"presidente";1;0;1
"agencenationale-de-l-habitat";1;0;1
"droit-dessols";1;0;1
"zonage-pprlnoirmoutier";1;0;1
"zonebleue";1;0;1
"agglomeration-du-puy-en-velay";1;0;1
"controles-qualite";1;0;1
"controles-qualites";1;0;1
"departement-allier";1;0;1
"gal-leader-2015-2020";1;0;1
"monts-d-ardeche";1;0;1
"referentiels-orthophotographie";1;0;1
"reseaux-cyclables";1;0;1
"territoires-de-projet";1;0;1
"x-y-z";1;0;1
"ppri-de-mesnilmartinsart";1;0;1
"consommationd-espace";1;0;1
"mer-littoral-navigationmaritime";1;0;1
"lutte-contreles-inondations";1;0;1
"occupation-dusol";1;0;1
"regionsmaritimes";1;0;1
"parc-national-despyrenees";1;0;1
"collectivite-outre-mer";0;1;1
"cotations-rnm";1;0;1
"gestion-descrises-et-des-risques";1;0;1
"zonagesrisque-technologique";1;0;1
"agriculture-zonagesagricoles";1;0;1
"marche-de-lor";0;1;1
"gestion-des-crises-et-desrisques";1;0;1
"accidentde-la-route";1;0;1
"classementsonore";1;0;1
"11-et-17-juin-2017";1;0;1
"penalite-google";0;1;1
"site-penalise";0;1;1
"hpst";1;0;1
"loi-hpst";1;0;1
"offices-de-tourisme";1;0;1
"reservoirs-debiodiversite";1;0;1
"lorientagglomeration";1;0;1
"zoneurbaine";1;0;1
"droitdes-sols";1;0;1
"dechetsdes-iaa";1;0;1
"mobilitetransport-stationnement";1;0;1
"politiqueagricole-commune";1;0;1
"repartition-desespeces";1;0;1
"typede-sol";1;0;1
"chambre-de-tirage";1;0;1
"preventiondes-risques-naturels";1;0;1
"reseaude-mesure";1;0;1
"risques-etsecurite-autres";1;0;1
"chambres-consulaires";1;0;1
"autorite-administrative";1;0;1
"riche";0;1;1
"clem";1;0;1
"mopeasy";1;0;1
"bracelet-electronique";1;0;1
"ecrou";1;0;1
"liberation-conditionnelle";1;0;1
"placement-exterieur";1;0;1
"prisonnier";1;0;1
"semi-liberte";1;0;1
"montant-des-droits";1;0;1
"enercon-gmbh";1;0;1
"le-prieure";1;0;1
"soubise";1;0;1
"carabus";1;0;1
"effectif-age";1;0;1
"effectif-categorie";1;0;1
"effectif-sexe";1;0;1
"analyse-territoriale";0;1;1
"mouton";0;1;1
"ocupation-du-sol";1;0;1
"reduction-desrisques";1;0;1
"sitesinscrits-ou-classes";1;0;1
"donneegenerique";1;0;1
"habitatpolitique-de-la-ville";1;0;1
"inventairepaysage";1;0;1
"comparaison-annuelle";1;0;1
"aires-de-jeux-cadre-de-vie-espaces-verts";1;0;1
"chargement-electrique";1;0;1
"flux-deplacement";1;0;1
"fringue";1;0;1
"espacepublic-dechets-et-proprete";1;0;1
"gestion-durisque-d-inondation";1;0;1
"logementlocatif";1;0;1
"insfrastructureroutiere";1;0;1
"indicateurs-sociaux";0;1;1
"denominationsgeographiques";1;0;1
"transportinfrastructure";1;0;1
"centres-radioelectriques";1;0;1
"plafondde-loyer";1;0;1
"pprl-enjeuxnoirmoutier";1;0;1
"rce";1;0;1
"zoneaction-complementaire";1;0;1
"planteaquatique";1;0;1
"traficroutier";1;0;1
"plan-d-occupation-dessols";1;0;1
"proprietefonciere";1;0;1
"meret-littoral";1;0;1
"zonageagricole";1;0;1
"plan-locald-urbanisme";1;0;1
"richesse-naturelle";1;0;1
"mer-littoral-ecologiedu-littoral";1;0;1
"risque-mouvement-deterrain";1;0;1
"specificationdepartementale";1;0;1
"healthy-food";0;1;1
"scanup";0;1;1
"dompierrebecquincourt";1;0;1
"val-d-ille-aubigne";1;0;1
"marche-del-habitat";1;0;1
"eau-ausage-agricole";1;0;1
"refusde-compostage";1;0;1
"bateaude-peche";1;0;1
"gestionde-l-eau";1;0;1
"unite-immobiliere";1;0;1
"legislattives";0;1;1
"protection-debiotope";1;0;1
"zonagespaysages";1;0;1
"biologiques-phytoplancton";1;0;1
"aidepublique";1;0;1
"alimentationeau-potable";1;0;1
"biologiques-bacteries";1;0;1
"unitesstatistiques";1;0;1
"a-collec-l";1;0;1
"a-step-p";1;0;1
"bords-de-chaussees";1;0;1
"carroyages";1;0;1
"ci-trafi";1;0;1
"dalles";1;0;1
"dp-lim-e";1;0;1
"dp-par-e";1;0;1
"ec-entpa";1;0;1
"en-empac";1;0;1
"en-frcol";1;0;1
"fi-ent-12";1;0;1
"fi-eta-14";1;0;1
"fv-carre";1;0;1
"fv-commu";1;0;1
"fv-numvo";1;0;1
"fv-tronc";1;0;1
"fv-trvel";1;0;1
"fv-txvoi";1;0;1
"fv-voie";1;0;1
"habillages-lineaires";1;0;1
"habillages-ponctuels";1;0;1
"habillages-surfaciques";1;0;1
"hydro";1;0;1
"informations-lineaires";1;0;1
"informations-ponctuelles";1;0;1
"levers";1;0;1
"masses-baties";1;0;1
"mosaiques";1;0;1
"noms-de-voies";1;0;1
"noms-des-voies";1;0;1
"numeros-de-voirie";1;0;1
"p-docurb";1;0;1
"p-docurb-a";1;0;1
"p-habill";1;0;1
"p-info";1;0;1
"p-info-p";1;0;1
"p-info-s";1;0;1
"p-presc";1;0;1
"p-presc-p";1;0;1
"p-presc-s";1;0;1
"p-zoneurba";1;0;1
"p-zoneurba-s";1;0;1
"pc-capte";1;0;1
"pc-carf";1;0;1
"pc-s-zon";1;0;1
"perim-div-plu";1;0;1
"planches";1;0;1
"rails";1;0;1
"reglementations";1;0;1
"rt-infra";1;0;1
"ruisseaux";1;0;1
"se-pt";1;0;1
"signalisation-lumineuse";1;0;1
"taches-urbaines";1;0;1
"tb-arcvl";1;0;1
"tb-arret";1;0;1
"tb-chem";1;0;1
"tb-depot";1;0;1
"tb-ligne";1;0;1
"tb-parcr";1;0;1
"tb-ptvte";1;0;1
"tb-stvel";1;0;1
"tb-tronc";1;0;1
"terrains-de-sport";1;0;1
"to-ax-op";1;0;1
"to-axfer";1;0;1
"to-bati";1;0;1
"to-bois";1;0;1
"to-borte";1;0;1
"to-courb-2001";1;0;1
"to-dalle";1;0;1
"to-ecbar";1;0;1
"to-eqbat";1;0;1
"to-eqlim";1;0;1
"to-eqpub";1;0;1
"to-hydro";1;0;1
"to-li-op";1;0;1
"to-li-ot";1;0;1
"to-liadm";1;0;1
"to-perim";1;0;1
"to-ptbat";1;0;1
"toitures";1;0;1
"trajets";1;0;1
"tris";1;0;1
"tris-selectifs";1;0;1
"z-empres";1;0;1
"z-ervoie";1;0;1
"z-espboi";1;0;1
"z-planc";1;0;1
"z-secteu";1;0;1
"z-sms";1;0;1
"zonage-plu";1;0;1
"habitaturbain";1;0;1
"securiteroutiere";1;0;1
"office-cuisine-centrale";1;0;1
"donneeenvironnementale";1;0;1
"eaude-baignade";1;0;1
"saintvaast-en-chaussee";1;0;1
"stage-de-formation";1;0;1
"minimale";1;0;1
"minimal";0;1;1
"lofar2";1;0;1
"sitesindustriels";1;0;1
"zonesnaturelles";1;0;1
"bancs-publics";1;0;1
"promenades-pietonnes";1;0;1
"voies-pietonnes";1;0;1
"film-en-streaming";1;0;1
"filmes-en-streaming";1;0;1
"remplacant-de-t411";1;0;1
"streaming-gratuit";1;0;1
"t411";1;0;1
"t411-ferme";1;0;1
"torrent-gratuit";1;0;1
"monumenthistorique";1;0;1
"locative";1;0;1
"venale";1;0;1
"sante-et-securitedes-personnes";1;0;1
"epexspot";1;0;1
"immediate";1;0;1
"tchat";1;0;1
"tourisme-fluvial";1;0;1
"tourisme-vert";1;0;1
"chaulnes-etbray-sur-somme";1;0;1
"reservede-peche";1;0;1
"schema-decoherence-territoriale";1;0;1
"test-indexation";1;0;1
"arc-de-linnovation";1;0;1
"audiovisuelle";1;0;1
"caves";1;0;1
"concede";1;0;1
"contrarts";1;0;1
"decorations";1;0;1
"detachement";1;0;1
"fil-deau";1;0;1
"job";1;0;1
"lampadaires";1;0;1
"lyce";1;0;1
"mur-vegetalise";1;0;1
"petite-ceinture";1;0;1
"pim";1;0;1
"plate-bande";1;0;1
"pmup";1;0;1
"qsec";1;0;1
"stationnement-residentiel";1;0;1
"stationnement-rotatif";1;0;1
"zone-de-rencontre";1;0;1
"beneficiare";1;0;1
"petite";1;0;1
"sa001";1;0;1
"sa002";1;0;1
"sa003";1;0;1
"sa004";1;0;1
"sa005";1;0;1
"sa006";1;0;1
"sa007";1;0;1
"sa008";1;0;1
"sa012";1;0;1
"se001";1;0;1
"se002";1;0;1
"se003";1;0;1
"se004";1;0;1
"se005";1;0;1
"se006";1;0;1
"si001";1;0;1
"si002";1;0;1
"si003";1;0;1
"si004";1;0;1
"si005";1;0;1
"si011";1;0;1
"si012";1;0;1
"si013";1;0;1
"sl001";1;0;1
"sl002";1;0;1
"sl003";1;0;1
"sl004";1;0;1
"sl005";1;0;1
"sp001";1;0;1
"sp002";1;0;1
"sp003";1;0;1
"sp004";1;0;1
"sp005";1;0;1
"sp008";1;0;1
"vfdas";1;0;1
"abonnement-de-travail-intercites";1;0;1
"abonnement-de-travail-ter";1;0;1
"abreviation";1;0;1
"aeea";1;0;1
"aie";1;0;1
"armement";1;0;1
"auber";1;0;1
"bruit-media";1;0;1
"chantiers-transport-combine";1;0;1
"chatelet";1;0;1
"circuits-de-voie";1;0;1
"courbure";1;0;1
"declivite";1;0;1
"detecteurs-de-boite-chaude";1;0;1
"donnees-topographiques";1;0;1
"ecartement-des-voies";1;0;1
"effectif-disponible";1;0;1
"electrification";1;0;1
"exposition-mediatique";1;0;1
"facilite-circulation";1;0;1
"famille-de-travaux";1;0;1
"fonctions-support";1;0;1
"franklin-d-roosevelt";1;0;1
"happycard";1;0;1
"installations-terminales-embranchees";1;0;1
"interceptions";1;0;1
"investissement-net";1;0;1
"irc";1;0;1
"kvb";1;0;1
"menu-tgv";1;0;1
"mode-de-cantonnement";1;0;1
"ouvrages-en-terre";1;0;1
"passages-souterrains";1;0;1
"pont-rail";1;0;1
"pont-route";1;0;1
"position-geographique";1;0;1
"radio-sol-train";1;0;1
"regime-de-travail";1;0;1
"regime-dexploitation";1;0;1
"service-des-archives-et-de-la-documentation";1;0;1
"sous-stations";1;0;1
"stations-radio-fixes";1;0;1
"tarif-tgv";1;0;1
"trafic-marchandise";1;0;1
"trafic-voyageur";1;0;1
"trajet-ic";1;0;1
"traversee-de-voie-par-le-public";1;0;1
"triages";1;0;1
"type-de-ligne";1;0;1
"ubm";1;0;1
"donneegenerique-administratif";1;0;1
"productiond-energie-electrique";1;0;1
"aximum";1;0;1
"bbc";1;0;1
"colas";1;0;1
"ecoquartier";1;0;1
"fpic";1;0;1
"fsrif";1;0;1
"helicoptere";1;0;1
"heliport";1;0;1
"hqe";1;0;1
"ligne-12";1;0;1
"ordre-du-jour";1;0;1
"paybyphone";1;0;1
"planete";1;0;1
"porte-de-versailles";1;0;1
"radiation";1;0;1
"sacs-canins";1;0;1
"vegetalise";1;0;1
"voitutr";1;0;1
"clauses-sociales";1;0;1
"siae";1;0;1
"proliferationd-algues";1;0;1
"montre-connectee";0;1;1
"objet-connectes";0;1;1
"zonagesetude";1;0;1
"prada";1;0;1
"vigicrue";0;1;1
"compte-du-logement";1;0;1
"zone-blanche";1;0;1
"carte-thd";0;1;1
"open-moulinette";0;1;1
"permis-vacances-travail";0;1;1
"stress";0;1;1
"stress-au-travail";0;1;1
"14juillet";1;0;1
"ecocompteur";1;0;1
"frayere";1;0;1
"reseaux-d-initiative-publique";1;0;1
"trafic-pieton";1;0;1
"trafic-velo";1;0;1
"eauxde-surface";1;0;1
"salut";1;0;1
"diversite-biologique";1;0;1
"economie-agricole";1;0;1
"politique-territoriale";1;0;1
"protection-des-terres";1;0;1
"protection-du-paysage";1;0;1
"relations-homme-nature";1;0;1
"opencorporates";0;1;1
"burger";0;1;1
"modifications-de-societes";1;0;1
"fonderie";0;1;1
"cash";1;0;1
"dispositifs-encreurs";1;0;1
"oberthur-fiduciaire";1;0;1
"transports-de-fonds";1;0;1
"dgal";1;0;1
"eau-cotinentale";1;0;1
"perimetre-de-gestion-collective";1;0;1
"air-climat-changementclimatique";1;0;1
"soleil";1;0;1
"assietteservitude";1;0;1
"fioul";0;1;1
"ticpe";1;0;1
"comparatif";0;1;1
"guide-dachat";0;1;1
"le-reviewer";0;1;1
"web-to-store";0;1;1
"entreprise-locale";1;0;1
"tissu-associatif";1;0;1
"etat-occupant";1;0;1
"code-entreprise";1;0;1
"code-naf";1;0;1
"cosmetiques";1;0;1
"stations-essence";0;1;1
"a-collec";1;0;1
"a-step";1;0;1
"ci-trafi-l";1;0;1
"dp-bord-l";1;0;1
"dp-chlim-p";1;0;1
"dp-lim-e-l";1;0;1
"dp-par-e-s";1;0;1
"dp-usage-s";1;0;1
"ec-entpa-p";1;0;1
"en-empac-p";1;0;1
"en-frcol-s";1;0;1
"fi-ent-12-p";1;0;1
"fi-eta-14-p";1;0;1
"fv-carre-l";1;0;1
"fv-commu-s";1;0;1
"fv-numvo-p";1;0;1
"fv-tronc-l";1;0;1
"fv-trvel-l";1;0;1
"fv-txvoi-p";1;0;1
"fv-voie-a";1;0;1
"pc-capte-p";1;0;1
"pc-carf-p";1;0;1
"pc-s-zon-s";1;0;1
"rt-infra-l";1;0;1
"se-pt-s";1;0;1
"tb-arcvl-p";1;0;1
"tb-arret-p";1;0;1
"tb-chem-l";1;0;1
"tb-chem-tb-parco-tb-tronc";1;0;1
"tb-depot-p";1;0;1
"tb-ligne-a";1;0;1
"tb-parcr-p";1;0;1
"tb-ptvte-p";1;0;1
"tb-stvel-p";1;0;1
"tb-tronc-l";1;0;1
"to-aqbat-s";1;0;1
"to-ax-op-l";1;0;1
"to-axfer-l";1;0;1
"to-bati-s";1;0;1
"to-bois-s";1;0;1
"to-borte-l";1;0;1
"to-canev-p";1;0;1
"to-courb-l-2001";1;0;1
"to-dalle-s";1;0;1
"to-ecbar-p";1;0;1
"to-eqlim-s";1;0;1
"to-eqpub-p";1;0;1
"to-hydro-s";1;0;1
"to-li-op-l";1;0;1
"to-li-ot-l";1;0;1
"to-liadm-l";1;0;1
"to-perim-s";1;0;1
"to-ptbat-s";1;0;1
"farfadet-de-lambre";0;1;1
"somad";0;1;1
"cellules-de-monocytes";1;0;1
"expression-des-genes";1;0;1
"gene-expression";1;0;1
"monocytes";1;0;1
"omics";1;0;1
"transcriptomics";1;0;1
"sites-web";1;0;1
"civilisis";1;0;1
"humanis";1;0;1
"temps-differe";1;0;1
"universite-bor";1;0;1
"universite-bretagne";1;0;1
"affymetrix";0;1;1
"illumina";0;1;1
"rng-mrc";0;1;1
"transcriptomique";0;1;1
"hypocalorique";1;0;1
"perte-de-poids";1;0;1
"rapidement";1;0;1
"balance-commerciale";0;1;1
"commerce-exterieur-francais";0;1;1
"deficit-commercial";0;1;1
"exportations-francaise";0;1;1
"importations-francais";0;1;1
"braderie";1;0;1
"composition-du-gouvernement";1;0;1
"gouvernements";1;0;1
"protocole";1;0;1
"eqtl";1;0;1
"genomics";1;0;1
"pqtl";1;0;1
"contact-paypal";1;0;1
"paypal-contact-number";1;0;1
"paypal-customer-service";1;0;1
"paypal-support";1;0;1
"fruits-et-legumes-marseille";1;0;1
"yep-nature";1;0;1
"geolocaliastion";0;1;1
"grande-enseigne";0;1;1
"lesfurets";1;0;1
"lesfurets-com";1;0;1
"boites-postales";1;0;1
"paves";1;0;1
"revetement";1;0;1
"tarif-assurance";1;0;1
"assurland";1;0;1
"assurland-com";1;0;1
"sirh";1;0;1
"meurtre";0;1;1
"pprt-nexter";1;0;1
"redevance-environnementale";1;0;1
"espace-numerique";1;0;1
"ddmh";1;0;1
"mur-anti-bruit";1;0;1
"risques-pollutions";1;0;1
"sonores-circulation";1;0;1
"formation-drone";1;0;1
"pilote-de-drone";1;0;1
"telepilote";1;0;1
"constipation";1;0;1
"prenoms-rennes";0;1;1
"imprimerie-1812z";1;0;1
"la-seyne-sur-mer";1;0;1
"registre-des-emissions";1;0;1
"frais-de-succession";1;0;1
"evaluer";1;0;1
"gratification-minimale";1;0;1
"paie-stagiaire";1;0;1
"remuneration-minimale";1;0;1
"remuneration-stagiaire";1;0;1
"salaire-stagiaire";1;0;1
"calcul-des-interets";1;0;1
"choix-de-formulaire";1;0;1
"forfait-de-publication";1;0;1
"formulaire-de-publication";1;0;1
"penalites-de-retard";1;0;1
"site-boamp";1;0;1
"blocages-de-voies";1;0;1
"engineering-and-construction";1;0;1
"agra-c-ment-zoo-sanitaire";1;0;1
"archives-et-documentation";1;0;1
"equida-c-s";1;0;1
"installations-enregistra-c-es";1;0;1
"laboratoires-agra-c-a-c-s";1;0;1
"na-c-gociants-agra-c-a-c-s";1;0;1
"ongula-c-s-domestiques";1;0;1
"pra-c-paration-de-viandes";1;0;1
"produit-de-la-paache";1;0;1
"produits-de-la-paache";1;0;1
"tests-sa-c-rologiques";1;0;1
"viandes-hacha-c-es";1;0;1
"apprendre";1;0;1
"aspersion";1;0;1
"avitaillement";1;0;1
"beaulieu";1;0;1
"cagnes";1;0;1
"carte-identite";1;0;1
"cessole";1;0;1
"cimiez";1;0;1
"cinematheque";1;0;1
"combattants";1;0;1
"comte-de-falicon";1;0;1
"corallina";1;0;1
"coulee-verte";1;0;1
"cyber-espace";1;0;1
"dwg";1;0;1
"ex-rd";1;0;1
"film-amateur";1;0;1
"galeries";1;0;1
"garibaldi";1;0;1
"grands-hommes";1;0;1
"gymnas";1;0;1
"heterosexuel";1;0;1
"invitation";1;0;1
"liberation";1;0;1
"massena";1;0;1
"memoire-vivante";1;0;1
"metropol";1;0;1
"palais";1;0;1
"personnalites";1;0;1
"promenade-du-paillon";1;0;1
"rapatries";1;0;1
"reseau-structurant";1;0;1
"rissoella-verruculosa";1;0;1
"routes-metropolitaine";1;0;1
"routes-metropolitaines";1;0;1
"saint-isidore";1;0;1
"saint-roch";1;0;1
"saint-sylvestre";1;0;1
"symboles";1;0;1
"tinee";1;0;1
"topoguide";1;0;1
"tourrette";1;0;1
"trachel";1;0;1
"ulvales";1;0;1
"usage-du-sol";1;0;1
"velobleu";1;0;1
"vieux-nice";1;0;1
"villages-perches";1;0;1
"villefranche";1;0;1
"voies-principales";1;0;1
"nutrition-enterale";0;1;1
"nutrition-orale";0;1;1
"voir";1;0;1
"calcul-pension-alimentaire";0;1;1
"estimer-pension-alimentaire";0;1;1
"dir-massif-central";1;0;1
"dirmc";1;0;1
"lpo-rhone-alpes";1;0;1
"reseau-dir-massif-central";1;0;1
"24-septembre-2017";1;0;1
"2017-779";1;0;1
"journee-europeenne-du-patrimoine";1;0;1
"tarif-unique-bornes-electriques";1;0;1
"tube";1;0;1
"ouvert-climat-energie";1;0;1
"ouvert-dispositif-centre-bourg";1;0;1
"edvm";1;0;1
"royan";1;0;1
"odl";1;0;1
"test-odl";1;0;1
"diffusion-restreinte";1;0;1
"fv-carre-p";1;0;1
"to-eqbat-s";1;0;1
"odd";1;0;1
"apparition";0;1;1
"close-up";0;1;1
"disparition";0;1;1
"illusion";0;1;1
"illusionniste";0;1;1
"magicien";0;1;1
"manipulation";0;1;1
"prestidigitateur";0;1;1
"elections-senatoriales-2017";1;0;1
"esapces-naturels-sensibles";1;0;1
"securite-informatique";1;0;1
"interdiction";1;0;1
"antidiabetic";0;1;1
"diabetes";0;1;1
"diabetes-france";0;1;1
"diabetis-drugs";0;1;1
"diabetis-market";0;1;1
"french-pharmaceutical";0;1;1
"aitf";1;0;1
"asserar-english-program";0;1;1
"plan-metro";1;0;1
"ennetieres-en-weppes";1;0;1
"mp3";0;1;1
"article-31";1;0;1
"biologie-marine-phytoplancton";1;0;1
"ebook";1;0;1
"livre-numerique";1;0;1
"livres-numeriques";1;0;1
"panel-citoyen";1;0;1
"president-de-la-republique";1;0;1
"qualite-de-ville";1;0;1
"unite-de-consommation";0;1;1
"aide-logement";1;0;1
"telechargement-illegal";0;1;1
"elections-vote";1;0;1
"stations-tramway";1;0;1
"ministere-des-armees";1;0;1
"microcredit";1;0;1
"pnb";1;0;1
"rbe";1;0;1
"resultat-net";1;0;1
"teq";1;0;1
"tranche-dages";1;0;1
"sied70";1;0;1
"hotpost";0;1;1
"surfer";0;1;1
"soins-hospitaliers";0;1;1
"electricity";1;0;1
"park";1;0;1
"storage";1;0;1
"methode-de-vente";1;0;1
"reclamation";1;0;1
"chouette-athena";1;0;1
"chouette-cheveche";1;0;1
"pelouses-calcaires";1;0;1
"pelouses-calcicoles";1;0;1
"paris-logement";1;0;1
"courbe-niveau";1;0;1
"taux-d-evolution";1;0;1
"stations-hydrometriques";1;0;1
"business-plan";0;1;1
"concurrents";0;1;1
"administration-penitentiaire";1;0;1
"alternatives-a-lincarceration";1;0;1
"milieu-ouvert";1;0;1
"migration-pendulaire";0;1;1
"ec-parc";1;0;1
"ec-parc-s";1;0;1
"fv-adresse";1;0;1
"fv-adresse-p";1;0;1
"fv-fleuv";1;0;1
"fv-fleuv-s";1;0;1
"fv-ndvel";1;0;1
"fv-ndvel-p";1;0;1
"grs-gigc";1;0;1
"grs-gigc-p";1;0;1
"invalides";1;0;1
"rh-flec-2";1;0;1
"rh-flec-2-p";1;0;1
"rh-flec-3";1;0;1
"rh-flec-3-p";1;0;1
"rh-itcyc";1;0;1
"rh-itcyc-a";1;0;1
"rh-itine";1;0;1
"rh-itine-a";1;0;1
"rh-parcy";1;0;1
"rh-parcy-s";1;0;1
"rh-secti";1;0;1
"rh-secti-a";1;0;1
"rh-text-1";1;0;1
"rh-text-1-p";1;0;1
"rh-text-2";1;0;1
"rh-text-2-p";1;0;1
"rh-text-3";1;0;1
"rh-text-3-p";1;0;1
"rh-tronc";1;0;1
"rh-tronc-l";1;0;1
"se-cgep";1;0;1
"se-cgep-s";1;0;1
"se-cpost";1;0;1
"se-cpost-s";1;0;1
"se-quart";1;0;1
"se-quart-s";1;0;1
"sv-arret";1;0;1
"sv-arret-p";1;0;1
"sv-arrfl";1;0;1
"sv-arrfl-a";1;0;1
"sv-chem";1;0;1
"sv-chem-a";1;0;1
"sv-cours";1;0;1
"sv-cours-a";1;0;1
"sv-devia";1;0;1
"sv-devia-a";1;0;1
"sv-flexo";1;0;1
"sv-flexo-s";1;0;1
"sv-horai";1;0;1
"sv-horai-a";1;0;1
"sv-ligne";1;0;1
"sv-ligne-a";1;0;1
"sv-lipub";1;0;1
"sv-lipub-a";1;0;1
"sv-messa";1;0;1
"sv-messa-a";1;0;1
"sv-tronc";1;0;1
"sv-tronc-l";1;0;1
"sv-vehic";1;0;1
"sv-vehic-p";1;0;1
"tb-coul-tb-stat-tb-ligne";1;0;1
"tb-ligne-tb-parc-tb-parcr";1;0;1
"amelioration";1;0;1
"border";1;0;1
"l-214-17";1;0;1
"mont-saint-michel";1;0;1
"polders";1;0;1
"theme-inspire";1;0;1
"etat-d-avancement-des-procedures";1;0;1
"generateur-servitude";1;0;1
"schema-departemental";1;0;1
"spr";1;0;1
"val-de-tours";1;0;1
"val-de-vienne";1;0;1
"redevables";0;1;1
"decimal";0;1;1
"hexadecimal";0;1;1
"rgb";0;1;1
"rvb";0;1;1
"golang";0;1;1
"langage-go";0;1;1
"micro-service";0;1;1
"swagger";0;1;1
"appels-internationaux";0;1;1
"indicatifs-europe";0;1;1
"indicatifs-telephonique";0;1;1
"aleas-pprl-pays-olonne";1;0;1
"conchyculture";1;0;1
"cote-2100-pprl-talmondais";1;0;1
"enjeu-pprl-talmondais-enjeux";1;0;1
"enjeux-pprl-la-faute-sur-mer";1;0;1
"origine-pprl-bassin-du-lay";1;0;1
"origine-pprl-talmondais";1;0;1
"perimetre-pprl-la-faute-sur-mer";1;0;1
"pprl-bassin-du-lay-perimetre";1;0;1
"pprl-lay-aval-enjeux";1;0;1
"pprl-pays-de-monts-enjeux";1;0;1
"pprl-pays-monts-enjeux";1;0;1
"pprl-zonage-bassin-du-lay";1;0;1
"territoire-de-projet";1;0;1
"zonage-pprl-la-faute-sur-mer";1;0;1
"ar-6";1;0;1
"bassin-dordogne-aval";1;0;1
"bassin-du-lot-aval-vert-masse";1;0;1
"carmaux";1;0;1
"castres";1;0;1
"contrat-d-agriculture-durabl";1;0;1
"courd-d-eau";1;0;1
"hydroelectricites";1;0;1
"inodation";1;0;1
"piscicoles";1;0;1
"piscicultures";1;0;1
"points-d-acces";1;0;1
"points-d-interets";1;0;1
"potables";1;0;1
"reseau-territorial-de-la-ddt-82";1;0;1
"usines";1;0;1
"zones-defavorisees";1;0;1
"adduction-d-eau-potable-aep";1;0;1
"agences-ddt";1;0;1
"agneau-quercy-aveyron";1;0;1
"aop-fromage-salers-laguiole";1;0;1
"aop-vin-noix";1;0;1
"autonome";1;0;1
"bassin-de-sante";1;0;1
"bleu";1;0;1
"carte-statique";1;0;1
"energie-hydraulique";1;0;1
"etablisement";1;0;1
"forage-puits";1;0;1
"hydrographie-autres";1;0;1
"ilots-culturaux";1;0;1
"retenue-collinaire";1;0;1
"surface-agricole-utile";1;0;1
"urbanisme-et-foncier-projets";1;0;1
"vin-comte-tolosan-aveyron";1;0;1
"zone-vulnerable-nitrates";1;0;1
"actes-a-9";1;0;1
"agriculture-n-agri-environnement";1;0;1
"aleas-littoraux";1;0;1
"altitude-relief";1;0;1
"arbre-fruitier";1;0;1
"assiettes";1;0;1
"bathymetrique";1;0;1
"besoin-logements";1;0;1
"bubry";1;0;1
"carte-strategique-bruit";1;0;1
"caudan";1;0;1
"cctp";1;0;1
"centres-equestres";1;0;1
"ctrl";1;0;1
"dechets-de-step-urbaine";1;0;1
"deficitaires";1;0;1
"document-strategique-de-facade";1;0;1
"donees-ouvertes";1;0;1
"dsf";1;0;1
"ecarts-importants";1;0;1
"effluents-d-elevage";1;0;1
"evenement-de-la-mobilite";1;0;1
"fruitier";1;0;1
"gavres";1;0;1
"gestel";1;0;1
"groix";1;0;1
"guidel";1;0;1
"hennebont";1;0;1
"inguiniel";1;0;1
"inzinzac-lochrist";1;0;1
"lanester";1;0;1
"languidic";1;0;1
"lanvaudan";1;0;1
"larmor-plage";1;0;1
"le-saison";1;0;1
"legislation-sanitaire";1;0;1
"locmiquelic";1;0;1
"loisir-de-masse";1;0;1
"methanisation-multi-dechets";1;0;1
"mobilite-jeunes";1;0;1
"modes-actifs";1;0;1
"n-pollution-sol";1;0;1
"nuissance-sonore";1;0;1
"onema";1;0;1
"organisation-du-travail";1;0;1
"oudan";1;0;1
"patrimoinebfc";1;0;1
"plans-de-prevention-des-risques";1;0;1
"plouay";1;0;1
"police-de-l-eau";1;0;1
"programme-interet-general";1;0;1
"protection-contre-les-crues";1;0;1
"protection-des-niveaux-d-eau";1;0;1
"psp";1;0;1
"quistinic";1;0;1
"rade";1;0;1
"regime-foncier";1;0;1
"reseau-bus";1;0;1
"residus-de-cultures";1;0;1
"risque-minier-loire";1;0;1
"travail-des-jeunes";1;0;1
"verdissement";1;0;1
"zonage-etudes";1;0;1
"zone-reg-pprm";1;0;1
"zones-non-traitement";1;0;1
"zones-reglementees-ppr-oudan";1;0;1
"harmonisation-des-tarifs";1;0;1
"tarif-unique";1;0;1
"procede-electrique";1;0;1
"abord-champ-de-tir";1;0;1
"architectural-urbain-paysager";1;0;1
"badaroux";1;0;1
"bagnols-les-bains";1;0;1
"baie-de-seine";1;0;1
"balsieges";1;0;1
"banassac";1;0;1
"batiments-historiques";1;0;1
"batymetrie";1;0;1
"brenoux";1;0;1
"canilhac";1;0;1
"cap-d-antifer";1;0;1
"chadenet";1;0;1
"chanac";1;0;1
"chirac";1;0;1
"comite-de-bassin";1;0;1
"commerce-d-alimentation";1;0;1
"commission-geographique";1;0;1
"compostage-par-le-producteur";1;0;1
"composts-et-engrais-naturels";1;0;1
"decryptageo";1;0;1
"detroit-du-pas-de-calais";1;0;1
"developpement-montagne";1;0;1
"distirbution-d-energie";1;0;1
"distribution-d-energie";1;0;1
"donnees-collaboratives";1;0;1
"esclanedes";1;0;1
"explosif";1;0;1
"fontans";1;0;1
"foret-classee";1;0;1
"fournels";1;0;1
"fraissinet-de-lozere";1;0;1
"gatuzieres";1;0;1
"georennesmetropole";1;0;1
"golfe-normano-breton";1;0;1
"la-canourgue";1;0;1
"la-salle-prunet";1;0;1
"la-villedieu";1;0;1
"le-bleymard";1;0;1
"le-collet-de-deze";1;0;1
"le-malzieu-forain";1;0;1
"le-malzieu-ville";1;0;1
"le-monastier-pin-mories";1;0;1
"le-pont-de-montvert";1;0;1
"maia";1;0;1
"meyrueis";1;0;1
"moissac-vallee-francaise";1;0;1
"monalisa";1;0;1
"montrodat";1;0;1
"n-assiette-servitudes";1;0;1
"pas-de-statut-de-diffusion";1;0;1
"passage-conduite-souterraine";1;0;1
"pays-de-caux";1;0;1
"point-nodal";1;0;1
"rayon-100-m";1;0;1
"referentiels-autres";1;0;1
"rimeize";1;0;1
"risque-technoogique";1;0;1
"rm-dgsu";1;0;1
"rm-dgsu-smu";1;0;1
"roscoff";1;0;1
"route-express";1;0;1
"saint-bauzile";1;0;1
"saint-chely-d-apcher";1;0;1
"saint-etienne-du-valdonnez";1;0;1
"saint-germain-de-calberte";1;0;1
"saint-germain-du-teil";1;0;1
"saint-julien-d-arpaon";1;0;1
"saint-laurent-de-treves";1;0;1
"saint-leger-de-peyre";1;0;1
"saint-leger-du-malzieu";1;0;1
"saint-martin-de-boubaux";1;0;1
"saint-michel-de-deze";1;0;1
"saint-pierre-de-nogaret";1;0;1
"sainte-croix-vallee-francaise";1;0;1
"sainte-helene";1;0;1
"sdage-1996";1;0;1
"serverette";1;0;1
"service-municipal-de-nettoyage";1;0;1
"sous-secteur-statistique";1;0;1
"st-etienne-vallee-francaise";1;0;1
"thematique";1;0;1
"thematiques";1;0;1
"toutes";1;0;1
"unite-de-distribution";1;0;1
"vebron";1;0;1
"vialas";1;0;1
"zone-cotiere";1;0;1
"zone-speciale-de-conservation";1;0;1
"equipes-enfance";1;0;1
"acco";1;0;1
"accords-conclus";1;0;1
"cartonat-v-3-restreint";1;0;1
"pacom";1;0;1
"scan";1;0;1
"etiquettestissees";0;1;1
"air-ambiant";1;0;1
"vigilance-atmospherique";1;0;1
"gaz-b";1;0;1
"sd07";0;1;1
"credo";1;0;1
"editorial";0;1;1
"apports-volontaires";1;0;1
"eurometropole";1;0;1
"allaire";1;0;1
"credit-foncier";1;0;1
"mobilite-gaz";1;0;1
"pnrqad";1;0;1
"site-patrimonial-remarquable";1;0;1
"3-decembre-2017";1;0;1
"corse-resultats";1;0;1
"droit-de-la-mer";1;0;1
"espace-maritime";1;0;1
"22-kva";1;0;1
"45-kva";1;0;1
"dijon-metropole";1;0;1
"court-circuit";1;0;1
"eleveur";1;0;1
"emmeraudes";1;0;1
"elections-corse";1;0;1
"kayak";0;1;1
"peniche";0;1;1
"tchat-gratuit";1;0;1
"cip";1;0;1
"fintech";1;0;1
"ifp";1;0;1
"orias";1;0;1
"tchat-voyance";1;0;1
"allege";0;1;1
"image-aerienne";0;1;1
"cisirh";1;0;1
"noyau-rh-fpe";1;0;1
"open-rh-fpe";1;0;1
"adresse-voie-troncon-numero-pair-impair";1;0;1
"altitudes";1;0;1
"amenagement-urbain-planification-urbaine-schema-de";1;0;1
"apellation-inao-igp-protege-qualite-asperges";1;0;1
"architecture-bati-batiment-patrimoine-zonage";1;0;1
"area-management-restriction-regulation-zones-and-r";1;0;1
"bases";1;0;1
"bdni";1;0;1
"biote";1;0;1
"cadastre-pci-vecteur-parcelle-bati-sectio";1;0;1
"circulation-trafic-deplacement";1;0;1
"client-bt";1;0;1
"co-propriete";1;0;1
"coffret";1;0;1
"commune-limites-administrative";1;0;1
"corbeilles";1;0;1
"couralin";1;0;1
"courant-landais";1;0;1
"critere-m";1;0;1
"de-restriction-ou-de-reglementation-et-unites-de-d";1;0;1
"densite-de-points-charge";1;0;1
"depots-biosedimentaires";1;0;1
"destination-pour-tous";1;0;1
"direction-de-la-solidarite-departementale-msd-ma";1;0;1
"distributeurs-de-poches-pour-dejections-canines";1;0;1
"dunes";1;0;1
"ecole-premier-degre-primaire-maternelle-elemen";1;0;1
"enceintes-de-poste";1;0;1
"environnement-dreal-natura-2000";1;0;1
"environnement-dreal-natura-2000-zico-oiseaux";1;0;1
"environnement-dreal-natura-2000-znieff1";1;0;1
"haut-de-plage";1;0;1
"horizon-2022";1;0;1
"identifications";1;0;1
"indications";1;0;1
"lignes-souterraines";1;0;1
"occupation-du-sol-utilisation-des-sols-usages-de";1;0;1
"panneaux-daffichage-libre";1;0;1
"photo-aerienne-ortho-satellite-vue-image";1;0;1
"photo-aerienne-ortho-satellite-vue-image-lan";1;0;1
"pied-de-dune";1;0;1
"plan-scan-vue-image";1;0;1
"point-lumineux";1;0;1
"points-ign";1;0;1
"protected-sites";1;0;1
"qualite-du-milieu";1;0;1
"route-voie-voirie-voies-de-communication-rue";1;0;1
"scenarios-prospectifs";1;0;1
"schorre";1;0;1
"scirpes";1;0;1
"sdis16";1;0;1
"securite-des-personnes";1;0;1
"socoa";1;0;1
"surveilllance";1;0;1
"transports-deplacements-transport-de-matiere-dan";1;0;1
"tri-collecte-dechets";1;0;1
"unite-de-gestion";1;0;1
"vegetations";1;0;1
"ville-et-handicap";1;0;1
"vitenville";1;0;1
"zones-a-risque-naturel-etudes-et-prevention-des-r";1;0;1
"zpens";1;0;1
"noctilien";1;0;1
"postes-de-transformation";1;0;1
"postes-electriques";1;0;1
"reperes-onf";1;0;1
"domoticz";0;1;1
"domotique";0;1;1
"lua";0;1;1
"appareillage";1;0;1
"appel-de-puissance";1;0;1
"borne-rapide";1;0;1
"charge-rapide";1;0;1
"fabricants-de-bornes";1;0;1
"lapube";1;0;1
"attributions";1;0;1
"paris-aeroport";1;0;1
"fimoca";1;0;1
"fimoct";1;0;1
"salaire-brut";0;1;1
"salaire-net";0;1;1
"convention-geocharente";1;0;1
"points-de-passage";1;0;1
"sditec";1;0;1
"surface-paysagere";1;0;1
"association-aube-irve";1;0;1
"association-irve";1;0;1
"zones-blanches";1;0;1
"coronary-stents";0;1;1
"medical-device";0;1;1
"ptca";0;1;1
"david";1;0;1
"insecte";1;0;1
"moderation-de-la-vitesse";1;0;1
"troncon-de-voie";1;0;1
"fonds-documentaire";1;0;1
"antioxidant-activity";1;0;1
"cellular-and-humoral-immunity";1;0;1
"csf-biomarkers";1;0;1
"free-radical-scavenging";1;0;1
"nanocurcumin";1;0;1
"rispote-graduee";1;0;1
"regions-de-france";1;0;1
"spiruline";1;0;1
"ckd";1;0;1
"vitamin-d";1;0;1
"arpentage";1;0;1
"document-d-arpentage";1;0;1
"photos-anciennes";0;1;1
"activites-particulieres";1;0;1
"pilote-drone";1;0;1
"reglementation-drone";1;0;1
"abonnement-professionnel";1;0;1
"syndicats-de-rivieres";1;0;1
"riasec";0;1;1
"illuminations-de-noel";1;0;1
"lpo";1;0;1
"bati-ancien";1;0;1
"pise";1;0;1
"brp";1;0;1
"crypto-currency";1;0;1
"ico";1;0;1
"accueil-enfant";1;0;1
"acitivites-particulieres";1;0;1
"cgedd";1;0;1
"colonnes-montantes";1;0;1
"danmark";1;0;1
"denmark";1;0;1
"dgec";1;0;1
"pilote-drone-professionnel";1;0;1
"amoureux";0;1;1
"saint-valentin";0;1;1
"ecole-musique";1;0;1
"niveau-de-service";1;0;1
"point-repere";1;0;1
"service-hivernal";1;0;1
"annuaire-entreprises";1;0;1
"api-societes";1;0;1
"geomarketing";1;0;1
"prospection";1;0;1
"prospection-geolocalisee";1;0;1
"repertoire-sirene";1;0;1
"repertoire-societes";1;0;1
"ports-normands-associes";1;0;1
"correction-climatique";1;0;1
"espana";1;0;1
"fevrier";1;0;1
"nouveau-utilisateur";1;0;1
"lru";1;0;1
"rapports-annuels";1;0;1
"fdaec";1;0;1
"fdarc";1;0;1
"fdavoc";1;0;1
"piic";1;0;1
"aliment";0;1;1
"anti-inflammatoire";0;1;1
"anti-viral";0;1;1
"antioxidant";0;1;1
"detoxifiant";0;1;1
"selenium";0;1;1
"bureau-de-style";1;0;1
"credit-dimpot-innovation";1;0;1
"organime";1;0;1
"organismes-de-recherche-prives";1;0;1
"organismes-de-recherche-prives-agrees";1;0;1
"organismes-prives-agrees";1;0;1
"beaux-villages";1;0;1
"coupures-urbaines";1;0;1
"developpements";1;0;1
"educations";1;0;1
"fiscalites";1;0;1
"grilles";1;0;1
"humains";1;0;1
"hydrologies";1;0;1
"multiexposition";1;0;1
"natations";1;0;1
"patrimoine-mondial-de-lunesco";1;0;1
"pleins-airs";1;0;1
"points-noirs-environnementaux";1;0;1
"prse2";1;0;1
"santes";1;0;1
"srci";1;0;1
"gmva";1;0;1
"kiceo";1;0;1
"vannes-agglomeration";1;0;1
"corri-door";1;0;1
"corridoor";1;0;1
"que-faire";0;1;1
"airparif";0;1;1
"images-naufragees";1;0;1
"personnes-agees-autonome";1;0;1
"residences-services-seniors";1;0;1
"canal-du-midi";1;0;1
"niveau-de-vie-median";0;1;1
"richesses";0;1;1
"alimentation-equilibre";0;1;1
"caddie";0;1;1
"arts-du-spectacle";1;0;1
"bibliotheque-nationale-de-france";1;0;1
"recherche-bibliographique";1;0;1
"parite-femme-homme";1;0;1
"reserves-artificielles";1;0;1
"stations-depuration";1;0;1
"adultere";0;1;1
"infidele";0;1;1
"infidelite";0;1;1
"dreux";1;0;1
"raa";1;0;1
"ontario";1;0;1
"hospitaliers";0;1;1
"douteux";1;0;1
"fonds-propres";1;0;1
"solvabilite";1;0;1
"coursier";1;0;1
"00-national-ign";1;0;1
"urbanisme-ddt-63";1;0;1
"arafer";1;0;1
"services-librement-organises";1;0;1
"transport-routier-de-voyageurs";1;0;1
"aspeh";1;0;1
"parents-enfants-handicapes";1;0;1
"coin";1;0;1
"token";1;0;1
"patrie";0;1;1
"teritoire";0;1;1
"vaste";0;1;1
"tarifs-mutuelles";0;1;1
"bornes-wifi";1;0;1
"stops";1;0;1
"geo-localisation";0;1;1
"boites-a-livres";1;0;1
"poland";1;0;1
"polska";1;0;1
"geographie-humaine";1;0;1
"geographie-urbaine";1;0;1
"prehistoire";1;0;1
"tissages";1;0;1
"velours";1;0;1
"analyse-sirene";0;1;1
"tableaux-de-bord";0;1;1
"tissage";1;0;1
"le-bel-amiens";1;0;1
"msap";1;0;1
"projet-informatique";1;0;1
"projets-informatiques";1;0;1
"angers-stadium";1;0;1
"angers-technopole";1;0;1
"canins";1;0;1
"maine-labs";1;0;1
"techlist";1;0;1
"sde-loir-atlantique";1;0;1
"sde44";1;0;1
"prix-pepite-tremplin-pour-lentrepreneuriat-etudiant";1;0;1
"business-intelligence";0;1;1
"decisionnel";0;1;1
"parcelles-agricoles";0;1;1
"poele-de-masse";0;1;1
"donnees-carroyees";0;1;1
"visualiseur";0;1;1
"license";0;1;1
"licenses";0;1;1
"residence-senior";1;0;1
"neologisme";1;0;1
"test-pm";1;0;1
"categorie-a-9";1;0;1
"tchr";1;0;1
"trait-de-cote-haute-resolution";1;0;1
"extraplac";1;0;1
"plateau-continental";1;0;1
"grand-nancy";1;0;1
"stan";1;0;1
"banque-populaire-aquitaine-centre-atlantique";1;0;1
"bpaca";1;0;1
"attestation-de-formation-specialisee";1;0;1
"attestation-de-formation-specialisee-approfondie";1;0;1
"attestation-detudes-approfondies-en-chirurgie-dentaire";1;0;1
"autres-diplomes-nationaux-niveau-de-formation-bac";1;0;1
"capacite-de-medecine";1;0;1
"capacite-en-droit";1;0;1
"certificat-de-capacite-dorthophoniste";1;0;1
"certificat-de-capacite-dorthoptiste";1;0;1
"certificat-detudes-cliniques-specialisees-mention-orthodontie";1;0;1
"certificat-detudes-superieures-en-chirurgie-dentaire";1;0;1
"certificat-detudes-superieures-en-chirurgie-dentaire-a";1;0;1
"certificat-detudes-superieures-en-chirurgie-dentaire-b";1;0;1
"diplome-de-formation-medicale-specialisee-approfondie";1;0;1
"diplome-detat-daudioprothesiste";1;0;1
"diplome-detat-de-docteur-en-chirurgie-dentaire";1;0;1
"diplome-detat-de-docteur-en-medecine";1;0;1
"diplome-detat-de-docteur-en-pharmacie";1;0;1
"diplome-detat-de-manipulateur-delectroradiologie-medicale";1;0;1
"diplome-detat-de-masseur-kinesitherapeute";1;0;1
"diplome-detat-de-pedicure-podologue";1;0;1
"diplome-detat-de-psychomotricien";1;0;1
"diplome-detat-de-sage-femme-maieutique";1;0;1
"diplome-detat-dergotherapeute";1;0;1
"diplome-detat-dinfirmier-anesthesiste";1;0;1
"diplome-detudes-specialisees-complementaires-biologie-medicale";1;0;1
"diplome-detudes-specialisees-complementaires-medecine";1;0;1
"diplome-detudes-specialisees-complementaires-medecine-groupe-1";1;0;1
"diplome-detudes-specialisees-complementaires-medecine-groupe-2";1;0;1
"diplome-detudes-specialisees-de-medecine";1;0;1
"diplome-detudes-specialisees-de-pharmacie";1;0;1
"diplome-detudes-specialisees-dodontologie";1;0;1
"diplome-dingenieur-conjoint";1;0;1
"diplome-dinstitut-detudes-politiques";1;0;1
"diplome-interuniversitaire-de-specialisation-de-medecine";1;0;1
"diplomes-de-formation-medicale-specialisee";1;0;1
"formation-dingenieur-classique";1;0;1
"formation-dingenieur-en-partenariat";1;0;1
"formation-dingenieur-specialisee";1;0;1
"habilitation-a-diriger-des-recherches";1;0;1
"licence-lmd";1;0;1
"maitrise-de-sciences-biologiques-et-medicales";1;0;1
"maitrise-de-sciences-biologiques-et-medicales-c2";1;0;1
"master-enseignement";1;0;1
"pluripass";1;0;1
"premiere-annee-commune-aux-etudes-de-sante";1;0;1
"qualification-en-medecine-generale";1;0;1
"criminalite-2016";1;0;1
"organisatin";1;0;1
"symielecvar";1;0;1
"austria";1;0;1
"osterreich";1;0;1
"portage-repas";1;0;1
"budapest";1;0;1
"hungary";1;0;1
"magyarorszag";1;0;1
"miskolc";1;0;1
"tableau-au-conseil";1;0;1
"seba";1;0;1
"syndical";1;0;1
"prix-eau";1;0;1
"cnefop";1;0;1
"datadock";1;0;1
"isq";1;0;1
"opqf";1;0;1
"aire-marine-protegee";1;0;1
"jop";1;0;1
"lagon";1;0;1
"paralympique-village";1;0;1
"profils-sismiques";1;0;1
"referentiel-spatial";1;0;1
"sismique-reflexion";1;0;1
"sous-produits-assainissement";1;0;1
"sparker";1;0;1
"dcsmm";1;0;1
"debit-de-boisson";1;0;1
"code-officiel-geographique";1;0;1
"barriere-degel";1;0;1
"arleusis";1;0;1
"cylotourisme";1;0;1
"espaces-dactivites";1;0;1
"plan-durbanisme";1;0;1
"reglementation-de-lurbanisme";1;0;1
"deboisement";1;0;1
"quebec";1;0;1
"annuaire-sante";1;0;1
"charge-de-recherche";1;0;1
"directeur-de-recherche";1;0;1
"directeur-de-these";1;0;1
"maitre-de-conference";1;0;1
"professeur-des-universites";1;0;1
"ressources-electroniques";1;0;1
"revue";1;0;1
"unite-de-recherche";1;0;1
"chorus";1;0;1
"cine-gouter";1;0;1
"driveco";1;0;1
"la-defense-jazz-festival";1;0;1
"la-science-se-livre";1;0;1
"comite-entreprise";1;0;1
"delegation-unique-du-personnel";1;0;1
"delegue-du-personnel";1;0;1
"document-darpentage";1;0;1
"aide-au-retour-a-lemploi";1;0;1
"rapport-developpement-durable";1;0;1
"rdd";1;0;1
"france-bleu";1;0;1
"france-musique";1;0;1
"mouv";1;0;1
"radio-france";1;0;1
"ligne-departementale";1;0;1
"reseau-routier-interurbain";1;0;1
"villes-moyennes";1;0;1
"ecophyto";0;1;1
"politique-contractuelle";1;0;1
"script-alert-1-script";1;0;1
"n-changement-climatique";1;0;1
"n-habitat-indigne";1;0;1
"n-intercommunalite";1;0;1
"n-lim-admin-speciale";1;0;1
"n-occupation-sol";1;0;1
"n-parc-logements";1;0;1
"n-routier";1;0;1
"n-seisme";1;0;1
"n-zonages-risque-technologique";1;0;1
"ameli";1;0;1
"disparus";1;0;1
"peintures";1;0;1
"amandes-de-mer";1;0;1
"antifer";1;0;1
"arts-dormants";1;0;1
"arts-trainants";1;0;1
"baie-de-granville";1;0;1
"baie-des-veys";1;0;1
"cabillauds";1;0;1
"cap-levi";1;0;1
"chausey";1;0;1
"coquille";1;0;1
"cotentin";1;0;1
"crevette";1;0;1
"crpmemn";1;0;1
"gefosse-fontenay";1;0;1
"huitres-plates";1;0;1
"merlus";1;0;1
"mouliers";1;0;1
"peche-a-pied";1;0;1
"perche";1;0;1
"praire";1;0;1
"praires";1;0;1
"salmonides";1;0;1
"sienne";1;0;1
"soles";1;0;1
"tellines";1;0;1
"treport";1;0;1
"acier";1;0;1
"aluminium";1;0;1
"ampoule";1;0;1
"batterie";1;0;1
"capsule-nespresso";1;0;1
"dds";1;0;1
"deee";1;0;1
"ela";1;0;1
"gravat";1;0;1
"huile";1;0;1
"inerte";1;0;1
"machefer";1;0;1
"pehd";1;0;1
"pet";1;0;1
"pile";1;0;1
"radiographie";1;0;1
"refiom";1;0;1
"acide";1;0;1
"chorhydrique";1;0;1
"cot";1;0;1
"fumee";1;0;1
"h2o";1;0;1
"hcl";1;0;1
"jeter";1;0;1
"poussiere";1;0;1
"soufre";1;0;1
"cours-ethereum";1;0;1
"btc";0;1;1
"btc-eur";0;1;1
"cours-bitcoin-en-direct";0;1;1
"cours-btc";0;1;1
"cours-en-direct";0;1;1
"homard";1;0;1
"peche-sous-marine";1;0;1
"ecovallee";1;0;1
"gam";1;0;1
"garage-a-moto";1;0;1
"garage-a-velo";1;0;1
"gav";1;0;1
"stationnement-2-roues";1;0;1
"aster";1;0;1
"oreilles-de-cochon";1;0;1
"origines-geographiques";0;1;1
"representatitivite";0;1;1
"alti-courbe-de-niveaux-altimetrie-mnt-relief";1;0;1
"eaux-douces";1;0;1
"louveteries";1;0;1
"parcelles-engagees";1;0;1
"aloses";0;1;1
"lamproies";0;1;1
"truite-de-mer";0;1;1
"zones-de-gestion-de-restriction";0;1;1
"modules-sonores";1;0;1
"sonorisation";1;0;1
"arret-cardiaque";1;0;1
"art3";1;0;1
"article3";1;0;1
"avis-articles-3";1;0;1
"bp2018";1;0;1
"budget-primitif-2018";1;0;1
"categorisation";1;0;1
"compta-administratif-2017";1;0;1
"comptes-administratif-2017";1;0;1
"cout-construction-maison";1;0;1
"grands-projets";1;0;1
"maison-pas-cher";1;0;1
"maison-pas-chere";1;0;1
"marche-forains";1;0;1
"namr";1;0;1
"odater";1;0;1
"plan-administratif";1;0;1
"plan-ville";1;0;1
"plu-plui-pos-sudocuh";1;0;1
"plu-pos-plui-sudocuh";1;0;1
"prix-construction-maison";1;0;1
"prix-m2-maison";1;0;1
"redon-ville-budget-bp2018";1;0;1
"achat-vehicule-neuf";0;1;1
"achat-voiture-neuve";0;1;1
"blog-auto";0;1;1
"mandataire-auto";0;1;1
"parfum";0;1;1
"parfum-femme";0;1;1
"parfum-pas-cher";0;1;1
"parfum-prix";0;1;1
"voitures-neuves";0;1;1
"hip-hop";1;0;1
"office-municipal-des-sports";1;0;1
"pont-labbe";1;0;1
"donnees-libres";1;0;1
"numeros-courts";1;0;1
"human-health-and-safety";1;0;1
"point-de-recharge";1;0;1
"basejoconde";0;1;1
"cd-29";1;0;1
"multimodalite";1;0;1
"transport-routier-voyageurs";1;0;1
"evaluation-collaborative";0;1;1
"election-pro";1;0;1
"election-professionnelle";1;0;1
"organisation-syndicale";1;0;1
"irp";1;0;1
"reservation-moto-taxi-paris";0;1;1
"reserver-taxi-moto-a-paris";0;1;1
"tarifs-taxi-moto-paris";0;1;1
"transports64";1;0;1
"https";0;1;1
"box";1;0;1
"bureau-vote";1;0;1
"cite-lib";1;0;1
"contrat-de-ville";1;0;1
"declaration-prealable";1;0;1
"declaration-projet-travaux";1;0;1
"eclections";1;0;1
"expression-publique";1;0;1
"fnb";1;0;1
"pgv";1;0;1
"tfb";1;0;1
"union-quartier";1;0;1
"moto-taxis-paris";0;1;1
"reserver-un-taxi-moto-a-paris";0;1;1
"geofabrik";1;0;1
"astuce-informatique";0;1;1
"conseil-informatique";0;1;1
"creation-site-internet";0;1;1
"developpement-web";0;1;1
"cadeau-dentreprise";0;1;1
"objets-promotionnels";0;1;1
"vetements-personnalises";0;1;1
"subventions-associations";1;0;1
"90100";1;0;1
"insee-90064";1;0;1
"lepuix-neuf";1;0;1
"moto-taxi-paris";0;1;1
"paris-tarifs-taxis-moto-paris";0;1;1
"reservation-taxi-moto-paris";0;1;1
"dispositif-pinel";1;0;1
"tarifs-taxis-moto-paris";0;1;1
"taxis-moto-paris";0;1;1
"electrical-charge";1;0;1
"guerres";1;0;1
"propagandes";1;0;1
"hta-bt";1;0;1
"parametrage";1;0;1
"labex";1;0;1
"les-passes-dans-le-present";1;0;1
"esof-2018";1;0;1
"conservation-des-especes";1;0;1
"especes-animales";1;0;1
"legislation-de-l-environnement";1;0;1
"mesure-de-protection";1;0;1
"carroyage-insee";1;0;1
"epl";1;0;1
"infra-communal";1;0;1
"operations-d-interet";1;0;1
"orcod";1;0;1
"zone-urba";1;0;1
"peages";0;1;1
"comites-dentreprise";1;0;1
"delegues-du-personnel";1;0;1
"elections-profesionnelles";1;0;1
"data-mining";1;0;1
"municipale-2014";0;1;1
"fer-forge";0;1;1
"offre-post-bac";1;0;1
"offre-universitaire";1;0;1
"puget-ville";1;0;1
"aurh";0;1;1
"fnau";0;1;1
"geosirene";0;1;1
"optymo";1;0;1
"structure-des-revenus";1;0;1
"abes";1;0;1
"depannage-plombier";0;1;1
"plombier-75";0;1;1
"plombier-paris";0;1;1
"plombier-paris-express";0;1;1
"roannais-agglomeration";1;0;1
"budget-assemblee-nationale";1;0;1
"camping-morbihan";0;1;1
"camping-vendee";0;1;1
"campings-vendee";0;1;1
"vacances-vendee";0;1;1
"mesaides";1;0;1
"microsimulation";1;0;1
"openfisca";1;0;1
"opengov";1;0;1
"emissions-financieres";1;0;1
"emprunt-obligataire";1;0;1
"banque-populaire-val-de-france";1;0;1
"bpvf";1;0;1
"prix-xrp-eur";1;0;1
"xrp";0;1;1
"clarinette";1;0;1
"claude-faucomprez";1;0;1
"comptes-collectivites";1;0;1
"comptes-communes";1;0;1
"simon-bernardini";1;0;1
"centre-bourg";1;0;1
"chef-lieu";1;0;1
"bruno-tuchszer";1;0;1
"carl-maria-van-weber";1;0;1
"francis-perrin";1;0;1
"guillaume-connesson";1;0;1
"isabelle-carre-legrand";1;0;1
"jean-francois-verdier";1;0;1
"johannes-brahms";1;0;1
"leopold-mozart";1;0;1
"michel-corenflos";1;0;1
"pierre-et-le-loup";1;0;1
"rossini";1;0;1
"yum-sun-linet";1;0;1
"anton-dvorak";1;0;1
"aurelien-pascal";1;0;1
"camille-saint-saens";1;0;1
"emmanuelle-bertrand";1;0;1
"franz-liszt";1;0;1
"gaetane-prouvost";1;0;1
"gerard-causse";1;0;1
"olivier-grangean";1;0;1
"olivier-greif";1;0;1
"pascal-amoyel";1;0;1
"paul-hindemith";1;0;1
"symphonie-du-nouveau-monde";1;0;1
"commande-taxi";0;1;1
"course-taxi";0;1;1
"prix-taxi";0;1;1
"reservation-taxi";0;1;1
"tarif-taxi";0;1;1
"taxi-aeroport";0;1;1
"taxi-conventionne";0;1;1
"taxi-de-nuit";0;1;1
"taxi-dimanche";0;1;1
"taxi-jours-feries";0;1;1
"taxi-ouvert";0;1;1
"corrompus";0;1;1
"etatsunis";0;1;1
"garry";0;1;1
"jeuxolympiques";0;1;1
"lemierre";0;1;1
"posters";0;1;1
"russie";0;1;1
"scandales";0;1;1
"scientificdata";0;1;1
"seringue";0;1;1
"steroides";0;1;1
"steroidesanabolisants";0;1;1
"testoterone";0;1;1
"alexa";0;1;1
"amazon";0;1;1
"echo";0;1;1
"vocal";0;1;1
"tpe-pme-com";0;1;1
"cession-immobiliere";1;0;1
"go-06-2009";1;0;1
"ortho-couleur";1;0;1
"marine-nationale";1;0;1
"secmar";1;0;1
"snsm";1;0;1
"mvne";0;1;1
"mvno";0;1;1
"bi-flux";1;0;1
"biflux";1;0;1
"collecte-en-apport-volontaire";1;0;1
"envinet";1;0;1
"linge";1;0;1
"haskell";0;1;1
"sqlite3";0;1;1
"yesod";0;1;1
"la-sorbonne";0;1;1
"multimedia-interactif";0;1;1
"new-deal";1;0;1
"defecteurs";0;1;1
"paris2024";0;1;1
"perdants";0;1;1
"creation-demploi";1;0;1
"arret-physique";1;0;1
"restaurant-municipal";1;0;1
"methaniseur";1;0;1
"previsions-de-recrutement";1;0;1
"dplyr";0;1;1
"langage-r";0;1;1
"manipulation-de-donnees";0;1;1
"voip-ipbx-telephonie";1;0;1
"cabinets-de-recrutement";1;0;1
"http-eurovoc-europa-eu-100205";1;0;1
"usager";1;0;1
"creation-site-marchand";0;1;1
"creation-site-web";0;1;1
"chemin-de-fer-de-provence";1;0;1
"chouette";1;0;1
"points-arrets";1;0;1
"data-cadres";1;0;1
"marche-de-lemploi-cadre";1;0;1
"formats";1;0;1
"budget-annexes";1;0;1
"fonctionement";1;0;1
"belleville-sur-vie-85019";1;0;1
"brulon-72050";1;0;1
"chantonnay-85051";1;0;1
"cherre-72080";1;0;1
"evron-53097";1;0;1
"grez-en-bouere-53110";1;0;1
"l-ile-d-yeu-85113";1;0;1
"saint-jean-de-monts-85234";1;0;1
"venansault-85300";1;0;1
"avurnav";1;0;1
"cartgraphie";0;1;1
"jours-feries";1;0;1
"mvno-voip";0;1;1
"aide-en-nature";1;0;1
"atlantique-nord-est";1;0;1
"mer-noire";1;0;1
"outremer";1;0;1
"points-de-recharge";1;0;1
"base-de-population";1;0;1
"hors-ligne";0;1;1
"sam";1;0;1
"reseaux-4g";0;1;1
"bibliotheque-departementale";1;0;1
"bibliotheque-municipale";1;0;1
"centre-daide-par-le-travail";1;0;1
"deplacement-domicile-travail";1;0;1
"deux-roues-motorises";1;0;1
"dim";1;0;1
"dioxyde-de-souffre";1;0;1
"dispositif-dinstruction";1;0;1
"distribution-deau";1;0;1
"egalite-hommes-femme";1;0;1
"enseigne";1;0;1
"gymnastique";1;0;1
"habitat-ancien-degrade";1;0;1
"maison-dacceuil-specialisee";1;0;1
"manuels-scolaires";1;0;1
"particules-fine-pm-10";1;0;1
"profilage-dynamique";1;0;1
"radioactivite";1;0;1
"regroupement-decoles";1;0;1
"risque-sanitaires";1;0;1
"secours-durgence";1;0;1
"unite-pedagogique-dintegration";1;0;1
"aix";1;0;1
"alerte-attentat";0;1;1
"alerte-meteo";0;1;1
"alerte-pollution";0;1;1
"localiser";0;1;1
"proteger-ses-proches";0;1;1
"trouver-ses-amis";0;1;1
"feu-tricolore-rouge-vert-orange";1;0;1
"1955";1;0;1
"1985";1;0;1
"altimetrique";1;0;1
"altimetriques";1;0;1
"amenages";1;0;1
"antivol";1;0;1
"bas-cote";1;0;1
"boil";1;0;1
"boulodromes";1;0;1
"cc50";1;0;1
"cinquieme";1;0;1
"city";1;0;1
"clou";1;0;1
"clous";1;0;1
"conforme";1;0;1
"conique";1;0;1
"ctpo";1;0;1
"curiosite";1;0;1
"dapport";1;0;1
"darbre";1;0;1
"darpentage";1;0;1
"denfant";1;0;1
"dinteret";1;0;1
"disolation";1;0;1
"eco-jardin";1;0;1
"elagage";1;0;1
"epi";1;0;1
"extremite";1;0;1
"funiculaire";1;0;1
"goeland";1;0;1
"hameau";1;0;1
"historique-photo-prise";1;0;1
"hydronymie";1;0;1
"ign69";1;0;1
"jardinage";1;0;1
"l-123-1-5-7";1;0;1
"lambert";1;0;1
"lien";1;0;1
"lieudit";1;0;1
"locatif";1;0;1
"metrople";1;0;1
"multisport";1;0;1
"nidification";1;0;1
"octeville-sur-mer";1;0;1
"oronymie";1;0;1
"over";1;0;1
"participative";1;0;1
"patrimonial";1;0;1
"piquets";1;0;1
"planimetrique";1;0;1
"planimetriques";1;0;1
"polygonales";1;0;1
"positionnement";1;0;1
"recul";1;0;1
"rgf93";1;0;1
"sixieme";1;0;1
"skatepark";1;0;1
"spits";1;0;1
"sterilisation";1;0;1
"substitution";1;0;1
"topologique";1;0;1
"trapil";1;0;1
"venelle";1;0;1
"viaire";1;0;1
"vue-cliche-ortho-raster-image-orthophotoplan-prise";1;0;1
"vue-cliche-raster-image-prise";1;0;1
"abaisses";1;0;1
"chicane";1;0;1
"hangar";1;0;1
"localisant";1;0;1
"passages";1;0;1
"pietonnes";1;0;1
"sureleve";1;0;1
"traversees";1;0;1
"naissance-prenom";1;0;1
"avrille-49015";1;0;1
"jeu-a-13-rugby-championship-2018-toxiii";1;0;1
"lignieres-orgeres-53133";1;0;1
"mortagne-sur-sevre-85151";1;0;1
"riaille-44144";1;0;1
"coca-cola";1;0;1
"comite-regionaux-du-tourisme";1;0;1
"donnees-information-touristique";1;0;1
"2eme-cycle";1;0;1
"2nd-cycle";1;0;1
"capacites-daccueil";1;0;1
"derogatoire";1;0;1
"diplome-national";1;0;1
"diplome-national-de-master";1;0;1
"examen-de-dossier";1;0;1
"delegation";1;0;1
"grand-avignon";1;0;1
"simique";1;0;1
"zonage-sismique";1;0;1
"capacite-dequilibrage";1;0;1
"capacites-certifiees";1;0;1
"capacites-installees";1;0;1
"congestion-physique";1;0;1
"effacements";1;0;1
"encheres";1;0;1
"energie-dequilibrage";1;0;1
"epex-spot";1;0;1
"indisponibilites";1;0;1
"long-terme";1;0;1
"p2p";1;0;1
"pair-a-pair";1;0;1
"peer-to-peer";1;0;1
"pp1";1;0;1
"pp2";1;0;1
"reconciliation-temporelle";1;0;1
"reponse-graduee";1;0;1
"arret-logique";1;0;1
"demandeur-d-emploi";1;0;1
"beziers";1;0;1
"bmt";1;0;1
"bcae";1;0;1
"fishery";1;0;1
"species-distribution";1;0;1
"tableau-decoration";1;0;1
"gatso";1;0;1
"speedcam";1;0;1
"tableau-deco";1;0;1
"tableau-decoratif";1;0;1
"ou-habiter";0;1;1
"atd";1;0;1
"decisisons-de-justice";1;0;1
"pseudonymisation";1;0;1
"acide-chlorhydrique";1;0;1
"batteries";1;0;1
"cartouche-encre";1;0;1
"oxyde-soufre";1;0;1
"piraterie";0;1;1
"departement-71";1;0;1
"departement-de-saone-et-loire";1;0;1
"type-de-milieu";1;0;1
"8-et-9-decembre-2018";1;0;1
"modernisation-action-publique";1;0;1
"semaine-de-linnovation-publique";1;0;1
"cd29";1;0;1
"mancheouest";1;0;1
"vegetaux-marins";1;0;1
"cesure";1;0;1
"bougitude";0;1;1
"labougitude";0;1;1
"st-etienne";1;0;1
"mtes";1;0;1
"latin";1;0;1
"moyen-age";1;0;1
"activite-analytique";1;0;1
"coordonnees-laboratoire";1;0;1
"domaine-dactivite";1;0;1
"laboratoire-de-reference";1;0;1
"liste-des-laboratoires";1;0;1
"mesange";1;0;1
"opale";1;0;1
"saphir";1;0;1
"cen";1;0;1
"fonds-cen-pour-linitiative-solidaire";1;0;1
"plan-de-mobilite-entreprise";1;0;1
"neuilly";0;1;1
"conseil-quartier";1;0;1
"quartier-elu";1;0;1
"enseignement-et-international";1;0;1
"surveillance-qualite-de-lair";1;0;1
"matrice";1;0;1
"budgets-votes-general";1;0;1
"mandatu";1;0;1
"chirurgie-esthetique";0;1;1
"chirurgien-esthetique";0;1;1
"prothese-mammaire";0;1;1
"carte-strategique-air";1;0;1
"csa";1;0;1
"flex-grid";1;0;1
"valeur-limite";1;0;1
"pm-2-5";1;0;1
"pollution-atomospherique";1;0;1
"dioxyde-souffre";1;0;1
"affaires-juridiques";1;0;1
"pleumeleuc";1;0;1
"string";1;0;1
"location-bateau";0;1;1
"accompagnements-culinaires";1;0;1
"blockhaus";1;0;1
"faisceaux";1;0;1
"pi";1;0;1
"restaurants-scolaires";1;0;1
"rubrique";1;0;1
"tricolore";1;0;1
"vestige";1;0;1
"ail-violet";1;0;1
"dispositif-local";1;0;1
"espace-daccueil";1;0;1
"espace-jeunes";1;0;1
"point-information-jeunesse";1;0;1
"suresnes-information-jeunesse";1;0;1
"chronoplus";1;0;1
"hegobus";1;0;1
"smpba";1;0;1
"la-republique-en-marche";1;0;1
"larem";1;0;1
"audio";1;0;1
"autocars-conventionnes";1;0;1
"cahm";1;0;1
"culturelle";1;0;1
"diffusion-culture";1;0;1
"fiches-regionales-interactives";1;0;1
"home-office";1;0;1
"journees-du-patrimoine";1;0;1
"sdis-54";1;0;1
"voies-publiques-privees";1;0;1
"aide-sociale-facultative";1;0;1
"aides-aux-personnes-en-difficulte";1;0;1
"aquatique";1;0;1
"assistantes-maternelle";1;0;1
"sa013";1;0;1
"sa016";1;0;1
"sl008";1;0;1
"taxe-locale";1;0;1
"epfl";1;0;1
"loiret-maps";1;0;1
"baia";1;0;1
"bus-de-mer";1;0;1
"cobas";1;0;1
"documentation-communicable";1;0;1
"gujan-mestras";1;0;1
"klekoon";1;0;1
"la-teste-de-buch";1;0;1
"le-teich";1;0;1
"nausicaa";1;0;1
"tpmr";1;0;1
"versement-subventions";1;0;1
"autun";1;0;1
"citura";1;0;1
"grand-reims";1;0;1
"stationnement-pmr";1;0;1
"budget-municipal-2017";1;0;1
"caro";1;0;1
"petites-annonces";1;0;1
"rbus";1;0;1
"test-test";1;0;1
"citystade";1;0;1
"ephemeride";0;1;1
"fonds-unique-interministeriel";1;0;1
"fui";1;0;1
"centres-apec";1;0;1
"accouchement";1;0;1
"attribut";1;0;1
"aubette";1;0;1
"caveau";1;0;1
"celibat";1;0;1
"ciel";1;0;1
"confondu";1;0;1
"engouffrement";1;0;1
"extrait";1;0;1
"file";1;0;1
"fonctionnel";1;0;1
"forage";1;0;1
"handicap-mental";1;0;1
"handicap-moteur";1;0;1
"infra";1;0;1
"jonction";1;0;1
"leger";1;0;1
"livret";1;0;1
"materialisation";1;0;1
"materiau";1;0;1
"paniere";1;0;1
"parente";1;0;1
"planimetre";1;0;1
"profondeurs";1;0;1
"reducteur";1;0;1
"repetition";1;0;1
"sonor";1;0;1
"terre-mer";1;0;1
"ppr-mt";1;0;1
"cite-de-caractere";1;0;1
"cite-labellisee";1;0;1
"economie-de-la-peche";1;0;1
"patrimoine-rural";1;0;1
"pays-d-art-et-d-histoire";1;0;1
"peche-maritime";1;0;1
"ville-historique";1;0;1
"palette";0;1;1
"remorquage";1;0;1
"site-sportif";1;0;1
"sport-aerien";1;0;1
"treuil";1;0;1
"balise-meteo";1;0;1
"boomerang";1;0;1
"cerf-volant";1;0;1
"conditions-meteorologiques";1;0;1
"mesures-meteo";1;0;1
"sites-vol-libre";1;0;1
"competition-sportive";1;0;1
"bskyb";0;1;1
"sky-customer-service";0;1;1
"sky-tv-box";0;1;1
"demande-raccordement";1;0;1
"dlva";1;0;1
"manobus";1;0;1
"modalites";1;0;1
"transagglo";1;0;1
"espace-public-numerique";1;0;1
"hackerspace";1;0;1
"maison-de-services-au-public";1;0;1
"serrurier-fichet";1;0;1
"test-keyword";0;1;1
"number";0;1;1
"samsung";0;1;1
"santander";0;1;1
"virgin-media";0;1;1
"vodafone";0;1;1
"diagnostic-energetique";1;0;1
"reglementation-thermique";1;0;1
"reseau-routier-national-nc";1;0;1
"rrnnc";1;0;1
"chiffres-daffaires";1;0;1
"brie-francilienne";1;0;1
"marne-et-chantereine";1;0;1
"val-maubuee";1;0;1
"annexe-budgetaire";1;0;1
"jeu-a-13";1;0;1
"sky-box-office";0;1;1
"sky-customer-care";0;1;1
"sky-movies";0;1;1
"sky-packages";0;1;1
"sky-services";0;1;1
"sky-sports";0;1;1
"sky-tv-deal";0;1;1
"patronymes";1;0;1
"localisation-du-transport";1;0;1
"reseau-67";1;0;1
"operateurs-de-l-etat";1;0;1
"communes-de-la-casa";1;0;1
"emprise-de-la-casa";1;0;1
"limites-des-communes-de-la-casa";1;0;1
"perimetre-de-la-casa";1;0;1
"lieux-daisance-public";1;0;1
"batiment-neuf";1;0;1
"etude-thermique";1;0;1
"ope";1;0;1
"performances-energetiques";1;0;1
"rset";1;0;1
"rt2012";1;0;1
"additif-alimentaire";0;1;1
"additifs";0;1;1
"colorant";0;1;1
"conservateur";0;1;1
"exhausteur-de-gout";0;1;1
"zonage-immobilier";1;0;1
"frais-de-location";1;0;1
"calcul-indemnites";1;0;1
"conseil-de-prudhommes";1;0;1
"dommages-interets";1;0;1
"indemnites-prudhomales";1;0;1
"montant-maximum";1;0;1
"bilan-ges";1;0;1
"efficacite-energetique";1;0;1
"eie";1;0;1
"espaces-info-energie";1;0;1
"capacite-reglementaire";1;0;1
"ratio-de-collecte";1;0;1
"famillial";1;0;1
"reemploi-recyclage";1;0;1
"ordonnance";1;0;1
"projet-loi";1;0;1
"proposition-loi";1;0;1
"texte-legislatif";1;0;1
"accessoire-de-sport";0;1;1
"madinsport";0;1;1
"madinsport-com";0;1;1
"agglomeration-troyenne";1;0;1
"grand-troyes";1;0;1
"tcat";1;0;1
"prix-ht";1;0;1
"prix-ttc";1;0;1
"zonage-commune";1;0;1
"bareme-fiscal";1;0;1
"droit-d-habitation";1;0;1
"droit-d-usage";1;0;1
"nue-proprietaire";1;0;1
"nue-propriete";1;0;1
"usufruit";1;0;1
"usufruitier";1;0;1
"enigme";0;1;1
"coefficient-sn";1;0;1
"ail-de-cadours";1;0;1
"directeur";1;0;1
"fresques";1;0;1
"label-zero-dechet";1;0;1
"lieu-de-naissance";1;0;1
"sentinel-2";1;0;1
"serie-temporelle";1;0;1
"tableau-contemporain";1;0;1
"tableau-moderne";1;0;1
"mnh";1;0;1
"ulm";1;0;1
"bois-dechiquete";1;0;1
"bois-en-fin-de-vie";1;0;1
"boue";1;0;1
"boue-urbaine";1;0;1
"buche";1;0;1
"canne-de-mais";1;0;1
"chauffage-au-bois";1;0;1
"consommation-domestique";1;0;1
"granule";1;0;1
"industrie-agro-alimentaire";1;0;1
"menue-paille";1;0;1
"paille-de-cereale";1;0;1
"paille-de-colza";1;0;1
"transformation-du-bois";1;0;1
"conseils-quartiers";1;0;1
"centres-de-formation";1;0;1
"imsi";1;0;1
"msisdn";1;0;1
"otarie";1;0;1
"autorisations-dexercice";1;0;1
"profession-de-sante";1;0;1
"carte-cpf";1;0;1
"carte-cps";1;0;1
"fourrages";1;0;1
"gel-industriel";1;0;1
"legumineuses";1;0;1
"plantes-a-parfum";1;0;1
"carif";1;0;1
"causses-du-quercy";1;0;1
"dath";1;0;1
"deuillabarre";1;0;1
"grands-causses";1;0;1
"graus";1;0;1
"haut-languedoc";1;0;1
"incident";1;0;1
"interregionnal";1;0;1
"mesures-de-rentree";1;0;1
"pet-r";1;0;1
"pyrenee";1;0;1
"pyrenees-ariegeoises";1;0;1
"pyrenees-catalanes";1;0;1
"saintbricesousforet";1;0;1
"saintgratien";1;0;1
"saintprix";1;0;1
"soisysousmontmorency";1;0;1
"sud-de-france";1;0;1
"thermale";1;0;1
"voirie-communautaire";1;0;1
"collaborateur";1;0;1
"responsabilite-societale-entreprise-rse";1;0;1
"grand-annecy";1;0;1
"interurbains";1;0;1
"sibra";1;0;1
"secours-a-personne";1;0;1
"assurance-sant";1;0;1
"gagny";0;1;1
"biviers";1;0;1
"montbonnot-saint-martin";1;0;1
"mezieres-sur-couesnon";1;0;1
"plabennec";1;0;1
"bourg-blanc";1;0;1
"breles";1;0;1
"landevennec";1;0;1
"landunvez";1;0;1
"lanildut";1;0;1
"plomodiern";1;0;1
"ploudaniel";1;0;1
"plouguin";1;0;1
"pludalmezeau";1;0;1
"lesneven";1;0;1
"gouezec";1;0;1
"lambezellec";1;0;1
"crozon";1;0;1
"biot";1;0;1
"clichy-sous-bois";1;0;1
"contes";1;0;1
"la-crau";1;0;1
"la-farlede";1;0;1
"la-garde";1;0;1
"la-valette-du-var";1;0;1
"le-pradet";1;0;1
"sollies-pont";1;0;1
"traces-de-soldat";1;0;1
"ancemont";1;0;1
"chalons-du-maine";1;0;1
"pre-en-pail";1;0;1
"bonneuil-sur-marne";0;1;1
"grand-albigeois";1;0;1
"bron";1;0;1
"jpeg";1;0;1
"la-falede";1;0;1
"montbonnod-saint-martin";1;0;1
"manosque";0;1;1
"pre-en-pail-saint-samson";0;1;1
"arrets-bus";1;0;1
"envibus";1;0;1
"reseau-de-transports";1;0;1
"reseau-transport";1;0;1
"salaries-agricoles";1;0;1
"demographie-et-population-autres";1;0;1
"quiumper";0;1;1
"territoire-de-la-casa";1;0;1
"bonnemain";0;1;1
"augmentation";0;1;1
"bourbarre";0;1;1
"agences-bpaca";1;0;1
"ccoworking-tiers-lieux-bureaux-partages";1;0;1
"direction-achats-etat";1;0;1
"marches-publics-gouv-fr";1;0;1
"programmation-des-achats-de-letat";1;0;1
"mont-sous-vaudrey";0;1;1
"memorialgenweb";1;0;1
"loi-de-financement-de-la-securite-sociale";1;0;1
"agro-meteorologie";0;1;1
"referendum-2018";1;0;1
"projet-d-amenagement";1;0;1
"soldat";0;1;1
"actualites-assurance";0;1;1
"asurances";0;1;1
"1939";1;0;1
"68100";1;0;1
"68200";1;0;1
"csp-categorie-socio-professionnelle";1;0;1
"demande-demploi";1;0;1
"enterre";1;0;1
"essieu";1;0;1
"eurovelo";1;0;1
"funeraire";1;0;1
"gi";1;0;1
"israelite";1;0;1
"jardin-denfants";1;0;1
"jc-decaux";1;0;1
"loisrs";1;0;1
"morris";1;0;1
"parking-couvert";1;0;1
"prostestant";1;0;1
"ptac";1;0;1
"qp";1;0;1
"restreinte";1;0;1
"sapeurs-pompiers";1;0;1
"socail";1;0;1
"solea";1;0;1
"spaeurs-pompiers";1;0;1
"tram-train";1;0;1
"vacant";1;0;1
"velocite";1;0;1
"monuments-aux-morts";0;1;1
"communaute-urbaine-cresusot-montceau";1;0;1
"le-creusot";1;0;1
"rabais";1;0;1
"reduction-prix";1;0;1
"remise";1;0;1
"ristourne";1;0;1
"taux-reduction";1;0;1
"salles-de-sport";1;0;1
"usine";1;0;1
"allocation-detude";1;0;1
"cabinet-de-consultation";1;0;1
"capitainerie";1;0;1
"concentration-de-polluants";1;0;1
"consommation-deau";1;0;1
"contribuables";1;0;1
"courbe-de-charge";1;0;1
"courriel";1;0;1
"dms";1;0;1
"dolmen";1;0;1
"email";1;0;1
"etablissement-administratif";1;0;1
"grange";1;0;1
"habitation-troglodytique";1;0;1
"lieu-dit-habite";1;0;1
"lieu-dit-non-habite";1;0;1
"m2-5";1;0;1
"mail";1;0;1
"refuge";1;0;1
"relation-ecole-vie-professionnelle";1;0;1
"rodp";1;0;1
"ruine";1;0;1
"syndicat-dinitiative";1;0;1
"tombeau";1;0;1
"transport-aerien-et-spatial";1;0;1
"xylella";1;0;1
"reqgi";1;0;1
"maison-darret";1;0;1
"laboratoire-danalyse";0;1;1
"lbm";0;1;1
"residence-appartement";1;0;1
"residence-service";1;0;1
"depassements";1;0;1
"episode";1;0;1
"druelle-balsac";1;0;1
"le-monastere";1;0;1
"luc-la-primaube";1;0;1
"olemps";1;0;1
"onet-le-chateau";1;0;1
"rubanbleu";1;0;1
"sainte-radegonde";1;0;1
"sebazac-concoures";1;0;1
"pays-compiegnois";1;0;1
"esc";1;0;1
"aromatiques";1;0;1
"huiles-essentielles";1;0;1
"lavande";1;0;1
"lavandin";1;0;1
"medicinales";1;0;1
"plantes-a-parfums";1;0;1
"ppam";1;0;1
"isolat";1;0;1
"renov";1;0;1
"thermo";1;0;1
"enseignement-maritime";1;0;1
"marin";1;0;1
"stcw95";1;0;1
"titres-de-qualification";1;0;1
"dul";1;0;1
"lettre-dinformation-regionale";1;0;1
"paz";1;0;1
"formations-maritimes";1;0;1
"gens-de-mer";1;0;1
"agence-de-l-eau";1;0;1
"agende-de-l-eau";1;0;1
"aerogenerateur";1;0;1
"mortagne";1;0;1
"srcae";1;0;1
"harpagophytum";0;1;1
"violences";1;0;1
"fons";1;0;1
"labegude";1;0;1
"lachapelle-sous-aubenas";1;0;1
"lavilledieu";1;0;1
"saint-didier-sous-aubenas";1;0;1
"saint-etienne-de-fontbellon";1;0;1
"saint-privat";1;0;1
"ucel";1;0;1
"vals-les-bains";1;0;1
"vesseaux";1;0;1
"ressource-humaine";1;0;1
"service-exploitant";1;0;1
"alimentation-infantile";1;0;1
"reseau-wiiiz";1;0;1
"le-figaro";0;1;1
"fig-data";0;1;1
"sgsdn";1;0;1
"zipva";1;0;1
"superchargers";0;1;1
"familles-monoparentales";1;0;1
"ut";1;0;1
"materiel-sport";0;1;1
"montre-gps-de-sport-store";0;1;1
"montre-gps-multisport-store";0;1;1
"france-strategie";0;1;1
"numerique-inclusif";0;1;1
"vendome";1;0;1
"troyes-champagne-metropole";1;0;1
"thonon";1;0;1
"proximiti";1;0;1
"valleedelarve";1;0;1
"acso";1;0;1
"bauvais";1;0;1
"beauvaisis";1;0;1
"chantilly";1;0;1
"compiegne";1;0;1
"creil";1;0;1
"crepy-en-valois";1;0;1
"sablons";1;0;1
"senlis";1;0;1
"sitcac";1;0;1
"tus";1;0;1
"stage-recuperation-point";0;1;1
"la-tour";1;0;1
"braderies";1;0;1
"weppes";1;0;1
"tweets";1;0;1
"cuisine-centrale";1;0;1
"ddt-09";1;0;1
"ddt-12";1;0;1
"ddt-31";1;0;1
"ddt-32";1;0;1
"ddt-65";1;0;1
"ddt-82";1;0;1
"ddtm-30";1;0;1
"eau-souterraines-nappes-d-eau";1;0;1
"transport-caen";1;0;1
"twisto";1;0;1
"adduction-deau-potable-aep";1;0;1
"aep-syndicat-gestion-deau";1;0;1
"agneau-daveyron";1;0;1
"aires-daccueil";1;0;1
"aires-dalimentation-des-captages";1;0;1
"bande-dutilite-publique";1;0;1
"bassin-depuration";1;0;1
"centre-dexamen";1;0;1
"citergie";1;0;1
"contrat-dagriculture-durabl";1;0;1
"contrat-local-dinitiative-climat";1;0;1
"distirbution-denergie";1;0;1
"documents-durnanisme";1;0;1
"eau-souterraines-nappes-deau";1;0;1
"effluents-delevage";1;0;1
"etat-davancement-des-procedures";1;0;1
"gestion-cours-deau";1;0;1
"interdiction-dacces";1;0;1
"legislation-de-lenvironnement";1;0;1
"lile-dyeu-85113";1;0;1
"office-de-leau";1;0;1
"operations-dinteret";1;0;1
"operations-dinteret-general";1;0;1
"oxydes-dazote";1;0;1
"parc-dactivite";1;0;1
"pays-dart-et-dhistoire";1;0;1
"perimetre-daction";1;0;1
"plan-dalignement";1;0;1
"plan-damenagement";1;0;1
"plan-dexposition-bruit";1;0;1
"plans-daction-territorial";1;0;1
"plu-plan-local-durbanisme";1;0;1
"point-deau";1;0;1
"police-de-leau";1;0;1
"politique-de-lespace";1;0;1
"pos-plan-doccupation-des-sols";1;0;1
"procedure-durbanisme";1;0;1
"programme-dactions-de-prevention";1;0;1
"programmes-locaux-de-lhabitat";1;0;1
"protection-des-niveaux-deau";1;0;1
"qualite-pollution-de-leau";1;0;1
"reseaux-transport-denergie";1;0;1
"risque-sur-la-qualite-de-leau";1;0;1
"risques-important-dinondation";1;0;1
"saint-barthelemy-danjou-49267";1;0;1
"saint-chely-dapcher";1;0;1
"saint-julien-darpaon";1;0;1
"sol-sature-engorge-deau";1;0;1
"source-denergie";1;0;1
"zone-protegee-de-captage-deau";1;0;1
"zones-deffets";1;0;1
"agence-de-leau";1;0;1
"agence-durbanisme";1;0;1
"agende-de-leau";1;0;1
"bassin-dhabitat";1;0;1
"bassins-dorage";1;0;1
"borne-dentree";1;0;1
"cale-de-mise-a-leau";1;0;1
"captage-deau-potable";1;0;1
"champ-depandage";1;0;1
"chateau-deau";1;0;1
"conduite-dalimentation";1;0;1
"coupure-durbanisation";1;0;1
"cournon-dauvergne";1;0;1
"cours-deau-conditionnalite";1;0;1
"droit-dacces";1;0;1
"etang-dalimentation";1;0;1
"ouvrage-de-retenue-deau";1;0;1
"plan-local-durbanisme-plu-pos";1;0;1
"plans-particuliers-dintervention";1;0;1
"pointe-de-penmarch";1;0;1
"ponton-dattente";1;0;1
"pret-locatif-aide-dintegration";1;0;1
"programmes-dinteret-general";1;0;1
"protection-de-leau";1;0;1
"rejet-deaux-usees";1;0;1
"reseau-dadduction-deau-potable";1;0;1
"reseau-deaux-usees";1;0;1
"reservoir-deau";1;0;1
"rigole-dalimentation";1;0;1
"risque-dinondation";1;0;1
"schema-directeur-damenagement";1;0;1
"schema-durbanisation";1;0;1
"site-de-production-denergie";1;0;1
"site-demission";1;0;1
"strategie-dagglomeration";1;0;1
"temperature-de-lair";1;0;1
"traitement-de-leau-potable";1;0;1
"transport-deau";1;0;1
"zone-damenagement-differe";1;0;1
"zone-dativite";1;0;1
"zone-denvironnement-protege";1;0;1
"zone-dintervention-fonciere";1;0;1
"zones-dactivites-economiques";1;0;1
"cah";1;0;1
"communaute-dagglomeration-de-haguenau";1;0;1
"haguenau";1;0;1
"ritmo";1;0;1
"fme";0;1;1
"dechets-industriels";1;0;1
"eaux-potables";1;0;1
"medicaux-et-paramedicaux";1;0;1
"reseaux-electriques";1;0;1
"brumath";1;0;1
"schweighouse-sur-moder";1;0;1
"sant";0;1;1
"2100-pprl-sevre-niortaise";1;0;1
"agro-environnementale";1;0;1
"alea-submersion-par-debordement";1;0;1
"aleas-ppri-lay-aval";1;0;1
"bdalti";1;0;1
"canaux-riviere";1;0;1
"carte-de-bruit";1;0;1
"cizi";1;0;1
"donnees-non-diffusables";1;0;1
"enquete-global-transport";1;0;1
"etiquettes";1;0;1
"falaises";1;0;1
"gazoducs";1;0;1
"geoide-carto";1;0;1
"glissements-de-terrains";1;0;1
"informations-annexes";1;0;1
"intercomunalitees";1;0;1
"marchabilite";1;0;1
"marche-a-pied";1;0;1
"marine";1;0;1
"mer-littoral-chasse-maritime";1;0;1
"n-assiette-servitude";1;0;1
"panneaux-routiers";1;0;1
"plan-communal-de-sauvegarde";1;0;1
"plinification";1;0;1
"pm-1-bis";1;0;1
"pprf";1;0;1
"protection-crue";1;0;1
"ressources-nuisances";1;0;1
"retention-crue";1;0;1
"rgealti";1;0;1
"rhone-gaz";1;0;1
"servitude-assiette";1;0;1
"zonage-aveyron";1;0;1
"zones-agricoles-protegees";1;0;1
"afa";1;0;1
"appietto";1;0;1
"cephalopodes";1;0;1
"conservation-des-oiseaux";1;0;1
"estran";1;0;1
"gabions";1;0;1
"giessen";1;0;1
"lnc";1;0;1
"pdpfci";1;0;1
"terrain-daccueil";1;0;1
"zone-daptitude";1;0;1
"zone-reg-ppri";1;0;1
"cud";1;0;1
"dk-bus";1;0;1
"dkbus";1;0;1
"1975";1;0;1
"94-tonnes";1;0;1
"exceptionnel";1;0;1
"generateurs";1;0;1
"gers-amont";1;0;1
"gestion-foret";1;0;1
"groupe-socio-culturel";1;0;1
"hydrographiques";1;0;1
"lna";1;0;1
"nord-arrats";1;0;1
"orientation-forestiere";1;0;1
"pertuis";1;0;1
"plan-de-degagement";1;0;1
"recul-trait-de-cote";1;0;1
"scene";1;0;1
"transports-deplacement";1;0;1
"voies-publiques";1;0;1
"aire-dalimentation-captages";1;0;1
"bassin-arcachon";1;0;1
"combeaute";1;0;1
"el-9";1;0;1
"mossig";1;0;1
"mvt";1;0;1
"non-domanial";1;0;1
"patrimoine-archtectural";1;0;1
"patrimoine-urbain";1;0;1
"predateur";1;0;1
"rgcs";1;0;1
"schema-des-carrieres";1;0;1
"syndicats-de-pays";1;0;1
"terrain-inonde";1;0;1
"tortues";1;0;1
"animaux-nuisibles";1;0;1
"piso";1;0;1
"plan-intemperies";1;0;1
"zone-reglemntaire";1;0;1
"zone-sismique";1;0;1
"loi-28-fevrier-2012";1;0;1
"memorial";1;0;1
"angoumois";1;0;1
"bolinche";1;0;1
"chasses";1;0;1
"cidres";1;0;1
"conservation-faune-flore";1;0;1
"cynegetiques";1;0;1
"eaux-superficielles";1;0;1
"emprise-072";1;0;1
"isbergues";1;0;1
"lignes-de-base";1;0;1
"ouvrage-hydrolique";1;0;1
"palourde";1;0;1
"parcs-ostreicoles";1;0;1
"protection-troupeau";1;0;1
"recharges-electriques";1;0;1
"risque-zones-a-risque-naturel";1;0;1
"sentier-du-littoral";1;0;1
"transport-denergie";1;0;1
"zone-economique-exclusive";1;0;1
"120-tonnes";1;0;1
"arrats";1;0;1
"carte-strategique-de-bruit";1;0;1
"ddtm-33";1;0;1
"forets-de-protection";1;0;1
"ogon-basse-vallee";1;0;1
"pecheries";1;0;1
"perimetres-de-protection";1;0;1
"pm-4";1;0;1
"pprl-baie-de-bourgneuf-aleas";1;0;1
"biche";1;0;1
"gestionnaire-130009434";1;0;1
"igg";1;0;1
"lure";1;0;1
"servitudes-t-1";1;0;1
"transport-exceptionnel";1;0;1
"bords-de-route";1;0;1
"brains-sur-les-marches";1;0;1
"chemins-de-halage";1;0;1
"courcite";1;0;1
"fauchages-tardifs";1;0;1
"hardanges";1;0;1
"le-buret";1;0;1
"nuille-sur-vicoin";1;0;1
"saint-brice";1;0;1
"saint-jean-sur-erve";1;0;1
"saint-loup-du-gast";1;0;1
"saint-mars-du-desert";1;0;1
"saint-martin-de-connee";1;0;1
"saint-ouen-des-toits";1;0;1
"saint-pierre-des-nids";1;0;1
"saint-pierre-la-cour";1;0;1
"saint-pierre-sur-erve";1;0;1
"sainte-suzanne";1;0;1
"talus-routiers";1;0;1
"vautorte";1;0;1
"vieuvy";1;0;1
"villepail";1;0;1
"voutre";1;0;1
"herbus";1;0;1
"ldc";1;0;1
"pluis-plu-pos-sudocuh";1;0;1
"texte";1;0;1
"avicca";1;0;1
"l33-13";1;0;1
"rtu";1;0;1
"opendata-analytics";0;1;1
"outsourcing-de-la-connaissance";0;1;1
"bus-carcassonne-rtca";1;0;1
"rtca";1;0;1
"aleas-pprl-talmondais";1;0;1
"gisements";1;0;1
"glissements";1;0;1
"loue";1;0;1
"porto-vecchio";1;0;1
"regions-agricoles";1;0;1
"sotta";1;0;1
"talmont-sur-gironde";1;0;1
"tectonique";1;0;1
"aze";1;0;1
"b-11";1;0;1
"b-13";1;0;1
"beaulieu-sur-oudon";1;0;1
"brece";1;0;1
"bree";1;0;1
"canrad-marin";1;0;1
"capbreton";1;0;1
"chateau-gontier";1;0;1
"chevaigne-du-maine";1;0;1
"commer";1;0;1
"coudray";1;0;1
"couesmes-vauce";1;0;1
"daon";1;0;1
"demande-contrat-cad";1;0;1
"desertines";1;0;1
"eider";1;0;1
"ernee";1;0;1
"gorron";1;0;1
"gouf";1;0;1
"hierarchie";1;0;1
"houssay";1;0;1
"ize";1;0;1
"la-baconniere";1;0;1
"la-boissiere";1;0;1
"laigne";1;0;1
"largeurs-limitees";1;0;1
"levare";1;0;1
"lhuisserie";1;0;1
"madre";1;0;1
"montsurs";1;0;1
"ognon-est";1;0;1
"olivet";1;0;1
"parigne-sur-braye";1;0;1
"perimetre-de-transports-urbains";1;0;1
"pontmain";1;0;1
"pprl-aiguillon-sur-mer-enjeux";1;0;1
"preaux";1;0;1
"saint-aubin-du-desert";1;0;1
"saint-cenere";1;0;1
"saint-ellier-du-maine";1;0;1
"saint-georges-sur-erve";1;0;1
"saint-germain-le-fouilloux";1;0;1
"saint-martin-du-limet-mayenne";1;0;1
"saint-pierre-des-landes";1;0;1
"sainte-gemmes-le-robert";1;0;1
"saulges";1;0;1
"secteur-dirrigation";1;0;1
"soulge-sur-ouette";1;0;1
"suivi-espece";1;0;1
"tonnages-limites";1;0;1
"urbanisation-limitee";1;0;1
"zone-exposee-aux-risques";1;0;1
"zone-reglementaire";1;0;1
"sankeo";1;0;1
"bal85";1;0;1
"unite-localisee-pour-linclusion-scolaire";1;0;1
"educatio";1;0;1
"petons";1;0;1
"batie";1;0;1
"chalut-pelagique";1;0;1
"consommation-fonciere";1;0;1
"esm";1;0;1
"rochebonne";1;0;1
"servitude-publique";1;0;1
"amenagement-de-rivieres";1;0;1
"boutonne";1;0;1
"croda-uniquema";1;0;1
"eau-usees";1;0;1
"eco-quartier";1;0;1
"point-de-captage";1;0;1
"polmar";1;0;1
"stations-depurations";1;0;1
"zonages-reglementaires-pprn";1;0;1
"zone-agricole-protegee";1;0;1
"zones-de-bruit";1;0;1
"chalutage";1;0;1
"environnement-paysage";1;0;1
"mouvement-de-terrains";1;0;1
"qualite-eaux";1;0;1
"risque-tehnologique";1;0;1
"scre";1;0;1
"chlore";0;1;1
"72-tonnes";1;0;1
"alose";1;0;1
"annexe-3-zones-a-risque-naturel";1;0;1
"bail-de-peche";1;0;1
"baretous";1;0;1
"baux-de-peche";1;0;1
"boeuf-du-maine";1;0;1
"camembert-de-normandie";1;0;1
"climats-de-bourgogne";1;0;1
"ddt-67";1;0;1
"deplacement-espece";1;0;1
"forets-classees";1;0;1
"lisieres";1;0;1
"massifs-forestiers";1;0;1
"peche-accidentelle";1;0;1
"petite-region-fourragere";1;0;1
"plan-paysage";1;0;1
"plan-prorgamme";1;0;1
"ppri-lay-aval-cote-de-reference";1;0;1
"servitutes";1;0;1
"vallee-aspe";1;0;1
"zone-de-cantonnement";1;0;1
"zones-actions-renforcees";1;0;1
"zones-de-surveillance";1;0;1
"budget-ouvert";0;1;1
"bureau-ouvert";0;1;1
"fitre";0;1;1
"reseau-deau";0;1;1
"barat";1;0;1
"conca";1;0;1
"juliard";1;0;1
"lamouroux";1;0;1
"limite-dpm";1;0;1
"magasin-a-poudre-et-explosifs";1;0;1
"saint-ouen";1;0;1
"scan-25";1;0;1
"securite-aeronef";1;0;1
"zic";1;0;1
"zones-dinondation-constatees";1;0;1
"zones-reglementees-dun-pprn";1;0;1
"drassm";1;0;1
"gonflement-argiles";1;0;1
"ille-et-vilaine-35";1;0;1
"loir";1;0;1
"manche-50";1;0;1
"polder";1;0;1
"polderisations";1;0;1
"matplotlib";0;1;1
"script";0;1;1
"cs-classement-sonore";1;0;1
"emission-reception";1;0;1
"emprise-41";1;0;1
"expertises";1;0;1
"masses-deau";1;0;1
"non-cours-deau";1;0;1
"troncons-hydrologiques";1;0;1
"zre";1;0;1
"ab-6";1;0;1
"ab-7";1;0;1
"aires-darret";1;0;1
"ampoigne";1;0;1
"b-12";1;0;1
"b-15-c-18";1;0;1
"bruche";1;0;1
"carrefours-giratoires";1;0;1
"centre-instructeur";1;0;1
"chantrigne";1;0;1
"chemin-du-halage";1;0;1
"circulations-alternees";1;0;1
"conservation-oiseaux";1;0;1
"hauteurs-limitees";1;0;1
"id-gaspar";1;0;1
"installation-classe";1;0;1
"largeurs";1;0;1
"mja";1;0;1
"montourtier";1;0;1
"moyennes-journalieres-annuelles";1;0;1
"perimetre-pprl-sevre-niortaise";1;0;1
"ponctuel";1;0;1
"poubelles";1;0;1
"radars-automatiques";1;0;1
"ronds-points";1;0;1
"routes-a-priorite-ponctuelle";1;0;1
"routes-prioritaires";1;0;1
"tables-pique-nique";1;0;1
"trafics-routiers";1;0;1
"vallee-de-la-liane";1;0;1
"vitesses-limitees";1;0;1
"zone-de-protection-speciale";1;0;1
"numero-voirie";1;0;1
"poire";1;0;1
"prelevements-deau";1;0;1
"ressources-en-eau";1;0;1
"rhinoplastie";0;1;1
"tunisie";0;1;1
"annexe-3-usage-des-sols";1;0;1
"bois-rond";1;0;1
"cartographie-des-cours-deau";1;0;1
"complete-fat-decimator-system";1;0;1
"fat-decimator-diet";1;0;1
"fat-decimator-diet-plan";1;0;1
"fat-decimator-diet-plan-free";1;0;1
"fat-decimator-diet-plan-free-download";1;0;1
"fat-decimator-diet-reviews";1;0;1
"fat-decimator-program";1;0;1
"fat-decimator-review";1;0;1
"fat-decimator-system-amazon";1;0;1
"fat-decimator-system-book";1;0;1
"fat-decimator-system-by-wes-virgin";1;0;1
"fat-decimator-system-ebook";1;0;1
"fat-decimator-system-pdf";1;0;1
"fat-decimator-system-recipe";1;0;1
"fat-decimator-system-review";1;0;1
"fat-decimator-wesley-virgin";1;0;1
"forestier";1;0;1
"hydrographies";1;0;1
"information-ponctuelle";1;0;1
"installations-gaz";1;0;1
"kyle-coopers-fat-decimator-system-review";1;0;1
"livarot";1;0;1
"plan-programme";1;0;1
"pommeau";1;0;1
"pprl-aiguillon-enjeux";1;0;1
"sainte-livrade";1;0;1
"save";1;0;1
"servitude-assiette-el-9";1;0;1
"seugne";1;0;1
"valeurs-nutritionelles";1;0;1
"valeurs-nutritives";1;0;1
"vtc";1;0;1
"zone-redynamisation-urbaine";1;0;1
"annexe-1-hydrographie";1;0;1
"garons";1;0;1
"cmag";1;0;1
"ar-2";1;0;1
"contrats-cad";1;0;1
"limite-de-salure-des-eaux";1;0;1
"limite-inscription-maritime";1;0;1
"ortho-2015";1;0;1
"pm-1-2016-11-09";1;0;1
"pprl-aiguillon-sur-mer-zonage";1;0;1
"risques-technlogiques";1;0;1
"sup-2016";1;0;1
"vues-areriennes";1;0;1
"artechnology";1;0;1
"metadata";1;0;1
"aleas-pprl-sevre-niortaise-ppr";1;0;1
"avantageux";1;0;1
"epargants";1;0;1
"epargnants";1;0;1
"fcp";1;0;1
"instabilite";1;0;1
"marche-boursier";1;0;1
"natixis-investement-managers-internaional";1;0;1
"rentabi";1;0;1
"sicav";1;0;1
"uc";1;0;1
"minitel";0;1;1
"accidents-mortels";1;0;1
"actions-complementaires";1;0;1
"deodatie";1;0;1
"eboulis";1;0;1
"phoques";1;0;1
"reposoir";1;0;1
"servitudes-de-passage";1;0;1
"sup-a-4";1;0;1
"telepherique";1;0;1
"eaux-uses";1;0;1
"infrastucture";1;0;1
"outdoor";1;0;1
"sans-fil";1;0;1
"culturepatrimoine";1;0;1
"sousquartiers";1;0;1
"donnee-publique";0;1;1
"ouverture-des-donnees";0;1;1
"portrait-de-territoire";0;1;1
"alea-inondation";1;0;1
"auroux";1;0;1
"chastanier";1;0;1
"cheylard-leveque";1;0;1
"fontanes";1;0;1
"hass";1;0;1
"langogne";1;0;1
"luc";1;0;1
"naussac";1;0;1
"plans-deau";1;0;1
"risque-constructions-et-ouvrages";1;0;1
"rocles";1;0;1
"saint-flour-de-mercoire";1;0;1
"systeme-depuration";1;0;1
"unites-paysageres";1;0;1
"zonage-pprl-sevre-niortaise";1;0;1
"ouverture-a-lurbanisation";1;0;1
"pacte-de-relance";1;0;1
"qqpv";1;0;1
"cessible";1;0;1
"equipements-numeriques";1;0;1
"zone-dactivite-dinteret-communautaire";1;0;1
"rencesement";1;0;1
"battues-administratives";1;0;1
"abri-bus";1;0;1
"aumonerie";1;0;1
"banquehydro";1;0;1
"destinations";1;0;1
"equipement-social";1;0;1
"feuillu";1;0;1
"fleche";1;0;1
"foyer-social";1;0;1
"loi-biodiversite";1;0;1
"maison-de-convalescence";1;0;1
"mesures-erc";1;0;1
"mosquees";1;0;1
"pergolas";1;0;1
"personnes-ages";1;0;1
"portique";1;0;1
"potence";1;0;1
"range-velo";1;0;1
"registre-commerce-et-des-societes";1;0;1
"registre-commerce-et-societe";1;0;1
"ruelle";1;0;1
"signalisation-routiere";1;0;1
"skate-parc";1;0;1
"synagogues";1;0;1
"temples-protestant";1;0;1
"zone-commerciale";1;0;1
"pabn";1;0;1
"penn-ar-bed-numerique";1;0;1
"neural-network";0;1;1
"dauphine-libere";0;1;1
"autoproduction";1;0;1
"pompe-a-chaleur";1;0;1
"carte-jeune";1;0;1
"label-numerique";1;0;1
"biological-environment-habitats";1;0;1
"emprise-30034";1;0;1
"gestionnaire-11006701400032";1;0;1
"n-tr-exceptionnel";1;0;1
"saintes";1;0;1
"surface-forestiere";1;0;1
"transport-exeptionnel";1;0;1
"demenager";0;1;1
"pas-cher";0;1;1
"rifseep";1;0;1
"qbo";1;0;1
"millenial";0;1;1
"obseques";0;1;1
"telefilm";1;0;1
"bassins-gestion";1;0;1
"franchissement";1;0;1
"moyenne-vallee-amont";1;0;1
"zones-de-non-traitement-znt";1;0;1
"adduction-eaux-potables";1;0;1
"intercommunalitees";1;0;1
"origine-pprl-sevre-niortaise";1;0;1
"peuplement-forestier";1;0;1
"prise-deau";1;0;1
"resineux";1;0;1
"vallats";1;0;1
"ispagnac";1;0;1
"la-malene";1;0;1
"laval-du-tarn";1;0;1
"les-vignes";1;0;1
"montbrun";1;0;1
"quezac";1;0;1
"saint-georges-de-levejac";1;0;1
"saint-rome-de-dolan";1;0;1
"sainte-enimie";1;0;1
"salicornes";1;0;1
"vegetation-sauvage";1;0;1
"ouvrage-dassainissement";1;0;1
"information-surfacique";1;0;1
"culture-et-loisirs";1;0;1
"espace-nautique";1;0;1
"espaces-publics";1;0;1
"grandrieu";1;0;1
"la-bastide-puylaurent";1;0;1
"laval-atger";1;0;1
"pierrefiche";1;0;1
"st-bonnet-de-montauroux";1;0;1
"speedtest";1;0;1
"48-tonnes";1;0;1
"52-tonnes";1;0;1
"57-tonnes";1;0;1
"doline";1;0;1
"lit-berge-cours-deau";1;0;1
"loire-amont";1;0;1
"la-grande-motte";1;0;1
"mauguio-carnon";1;0;1
"palavas-les-flots";1;0;1
"pays-de-lor";1;0;1
"53130";1;0;1
"adduction-en-eau-potable";1;0;1
"ambrieres-les-vallees";1;0;1
"andouille";1;0;1
"argenton-notre-dame";1;0;1
"argentre";1;0;1
"aron";1;0;1
"arquenay";1;0;1
"asse-le-berenger";1;0;1
"astille";1;0;1
"athee";1;0;1
"averton";1;0;1
"bais";1;0;1
"ballee";1;0;1
"ballots";1;0;1
"bannes";1;0;1
"bazougers";1;0;1
"beaumont-pied-de-boeuf";1;0;1
"belgeard";1;0;1
"blandouet";1;0;1
"bonchamp-les-laval";1;0;1
"bouchamps-les-craon";1;0;1
"bouere";1;0;1
"bouessay";1;0;1
"boulay-les-ifs";1;0;1
"bourgon";1;0;1
"carelles";1;0;1
"chailland";1;0;1
"chammes";1;0;1
"champeon";1;0;1
"champfremont";1;0;1
"champgeneteux";1;0;1
"charchigne";1;0;1
"chatelain";1;0;1
"chatillon-sur-colmont";1;0;1
"chatres-la-foret";1;0;1
"chemaze";1;0;1
"chemere-le-roi";1;0;1
"cherance";1;0;1
"colombiers-du-plessis";1;0;1
"congrier";1;0;1
"contest";1;0;1
"cosmes";1;0;1
"cosse-en-champagne";1;0;1
"cosse-le-vivien";1;0;1
"couptrain";1;0;1
"courbeveille";1;0;1
"craon";1;0;1
"crennes-sur-fraubee";1;0;1
"cuille";1;0;1
"denaze";1;0;1
"deux-evailles";1;0;1
"emmaus";1;0;1
"entrammes";1;0;1
"epineux-le-seguin";1;0;1
"ex-voies-ferrees";1;0;1
"fontaine-couverte";1;0;1
"fougerolles-du-plessis";1;0;1
"fromentieres";1;0;1
"gesnes";1;0;1
"gesvres";1;0;1
"grazay";1;0;1
"grez-en-bouere";1;0;1
"hambers";1;0;1
"herce";1;0;1
"javron-les-chapelles";1;0;1
"jublains";1;0;1
"juvigne";1;0;1
"la-bazouge-de-chemere";1;0;1
"la-bazouge-des-alleux";1;0;1
"la-bigottiere";1;0;1
"la-brulatte";1;0;1
"la-chapelle-anthenaise";1;0;1
"la-chapelle-au-riboul";1;0;1
"la-chapelle-craonnaise";1;0;1
"la-chapelle-rainsouin";1;0;1
"la-croixille";1;0;1
"la-cropte";1;0;1
"la-doree";1;0;1
"la-gravelle";1;0;1
"la-haie-traversaine";1;0;1
"la-pallu";1;0;1
"la-pellerine";1;0;1
"la-roe";1;0;1
"la-rouaudiere";1;0;1
"landivy";1;0;1
"larchamp";1;0;1
"laubrieres-et-gastines";1;0;1
"launay-villiers";1;0;1
"le-bignon-du-maine";1;0;1
"le-bourgneuf-la-foret";1;0;1
"le-genest-saint-isle";1;0;1
"le-ham-mayenne";1;0;1
"le-horps";1;0;1
"le-housseau-bretignolles";1;0;1
"le-pas";1;0;1
"le-ribay";1;0;1
"lesbois";1;0;1
"livet";1;0;1
"livre-la-touche";1;0;1
"loigne-sur-mayenne";1;0;1
"loiron";1;0;1
"longuefuye";1;0;1
"loupfougeres";1;0;1
"louverne";1;0;1
"louvigne";1;0;1
"maisoncelles-du-maine";1;0;1
"marcille-la-ville";1;0;1
"marigne-peuton";1;0;1
"martigne-sur-mayenne";1;0;1
"mee";1;0;1
"menil";1;0;1
"meral";1;0;1
"meslay-du-maine";1;0;1
"mezangers";1;0;1
"montaudin";1;0;1
"montenay";1;0;1
"montflours";1;0;1
"montigne-le-brillant";1;0;1
"montjean";1;0;1
"montreuil-poulay";1;0;1
"moulay";1;0;1
"neau";1;0;1
"neuilly-le-vendin";1;0;1
"niafles";1;0;1
"oisseau";1;0;1
"origne";1;0;1
"parne-sur-roc";1;0;1
"peuton";1;0;1
"pommerieux";1;0;1
"port-brillet";1;0;1
"ravigny";1;0;1
"renaze";1;0;1
"rennes-en-grenouilles";1;0;1
"ruille-froid-fonds";1;0;1
"ruille-le-gravelais";1;0;1
"sace";1;0;1
"saint-aignan-de-couptrain";1;0;1
"saint-aignan-sur-roe";1;0;1
"saint-aubin-fosse-louvain";1;0;1
"saint-baudelle";1;0;1
"saint-berthevin";1;0;1
"saint-berthevin-la-tanniere";1;0;1
"saint-calais-du-desert";1;0;1
"saint-charles-la-foret";1;0;1
"saint-christophe-du-luat";1;0;1
"saint-cyr-en-pail";1;0;1
"saint-cyr-le-gravelais";1;0;1
"saint-denis-de-gastines";1;0;1
"saint-denis-du-maine";1;0;1
"saint-erblon";1;0;1
"saint-fort";1;0;1
"saint-fraimbault-de-prieres";1;0;1
"saint-georges-buttavent";1;0;1
"saint-germain-le-guillaume";1;0;1
"saint-geroges-le-flechard";1;0;1
"saint-hilaire-du-maine";1;0;1
"saint-jean-sur-mayenne";1;0;1
"saint-julien-du-terroux";1;0;1
"saint-laurent-des-mortiers";1;0;1
"saint-loup-du-dorat";1;0;1
"saint-mars-sur-colmont";1;0;1
"saint-mars-sur-la-futaie";1;0;1
"saint-quentin-les-anges";1;0;1
"saint-samson";1;0;1
"saint-sulpice";1;0;1
"senonnes";1;0;1
"souce";1;0;1
"thuboeuf";1;0;1
"torce-viviers-en-charnie";1;0;1
"villaines-la-juhel";1;0;1
"villiers-charlemagne";1;0;1
"vimarce";1;0;1
"autorite";1;0;1
"driee";1;0;1
"eolien-terestre";1;0;1
"zone-reglementee-dun-pprn";1;0;1
"bati-continu";1;0;1
"emprise-030";1;0;1
"gestionnaire-130010283";1;0;1
"noix-du-perigord";1;0;1
"nom-commune";1;0;1
"servitude-generateur-el-9";1;0;1
"sites-patrimoniaux-remarquables";1;0;1
"transport-de-gaz";1;0;1
"maitrise-doeuvre";1;0;1
"credit-consommation";0;1;1
"inclusion-bancaire";0;1;1
"inter-communaux";1;0;1
"bus-autun";1;0;1
"grand-autunois-morvan";1;0;1
"gip-maximilien";0;1;1
"contour-admistratif";1;0;1
"keolis-calvados";1;0;1
"transporteur-de-genie";1;0;1
"credit-conso";0;1;1
"depassements-dhonoraires";0;1;1
"c6";1;0;1
"fma";1;0;1
"groupe-formation-emploi";1;0;1
"groupement-d-achat";1;0;1
"heures-de-formation";1;0;1
"ita";1;0;1
"zig-zag";1;0;1
"advocnar";1;0;1
"dotation-budgetaire";1;0;1
"plhi-2";1;0;1
"limite-affaires-maritimes";1;0;1
"serie-longitudinale";0;1;1
"cadre-demploi";1;0;1
"campus-des-metiers-et-des-qualifications";1;0;1
"occitanie-dans-mon-assiette";1;0;1
"cmonbus";1;0;1
"info-travaux";1;0;1
"amelys";1;0;1
"amilly";1;0;1
"cepoy";1;0;1
"chalette-sur-loing";1;0;1
"chevillon-sur-huillard";1;0;1
"corquilleroy";1;0;1
"gfts";1;0;1
"lombreuil";1;0;1
"montargis";1;0;1
"mormant-sur-vernisson";1;0;1
"paucourt";1;0;1
"saint-maurice-sur-fessard";1;0;1
"solterre";1;0;1
"villemandeur";1;0;1
"vimory";1;0;1
"deliberation-decembre-2018-roissy-en-brie";1;0;1
"convalescence";1;0;1
"mosquee";1;0;1
"synagogue";1;0;1
"cheptel-des-caprins";1;0;1
"cheptel-ovin";1;0;1
"collecte-des-cereales";1;0;1
"compensation-des-cereales";1;0;1
"evolution-de-la-consommation-moyenne-mensuelle-du-mais-et-du-tourteau-de-soja-en-tonne";1;0;1
"evolution-des-importations-du-mais-et-du-tourteau-de-soja-2001-2017-en-tonne";1;0;1
"evolution-des-importations-du-tourteau-de-soja-en-tonne";1;0;1
"evolution-des-ventes-de-bois";1;0;1
"evolution-des-ventes-du-liege";1;0;1
"importation-des-cereales";1;0;1
"importation-du-mais-fourrager";1;0;1
"importations-en-valeur";1;0;1
"investir";1;0;1
"investissement-agricole";1;0;1
"invetissement";1;0;1
"invetissements";1;0;1
"la-production-du-triticale";1;0;1
"liege";1;0;1
"prix-cf-du-mais-en-dinars-la-tonne";1;0;1
"prix-cf-du-mais-en-dollar-la-tonne";1;0;1
"prix-cf-du-tourteau-de-soja-en-dinars-la-tonne";1;0;1
"prix-cf-du-tourteau-de-soja-en-dollar-la-tonne";1;0;1
"prix-d-achat-ble-dur";1;0;1
"prix-d-achat-ble-tendre";1;0;1
"prix-moyen-d-achat-de-l-orge";1;0;1
"production-dattes";1;0;1
"production-de-la-peche";1;0;1
"production-de-la-peche-cotiere-en-tonne-2017";1;0;1
"production-de-la-peche-et-aquacultue";1;0;1
"production-de-la-peche-par-gouvernorat-en-tonne-2016-2017";1;0;1
"production-de-la-peche-par-type-de-produit-2016-2017";1;0;1
"qt-t";1;0;1
"stthmrt";1;0;1
"suprficie-de-la-culture-de-pomme-de-terre-as-en-ha";1;0;1
"valeur-de-la-production-de-la-peche-cotiere-en-dinar-2017";1;0;1
"valeur-des-produits-de-la-peche-par-gouvernorat";1;0;1
"valeur-des-produits-de-la-peche-par-type-2016-2017";1;0;1
"vente-de-droits-d-exploitation-du-romarin";1;0;1
"vente-des-droits-d-exploitation-des-champignons";1;0;1
"vente-des-droits-d-exploitation-du-lentisque";1;0;1
"vente-des-droits-d-exploitation-du-myrte";1;0;1
"vente-des-droits-d-exploitation-du-pin-d-alep";1;0;1
"bd";1;0;1
"satisfaction-client";1;0;1
"chalut-de-fond";1;0;1
"bybus-transport-public-bayeux";1;0;1
"autocars-boulet";1;0;1
"mendois";1;0;1
"btob";0;1;1
"narbonne";1;0;1
"fonction-publique-hospitaliere";1;0;1
"bruitparif";1;0;1
"enghien";1;0;1
"connexions-wifi";1;0;1
"mbtiles";1;0;1
"test-1-test-2";1;0;1
"cadastre-ancien";1;0;1
"plan-parcellaire";1;0;1
"periode-moderne";1;0;1
"green-it";1;0;1
"toilette-publique";1;0;1
"assurance-vie-caisse-epargne";1;0;1
"assurance-visa-schengen";1;0;1
"assurance-voyage";1;0;1
"assurance-voyage-visa-premier";1;0;1
"oeufs-de-consommation";1;0;1
"prix-journaliers";1;0;1
"covage";1;0;1
"irve-77";1;0;1
"lerins";1;0;1
"palmbus";1;0;1
"paysages-et-sites";1;0;1
"pilotage-de-la-plateforme";1;0;1
"tango";1;0;1
"v1-7";1;0;1
"zonage-paysage";1;0;1
"deficient-visuel";0;1;1
"localisateur";0;1;1
"videoverbalisation";0;1;1
"collectivites-territoriales-uniques";1;0;1
"doubs-day";1;0;1
"egr";1;0;1
"monte-en-debit";1;0;1
"pne";1;0;1
"point-de-localisation";1;0;1
"schema-departemental-damelioration-de-laccessibilite-des-services-au-public";1;0;1
"tarif-unifie";1;0;1
"tarif-unifie-sur-bornes-electriques";1;0;1
"institut";1;0;1
"moutier";1;0;1
"production-avicole";1;0;1
"loi-esr-2013";1;0;1
"poulet-pac";1;0;1
"prix-journalierx";1;0;1
"das";0;1;1
"telephone-portable";0;1;1
"chat";1;0;1
"pet-food";1;0;1
"eguisheim";1;0;1
"schedules";1;0;1
"live";0;1;1
"arrete-tarifaire-du-4-mai-2017";1;0;1
"arrete-tarifaire-du-13-decembre-2016";1;0;1
"complement-remuneration";1;0;1
"indices-m0";1;0;1
"obligation-dachat";1;0;1
"vente-en-surplus";1;0;1
"vente-en-totalite";1;0;1
"service-public-de-lelectricite";1;0;1
"fournisseurs-denergie";1;0;1
"marches-de-detail";1;0;1
"to-bord";1;0;1
"to-bord-l";1;0;1
"type-a";1;0;1
"cps";1;0;1
"aire-daccueil";1;0;1
"r-123-5";1;0;1
"r-123-6";1;0;1
"r-123-7";1;0;1
"r-123-8";1;0;1
"r-123-9";1;0;1
"coupe-rase";1;0;1
"atlas-semouse-lanterne";1;0;1
"karuia";1;0;1
"mont-dore";1;0;1
"paita";1;0;1
"province-sud";1;0;1
"conseil-syndical";1;0;1
"info-lin";1;0;1
"outil-de-cooperation";1;0;1
"pole-equilibre-territorial-rural";1;0;1
"taux-d-expression-des-femmes";1;0;1
"communicaton-electronique";1;0;1
"instruments-de-mesure";1;0;1
"perturbation-electromecanique";1;0;1
"fonctions-medicales-et-paramedicales";1;0;1
"services-de-sante";1;0;1
"tourisme-et-transport";1;0;1
"alti";1;0;1
"epte";1;0;1
"rge-alti";1;0;1
"savoureuse";1;0;1
"dinondation";1;0;1
"instruction-document-durbanisme";1;0;1
"millau";1;0;1
"permis-de-constuire";1;0;1
"trail";1;0;1
"bandes-tampons";1;0;1
"pays-dolonne-cote-reference";1;0;1
"ports-de-plaisance";1;0;1
"poce";1;0;1
"irve-57";1;0;1
"feminisme";0;1;1
"arbellara";1;0;1
"loretto-di-tallano";1;0;1
"olmiccia";1;0;1
"propriano";1;0;1
"risques-naturel";1;0;1
"sainte-lucie-de-tallano";1;0;1
"sartene";1;0;1
"viggianello";1;0;1
"activites-physiques-et-sportives";1;0;1
"roissy-en-brie";1;0;1
"codev";1;0;1
"conseil-de-developpement";1;0;1
"commerces-et-industries";1;0;1
"conservatoire-site-alsacien";1;0;1
"pont-leveque";1;0;1
"rlp-reglement-local-de-publicite";1;0;1
"site-naturel-protege";1;0;1
"vma";1;0;1
"bassin-de-decazeville";1;0;1
"conservation-patrimoine";1;0;1
"decazeville-communaute";1;0;1
"habitat-espece-protege";1;0;1
"bord-de-chaussee";1;0;1
"directive-innondation";1;0;1
"graylois";1;0;1
"rncfs";1;0;1
"bastelicaccia";1;0;1
"carbuccia";1;0;1
"cuttoli-corticchiato";1;0;1
"ferrees";1;0;1
"grosseto-prugna";1;0;1
"peri";1;0;1
"sarrola-carcopino";1;0;1
"ucciani";1;0;1
"vero";1;0;1
"gemrcn";0;1;1
"ddt54";1;0;1
"ecran-pliable";1;0;1
"smartphone-pliable";1;0;1
"elus-regionaux";0;1;1
"ina";0;1;1
"bassins-secheresse";1;0;1
"relevement";1;0;1
"genetique-des-plante";1;0;1
"integrite-scientifique";1;0;1
"index-hybrides";1;0;1
"la-seinoise";1;0;1
"label-finansol";1;0;1
"numericlab";1;0;1
"chemin-des-douaniers";1;0;1
"foret-zones-a-risque-naturel";1;0;1
"type-c";1;0;1
"vin-daveyron";1;0;1
"information-aeronautique";1;0;1
"architecture-religieuse";1;0;1
"ceremonie-publique";1;0;1
"ecroulement";1;0;1
"gouedic";1;0;1
"gouet";1;0;1
"legue";1;0;1
"rocheux";1;0;1
"signalisation-maritime";1;0;1
"tassement";1;0;1
"ancetre";1;0;1
"description-physique";1;0;1
"zone-damenagement";1;0;1
"sde28";1;0;1
"te61";1;0;1
"transformateur";1;0;1
"2013-660";1;0;1
"maigre";1;0;1
"zone-touristique";1;0;1
"zone-touristique-internationale";1;0;1
"adressse";1;0;1
"la-tremblade";1;0;1
"ronce-les-bains";1;0;1
"saint-palais-sur-mer";1;0;1
"cdc-haute-saintonge";1;0;1
"saint-georges-de-didonne";1;0;1
"poste-electrique";1;0;1
"embeddings";0;1;1
"textrank";0;1;1
"ville-nourriciere";1;0;1
"bulot";1;0;1
"ours";1;0;1
"pprsm";1;0;1
"point-lecture";1;0;1
"unite-medico-social";1;0;1
"unite-technique";1;0;1
"alea-mouvement-de-terrain";1;0;1
"enseignement-prive";1;0;1
"tavignano";1;0;1
"bleu-des-causses";1;0;1
"pegase-arret";1;0;1
"gdn";1;0;1
"wdc";1;0;1
"declaration-sociale";1;0;1
"dsn";1;0;1
"seymaborne";0;1;1
"decote";1;0;1
"surcote";1;0;1
"taux-de-liquidation";1;0;1
"evenement-majeur";1;0;1
"midi-pyrenee";1;0;1
"mobi";1;0;1
"plan-communal-sauvegarde";1;0;1
"amendement";1;0;1
"brise-lame";1;0;1
"corps-mort";1;0;1
"envigis";1;0;1
"epis";1;0;1
"extraction-de-granulats";1;0;1
"granulat";1;0;1
"gravier";1;0;1
"jetee";1;0;1
"maerl";1;0;1
"mouillage-forain";1;0;1
"mouillage-non-autorise";1;0;1
"naviguation";1;0;1
"sablier";1;0;1
"armee-du-salut";1;0;1
"extraction-dinformation";0;1;1
"terminologie";0;1;1
"data-protection-officer";1;0;1
"delegue-a-la-protection-des-donnees";1;0;1
"dpd";1;0;1
"gdpr";1;0;1
"ccco";1;0;1
"cartographie-cours-deau";1;0;1
"sol-pollue";1;0;1
"stockage-dechet";1;0;1
"apgl";1;0;1
"geo64";1;0;1
"croquettes";1;0;1
"nutrition-animale";1;0;1
"n-enseignement";1;0;1
"allaine";1;0;1
"especes-vegetales";1;0;1
"flore-caracteres-generaux";1;0;1
"baie-de-morlaix";1;0;1
"ilevia";1;0;1
"capa-ajaccio";1;0;1
"depenses-fiscales";1;0;1
"directions";1;0;1
"parcelles-forestieres";1;0;1
"perimetre-pprl-aiguillon-sur-mer";1;0;1
"religieux";1;0;1
"lachapelle";1;0;1
"pierre-la-treiche";1;0;1
"action-de-letat-en-mer";1;0;1
"aem";1;0;1
"calsses-zones-maritimes";1;0;1
"categorie-de-navigation";1;0;1
"diurne";1;0;1
"sauvetage-en-mer";1;0;1
"semi-diurne";1;0;1
"surveillance-maritime";1;0;1
"etablissements-culturels";1;0;1
"partenaires-artistiques";1;0;1
"charentais";1;0;1
"lnu";1;0;1
"solifluxion";1;0;1
"bac-pro";1;0;1
"baccalaureat-professionnel";1;0;1
"electricien";1;0;1
"les-bons-artisans";1;0;1
"reseau-dartisans";1;0;1
"vitrier";1;0;1
"amenage";1;0;1
"atmo-reunion";1;0;1
"dioxyde-de-soufre-so2";1;0;1
"monoxyde-de-carbone-co";1;0;1
"oxydes-dazote-nox";1;0;1
"ozone-o3";1;0;1
"reconaissances";1;0;1
"altier";1;0;1
"coquillier";1;0;1
"cubieres";1;0;1
"cubierettes";1;0;1
"pied-de-borne";1;0;1
"pourcharesses";1;0;1
"prevencheres";1;0;1
"st-andre-capceze";1;0;1
"villefort";1;0;1
"solidarites-nouvelles-pour-le-logement";0;1;1
"agglomeration-du-bassin-de-brive";1;0;1
"eloigne";1;0;1
"esld";1;0;1
"eusalp";1;0;1
"immediat";1;0;1
"rapproche";1;0;1
"research-centers";1;0;1
"research-laboratories";1;0;1
"reseau-bus-annemasse-agglo";1;0;1
"soin-a-domicile";1;0;1
"spasad";1;0;1
"aefe";0;1;1
"mlf";0;1;1
"pepites-libres";0;1;1
"smi";1;0;1
"surface-installation";1;0;1
"enseigenement-prive";1;0;1
"enseigenement-public";1;0;1
"villey-le-sec";1;0;1
"fcd";1;0;1
"les-huileries-jenxdouba-annee-2017";1;0;1
"2nd-degre";1;0;1
"cycle-4";1;0;1
"lycee-general-et-technologique";1;0;1
"paris-wi-fi";1;0;1
"commits";1;0;1
"equipement-daccueil-du-jeune-enfant";1;0;1
"esplanades";1;0;1
"places-de-stationnement";1;0;1
"services-municipaux";1;0;1
"agriculuture";1;0;1
"bon";1;0;1
"capca";1;0;1
"tcap";1;0;1
"mise-a-leau";1;0;1
"erosion-des-sols";1;0;1
"pollutions-diffuses";1;0;1
"domerat";1;0;1
"lamaids";1;0;1
"lavault-sainte-anne";1;0;1
"lignerolles";1;0;1
"premilhat";1;0;1
"quinssaines";1;0;1
"saint-victor";1;0;1
"teillet-argenty";1;0;1
"villebret";1;0;1
"crawling";0;1;1
"collision";1;0;1
"corbeilles-de-rue";1;0;1
"dpv";1;0;1
"ngf-lallemand";1;0;1
"ppc";1;0;1
"villey-saint-etienne";1;0;1
"zone-batie";1;0;1
"virecourt";1;0;1
"odt";1;0;1
"meetup";1;0;1
"budget-prim";1;0;1
"country";1;0;1
"iso3166-1";1;0;1
"2r";1;0;1
"alpha-3";1;0;1
"enterree";1;0;1
"fontaines";1;0;1
"iso-3166-1";1;0;1
"list";1;0;1
"marcel-bec";1;0;1
"paysagiste";1;0;1
"riverains";1;0;1
"star-up";1;0;1
"surtaxe";1;0;1
"vh";1;0;1
"evolution-medicale";0;1;1
"antioche";1;0;1
"filbleu";1;0;1
"animation-jeunesse";1;0;1
"brocante";1;0;1
"conference-et-debat";1;0;1
"danse-de-salon";1;0;1
"portes-ouvertes";1;0;1
"vide-grenier";1;0;1
"reglements";1;0;1
"zonages-agricoles-defavorisees";1;0;1
"1er-degre";1;0;1
"cycle-1";1;0;1
"cycle-2";1;0;1
"doc-urba";1;0;1
"cooperative";1;0;1
"crda-ariana";1;0;1
"gouvernorat-de-ariana";1;0;1
"hors-ppri";1;0;1
"auto-entrepreneuriat";1;0;1
"etreprise";1;0;1
"types-c";1;0;1
"pv-batiment";1;0;1
"pv-sol";1;0;1
"parc-marin";1;0;1
"haraucourt";1;0;1
"pelagique";1;0;1
"varangeville";1;0;1
"muse";0;1;1
"r-a-m";0;1;1
"argonne";1;0;1
"marees";1;0;1
"directivr-2002-49-ce";1;0;1
"reseau-de-froid";1;0;1
"cda";1;0;1
"cotisation-fonciere-des-entreprises";1;0;1
"plaine-commune";1;0;1
"taxe-menage";1;0;1
"hubeau";0;1;1
"filets-cales";1;0;1
"montalivet";1;0;1
"acte-reglementaire";1;0;1
"cerema-mediterranee";1;0;1
"cerema-normandie-centre";1;0;1
"chauffage-population";1;0;1
"gestion-de-patrimoine-immobilier";1;0;1
"photographies-gps";1;0;1
"bien-vieillir";1;0;1
"liaison-douce";1;0;1
"zone-limitee";1;0;1
"dg-fi-p";1;0;1
"maitrise-du-foncier";1;0;1
"souchez";1;0;1
"apn";1;0;1
"n-surveillance";1;0;1
"oe2t";1;0;1
"lieu-de-culte";1;0;1
"eau-repartition-des-especes";1;0;1
"sources-de-saone-et-meuse";1;0;1
"donneres-essentielles";1;0;1
"maraicheres";1;0;1
"faute-sur-mer";1;0;1
"pprl-aleas";1;0;1
"zones-humides-remarquables";1;0;1
"flotille-de-peche";1;0;1
"semence";1;0;1
"risque-technologiques";1;0;1
"astuce";1;0;1
"elbeuf";1;0;1
"notification";1;0;1
"notifications";1;0;1
"saint-georges-buttavent-53219";1;0;1
"sdan";1;0;1
"tae";1;0;1
"tcar";1;0;1
"violation";1;0;1
"violations";1;0;1
"art-musique";1;0;1
"axe-de-voie";1;0;1
"filaire-de-voie";1;0;1
"interubain";1;0;1
"odma";1;0;1
"relation-usagers";1;0;1
"zones-humides-prioritaires";1;0;1
"timemanager";0;1;1
"3-eme-echeance";1;0;1
"assainissement-rejet";1;0;1
"cuisse";1;0;1
"escalope";1;0;1
"vbus";1;0;1
"entrepots-frigorifiques";1;0;1
"smtba-ntecc-keolis";1;0;1
"action-pedagogique";1;0;1
"appdvf";1;0;1
"gyr-msnd";1;0;1
"nsht";1;0;1
"terrier";1;0;1
"assiete";1;0;1
"saint-nicolas-de-port";1;0;1
"engie";1;0;1
"produits-laitiers-biologiques";1;0;1
"chevre";1;0;1
"fromages-de-chevre";1;0;1
"lait-de-chevre";1;0;1
"panel";1;0;1
"fromages-de-brebis";1;0;1
"lait-de-brebis";1;0;1
"11-18-juin";1;0;1
"catastrophes-naturelles";1;0;1
"florale";1;0;1
"indreetloire";1;0;1
"offre-de-soins-liberale";1;0;1
"offres-de-services-en-sante";1;0;1
"lapin";1;0;1
"produits-tripiers";1;0;1
"bovins-reproducteurs";1;0;1
"embarquements";1;0;1
"ovins-reproducteurs";1;0;1
"abats";1;0;1
"viandes-ovins";1;0;1
"ambassadrices";0;1;1
"plafond-de-verre";0;1;1
"quai-dorsay";0;1;1
"cars-macron";1;0;1
"dtm-64";1;0;1
"troncon-hydro";1;0;1
"troncon-hydrologique";1;0;1
"covoit";1;0;1
"dombasle-sur-meurthe";1;0;1
"gndvf";0;1;1
"web-archiving";1;0;1
"web-media";1;0;1
"filet";1;0;1
"informations-publiques";1;0;1
"zonage-contractuel";1;0;1
"zou";1;0;1
"aip";1;0;1
"local-associatif";1;0;1
"perimetres-irrigues-publics";1;0;1
"centres-de-collecte-de-cereales";1;0;1
"budget-primitif-2019";1;0;1
"foncier-public";1;0;1
"listes-regionales";1;0;1
"mobilisation-du-foncier";1;0;1
"production-de-logement";1;0;1
"adap";1;0;1
"aeroclub";1;0;1
"airpaca";1;0;1
"annee-de-construction";1;0;1
"arret-cardio-respiratoire";1;0;1
"arts-visuels";1;0;1
"athlete";1;0;1
"bij";1;0;1
"bons-plans";1;0;1
"cadre-emploi";1;0;1
"chaufferies";1;0;1
"contemporain";1;0;1
"deconcentration";1;0;1
"detail-architectural";1;0;1
"dioxyde-de-carbone";1;0;1
"donnees-energetiques";1;0;1
"e-pass-jeunes";1;0;1
"energie-solaire-thermique";1;0;1
"equipement-menage";1;0;1
"fond-documentaire";1;0;1
"formaldehyde";1;0;1
"formation-preparatoire";1;0;1
"fsu";1;0;1
"groupe-immobilier";1;0;1
"kilowatt";1;0;1
"maladie-professionnelle";1;0;1
"obtic";1;0;1
"oref";1;0;1
"pacalabs";1;0;1
"particules-pm1";1;0;1
"patrimoine-maritime";1;0;1
"pression-atmospherique";1;0;1
"professionnalisation";1;0;1
"puissances";1;0;1
"region-sud";1;0;1
"residence-de-tourime";1;0;1
"rythme-scolaire";1;0;1
"socle-commun-des-donnees-locales";1;0;1
"solaire-photovoltaique";1;0;1
"stagiaires-de-la-formation-professionnelle";1;0;1
"use-cases";1;0;1
"village-vacance";1;0;1
"ville-portuaire";1;0;1
"watt";1;0;1
"zonage-de-protection";1;0;1
"at";1;0;1
"risque-professionnel";1;0;1
"aeronautique-de-degagement";1;0;1
"scrutin-europeen";1;0;1
"feamp";1;0;1
"fesi";1;0;1
"ballet";1;0;1
"bataillon";1;0;1
"cars-macrons";1;0;1
"centre-municipal-animation";1;0;1
"concession-funeraire";1;0;1
"conseil-conseil-municipal";1;0;1
"document-budgetaire";1;0;1
"elu-elu-local";1;0;1
"euolines";1;0;1
"infrastructures-sportives";1;0;1
"mairies-de-secteurs";1;0;1
"marche-interet-national";1;0;1
"marin-pompier";1;0;1
"aeroport-paris-beauvais";1;0;1
"code-postaux";1;0;1
"societe-deconomie-mixte";1;0;1
"assurance-decennale";0;1;1
"devis-assurance-decennale";0;1;1
"economie-foncier-activites";1;0;1
"x-a-classer";1;0;1
"lshrkt-lt-wny-lssy-llkhdmt-lflhy";1;0;1
"societes-mutuelles-de-base-de-service-agricole";1;0;1
"amenagement-urbanisme-economie";1;0;1
"entrepots-de-stockage-des-denrees-alimentaires-d-origine-animale";1;0;1
"mkhzn-lmwd-lgdhyy-mn-sl-hywny";1;0;1
"mrkz-tjmy-lhlyb";1;0;1
"shrkt-trby-lsmk";1;0;1
"societes-d-aquaculture";1;0;1
"alluviaux";1;0;1
"boisements";1;0;1
"boisements-alluviaux";1;0;1
"societes-de-transformation-de-lait-et-derives";1;0;1
"amenagment";1;0;1
"interet-ecologique";1;0;1
"ddt-srs-pr";1;0;1
"jouet";0;1;1
"non-toxique";0;1;1
"vaginette";0;1;1
"bp2019-dma";1;0;1
"177";1;0;1
"amortissement";1;0;1
"zones-a-dominante-humide";1;0;1
"cd67";1;0;1
"initiactive95";1;0;1
"maybus";1;0;1
"thorigne-fouillard";1;0;1
"jour-s-dedie-s";1;0;1
"autorite-marche-financier";1;0;1
"info-financiere";1;0;1
"societe-cotee";1;0;1
"marche-aux-fleurs";1;0;1
"marche-aux-puces";1;0;1
"sigidurs";1;0;1
"laneuveville-devant-nancy";1;0;1
"n-inventaire-nature-biodiversite";1;0;1
"giee";1;0;1
"vpn";0;1;1
"ville-france";1;0;1
"aliment-compose";1;0;1
"ecrasements";1;0;1
"fab";1;0;1
"fabriquants-daliment-du-betail";1;0;1
"incorporations";1;0;1
"carte-gps";0;1;1
"pramex";1;0;1
"balance-sheet";1;0;1
"barley";1;0;1
"cereals";1;0;1
"common-wheat";1;0;1
"corn";1;0;1
"durum-wheat";1;0;1
"grains";1;0;1
"maize";1;0;1
"semoulerie";1;0;1
"orge-de-brasserie";1;0;1
"rendu-port";1;0;1
"percelle";1;0;1
"seul";1;0;1
"zones-dominante-humide";1;0;1
"halle";1;0;1
"bookcrossing";1;0;1
"chevreau";1;0;1
"reseau-mat";0;1;1
"equins";1;0;1
"format-pdf";1;0;1
"terrain-a-vendre";1;0;1
"camping-normandie";0;1;1
"camping-normandie-bord-de-mer";0;1;1
"camping-normandie-piscine";0;1;1
"bovins-maigres";1;0;1
"engraissement";1;0;1
"demarches-phares";1;0;1
"satisfaction-usagers";1;0;1
"action-exterieure";1;0;1
"adminisatration";1;0;1
"maison-service-public";1;0;1
"pouvoir-de-rechauffement-global";1;0;1
"prg";1;0;1
"prg100";1;0;1
"eleves-au-pis";1;0;1
"non-eleves-au-pis";1;0;1
"debat-assemblee-nationale";1;0;1
"inspection-du-travail";1;0;1
"memorial-virtuel";1;0;1
"unite-de-controle";1;0;1
"a";1;0;1
"admissibilite";1;0;1
"aides-de-letat";1;0;1
"amendes";1;0;1
"appellations-dorigine";1;0;1
"b";1;0;1
"base-documentaire";1;0;1
"brevets-delivres";1;0;1
"c";1;0;1
"cfe";1;0;1
"ciri";1;0;1
"codes-sources";1;0;1
"comites-techniques-de-proximite";1;0;1
"compte-general-de-letat";1;0;1
"comptes-daffectation-special";1;0;1
"comptes-des-concours-financiers";1;0;1
"conformite-des-produits";1;0;1
"cotisations-foncieres-des-entreprises";1;0;1
"cotisations-sur-la-valeur-ajoutee-des-entreprises";1;0;1
"delivrances";1;0;1
"depots-de-brevets";1;0;1
"destructions";1;0;1
"dictionnaire-de-donnees";1;0;1
"enregistrements";1;0;1
"entreprises-de-taille-intermediaire";1;0;1
"filiations";1;0;1
"financement-des-entreprises";1;0;1
"foncieres";1;0;1
"frequentation-touristique";1;0;1
"geometres-experts";1;0;1
"immobilier-de-letat";1;0;1
"indicateurs-dactivite";1;0;1
"lfi-2016";1;0;1
"lfi-2017";1;0;1
"lfi-2018";1;0;1
"liste-detablissements";1;0;1
"marques-francaises";1;0;1
"mission";1;0;1
"mission-et-programme";1;0;1
"modifications";1;0;1
"parcs-automobiles";1;0;1
"plr-2013";1;0;1
"plr-2014";1;0;1
"plr-2015";1;0;1
"plr-2016";1;0;1
"productions-de-vin";1;0;1
"produits-non-alimentaires";1;0;1
"proprietes-baties";1;0;1
"proprietes-non-baties";1;0;1
"registres-du-commerce-et-des-societes";1;0;1
"securite-des-produits";1;0;1
"synthese-generale";1;0;1
"taux-dinterets";1;0;1
"taxes-dhabitations";1;0;1
"tf";1;0;1
"tfpb";1;0;1
"th";1;0;1
"valeur-locative";1;0;1
"glyphosate";1;0;1
"valorisation-des-marques";1;0;1
"micro-bloging";1;0;1
"appartements";1;0;1
"beaumes-de-venise";1;0;1
"beaumont-du-ventoux";1;0;1
"conseil-de-communaute";1;0;1
"crillon-le-brave";1;0;1
"flassan";1;0;1
"le-barroux";1;0;1
"saint-hippolyte-le-graveyron";1;0;1
"suzette";1;0;1
"terrains-a-batir";1;0;1
"vacqueyras";1;0;1
"venasque";1;0;1
"1943";1;0;1
"1944";1;0;1
"1946";1;0;1
"1947";1;0;1
"vieilleses";1;0;1
"empreinte-normative";1;0;1
"epeautre";1;0;1
"sarrasin";1;0;1
"verification";0;1;1
"voilier";0;1;1
"cmt";1;0;1
"communaute-urbaine-creusot-montceau";1;0;1
"lignes-urbains";1;0;1
"remi-express";1;0;1
"marnage";0;1;1
"cotations-viandes";1;0;1
"cotations-viandes-toutes-especes";1;0;1
"equin";1;0;1
"gbea";1;0;1
"gbma";1;0;1
"historique-cotations-viandes";1;0;1
"synthese-cotations-viandes";1;0;1
"paysagees";1;0;1
"peint";1;0;1
"albums";1;0;1
"bulbes-esapces-verts";1;0;1
"fantastique";1;0;1
"science-fiction";1;0;1
"videos-a-la-demande";1;0;1
"estivales";1;0;1
"dumont";1;0;1
"nsi";1;0;1
"archives-communales";1;0;1
"fonds-prives";1;0;1
"buss";1;0;1
"pollution-de-lair";1;0;1
"quibbus";1;0;1
"confluent";1;0;1
"capella-sacra";1;0;1
"lectures-darchives";1;0;1
"percussions-de-strasbourg";1;0;1
"spectacles-divers";1;0;1
"occupation-du-territoire-par-zones";1;0;1
"nombre-de-ventes";0;1;1
"section-cadastrale";0;1;1
"tendance";0;1;1
"privatisation";1;0;1
"scot-plui-sudocuh";1;0;1
"sommerviller";1;0;1
"covoiturages";1;0;1
"infracstructure";1;0;1
"lidia-ksiazkiewicz";1;0;1
"alain-raes";1;0;1
"dominique-thomas";1;0;1
"olivier-penard";1;0;1
"ernest-chausson";1;0;1
"georges-bizet";1;0;1
"jean-marie-quenon";1;0;1
"maurice-ravel";1;0;1
"cesar-franck";1;0;1
"piotr-illich-tchaikovski";1;0;1
"remi-geniet";1;0;1
"plui-plu-du-sudocuh";1;0;1
"plui-plu-sudocuh-du";1;0;1
"tranquillite-publique";1;0;1
"karol-beffa";1;0;1
"mathieu-laine";1;0;1
"xavier-besson";1;0;1
"alphonse-daudet";1;0;1
"choeur-regional-des-hauts-de-france";1;0;1
"eric-deltour";1;0;1
"george-gershwin";1;0;1
"laetitia-le-saux";1;0;1
"laurent-petitgirard";1;0;1
"surveillance-urbaine";1;0;1
"topf";1;0;1
"claude-debussy";1;0;1
"felix-mendelssohn";1;0;1
"gabriel-faure";1;0;1
"hector-berlioz";1;0;1
"isabelle-druet";1;0;1
"philippe-bernold";1;0;1
"edvard-greig";1;0;1
"gregoire-devaux";1;0;1
"johann-geprg-albrechtsberger";1;0;1
"johann-pachelbel";1;0;1
"omar-yagoubi";1;0;1
"remo-giazotto";1;0;1
"alan-menken";1;0;1
"edward-elgar";1;0;1
"georg-friedrich-haendel";1;0;1
"jean-sebastien-bach";1;0;1
"johenn-strauss";1;0;1
"jule-styne";1;0;1
"leroy-andreson";1;0;1
"max-bruch";1;0;1
"depose";1;0;1
"pouce";1;0;1
"plu-plui-pluis-sudocuh-du";1;0;1
"plui-pluis-plu-sudocuh";1;0;1
"statistiques-immobilieres";0;1;1
"mot-de-passe";1;0;1
"pacage";1;0;1
"accessibilite-spatiale-distance-disponibilite-ressources-soins-de-premier-recours";1;0;1
"toxique";1;0;1
"landes-acides";1;0;1
"airfrance";1;0;1
"iata";1;0;1
"transavia";1;0;1
"cergy";1;0;1
"pontoise";1;0;1
"velo2";1;0;1
"real-time";1;0;1
"1980";1;0;1
"aerodata";1;0;1
"braconnier";1;0;1
"cab";1;0;1
"corps-creux";1;0;1
"electicite";1;0;1
"env";1;0;1
"historical";1;0;1
"isle";1;0;1
"map-tour";1;0;1
"ortho2012";1;0;1
"people";1;0;1
"spy";1;0;1
"tile-layer";1;0;1
"tpk";1;0;1
"urban";1;0;1
"vector-tile-package";1;0;1
"vtpk";1;0;1
"feux-foret";1;0;1
"euromos";1;0;1
"carte-bruit-strategique";1;0;1
"plui-pluis-plu-du-sudocuh";1;0;1
"ieg";1;0;1
"notre-notre-territoire";1;0;1
"corridors-ecoogiques";1;0;1
"velopop";1;0;1
"saint-cloud";1;0;1
"classement-des-portails-immobiliers";1;0;1
"data-immobilier";1;0;1
"perimetre-scolaire";1;0;1
"ppri-ouanne";1;0;1
"commission-dacces-aux-documents-administratifs";1;0;1
"road-trip";0;1;1
"classification-de-lusage-des-sols";1;0;1
"conseillere-regionale";1;0;1
"occupation-du-sol-sol-sous-sol-mode-doccupation-du-sol";1;0;1
"antony";1;0;1
"bidouze";1;0;1
"mission-societe-numerique";1;0;1
"pass-numerique";1;0;1
"strategie-nationale-pour-un-numerique-inclusif";1;0;1
"tp2a";1;0;1
"anti-moustique";0;1;1
"levelo";1;0;1
"dpsp";1;0;1
"murs-vegetalises";1;0;1
"catalog";1;0;1
"datasets";1;0;1
"vallourec";1;0;1
"aerodromes-de-paris";0;1;1
"obstacles-ecologiques";1;0;1
"effluent";1;0;1
"plan-daction";1;0;1
"chanvre";1;0;1
"thc";1;0;1
"cannabinoid";0;1;1
"cannabis";0;1;1
"milieux-boises";1;0;1
"fonction-publique-etat";1;0;1
"risques-psychosociaux";0;1;1
"fortune";0;1;1
"adprip";0;1;1
"sous-bois";1;0;1
"colloques";1;0;1
"segmentation";1;0;1
"abonne";1;0;1
"masse-batie";1;0;1
"grand-narbonne";1;0;1
"mosaique";1;0;1
"agglobus-cavem";1;0;1
"eaux-polluees";1;0;1
"jardin-public";1;0;1
"agro";1;0;1
"repere-de-nivellement";1;0;1
"perimetre-zone-inondable";1;0;1
"2009-2017";1;0;1
"basias";1;0;1
"cerema-nord-picardie";1;0;1
"exzeco-inondation-risques";1;0;1
"releves-gps-bruts";1;0;1
"effectifs-police";1;0;1
"action-innovante";1;0;1
"simdph";1;0;1
"ami";1;0;1
"bus-pas-cher";0;1;1
"flixbus-kombo";0;1;1
"kombo";0;1;1
"ouibus-blablabus-kombo-bus-pas-cher";0;1;1
"delimitation-propriete";1;0;1
"touraine";0;1;1
"dents-creuses";1;0;1
"evacuation-eaux-usees";1;0;1
"extension-urbaine";1;0;1
"transdev-le-havre";1;0;1
"agri";1;0;1
"culinaire";1;0;1
"produit-alimentaire";1;0;1
"recycle";1;0;1
"conduire";1;0;1
"emprise-domaine-public";1;0;1
"pseudo-parcelle";1;0;1
"denominations";1;0;1
"habillage-du-plan-texte";1;0;1
"non-specifie";1;0;1
"pays-touristiques";1;0;1
"routes-domanialite";1;0;1
"segments";1;0;1
"ntic";1;0;1
"convention-de-subvention-convention-donnees-essentielles-departement-du-lot-2019";1;0;1
"pipeline";1;0;1
"terega";1;0;1
"ile-saint-germain";1;0;1
"2019-subvention";1;0;1
"19eme-siecle";1;0;1
"courbet";1;0;1
"gustave";1;0;1
"ornans";1;0;1
"communaute-agglomeration-royan-atlantique";1;0;1
"openfoodfact";1;0;1
"openfoodfacts";1;0;1
"radiomaritime";1;0;1
"velotoulouse";1;0;1
"idfm";1;0;1
"c-velo";1;0;1
"cvelo";1;0;1
"transmedia";1;0;1
"servitude-assiette-t-5";1;0;1
"officines";0;1;1
"buralistes";0;1;1
"cnes";1;0;1
"architectes-conseillers";1;0;1
"barrage-de-retenue";1;0;1
"barrages-de-retenue";1;0;1
"caue";1;0;1
"entites";1;0;1
"qualiteau";1;0;1
"veli-vert";1;0;1
"veliv";1;0;1
"velivert";1;0;1
"velo-saint-etienne";1;0;1
"vls-saint-etienne";1;0;1
"correlation";0;1;1
"justice-spatiale";0;1;1
"viatransit";0;1;1
"milieux-prairiaux";1;0;1
"risque-usage-des-sols";1;0;1
"indice-de-pauvrete";1;0;1
"indice-de-vieillissement";1;0;1
"lieu-de-travail";1;0;1
"observatoire-observatoire-territorial";1;0;1
"lieux-de-covoiturage";1;0;1
"points-de-rencontre";1;0;1
"bustracker";1;0;1
"classes-zones-maritimes";1;0;1
"curage";1;0;1
"faucardement";1;0;1
"loyer-de-reference";1;0;1
"passage-engins";1;0;1
"luxe";1;0;1
"assiette-t-5";1;0;1
"livrasion-colis";0;1;1
"android-development";0;1;1
"brochure-design";0;1;1
"wordpress-development";0;1;1
"workdigit";0;1;1
"vivanoda";0;1;1
"aloe-vera-gel";0;1;1
"adu-qq";0;1;1
"agen-dominoqq";0;1;1
"bandar-poker";0;1;1
"bandarqq";0;1;1
"domino-qiu-qiu";0;1;1
"dominoqq";0;1;1
"edouard-philippe";1;0;1
"best-cb-radios";0;1;1
"cb-radio";0;1;1
"radios";0;1;1
"generale";1;0;1
"terminale";1;0;1
"espiar-whatsapp";0;1;1
"hackear-whatsapp";0;1;1
"conflit";1;0;1
"administration-municipale";1;0;1
"cod";1;0;1
"eaip";1;0;1
"boues-urbaines";1;0;1
"ccpvm";1;0;1
"dv3f";1;0;1
"assiette-a-1";1;0;1
"demain";1;0;1
"foret-soumise-regime-forestier";1;0;1
"appellation-du-taxon";1;0;1
"groupe-de-parametres";1;0;1
"groupe-de-parametres-de-classe";1;0;1
"groupe-de-parametres-dusage";1;0;1
"groupes-de-parametres";1;0;1
"hydrobiologique";1;0;1
"microbiologique";1;0;1
"omnidia";1;0;1
"sexey-aux-forges";1;0;1
"commenter";0;1;1
"meilleures";0;1;1
"noter";0;1;1
"cappuccino";0;1;1
"bureau-accueil";1;0;1
"qq-online";0;1;1
"smica";1;0;1
"agen-judi-online";0;1;1
"agen-sbobet";0;1;1
"judi-bola";0;1;1
"judi-online";0;1;1
"poker-online";0;1;1
"sbobet-online";0;1;1
"accessoires-de-cuisine";0;1;1
"materiel-de-cuisine";0;1;1
"ustensiles-de-cuisine";0;1;1
"bio-dechet";1;0;1
"dechet-alimentaire";1;0;1
"mrbe";1;0;1
"indice-morpho-sedimentaire";1;0;1
"bernay";1;0;1
"traduction-medicale";0;1;1
"acculturation";1;0;1
"partage-experiences";1;0;1
"rn-12";1;0;1
"chaligny";1;0;1
"antipol";1;0;1
"disinformation";1;0;1
"snapchat";1;0;1
"insuline";0;1;1
"insulinotherapie-fonctionelle";0;1;1
"affiliate-marketing";0;1;1
"blogging-hub";0;1;1
"ice-cream-rolls";0;1;1
"rolled-ice-cream";0;1;1
"website";0;1;1
"wedding";0;1;1
"diet";0;1;1
"payday-loans";0;1;1
"app-ios";0;1;1
"poitier";1;0;1
"poitiers-subvention-association";1;0;1
"bad";1;0;1
"zones-inondables-potentielles";1;0;1
"agen-togel";0;1;1
"agen-togel-resmi";0;1;1
"blackjack";0;1;1
"judi";0;1;1
"poker-online-terpercaya";0;1;1
"togel";0;1;1
"togel-online";0;1;1
"togel-online-terlengkap";0;1;1
"togel-online-terpercaya";0;1;1
"totobet";0;1;1
"469";1;0;1
"526";1;0;1
"chavilbus";1;0;1
"gtf-rt";1;0;1
"subb";1;0;1
"tim";1;0;1
"tuvim";1;0;1
"ales";1;0;1
"eloignement-des-services-de-sante";1;0;1
"participation-aux-elections";1;0;1
"antallaktika-autokinetou";0;1;1
"axesouar-autokinetou";0;1;1
"car-accessories";0;1;1
"car-parts";0;1;1
"car-wheels";0;1;1
"elastika-autokinetou";0;1;1
"exartemata-autokinetou";0;1;1
"scalair";1;0;1
"oil-painter";0;1;1
"usb-camera-sync";0;1;1
"123-hp-com";0;1;1
"123-hp-com-setup";0;1;1
"control-cctv";0;1;1
"dog-milk";0;1;1
"mereville";1;0;1
"aide-complementaire-sante";0;1;1
"assurance-mutuelle-mutuelle-obligatoire";0;1;1
"changer-de-mutuelle";0;1;1
"comparateur-de-mutuelle";0;1;1
"comparateur-mutuelle";0;1;1
"comparatif-mutuelle";0;1;1
"devis-mutuelle-en-ligne";0;1;1
"devis-mutuelle-sante";0;1;1
"france-mutuelle";0;1;1
"meilleure-mutuelle";0;1;1
"mutuelle-apreva";0;1;1
"mutuelle-comparatif-mutuelle-sante-macif";0;1;1
"mutuelle-dentaire";0;1;1
"mutuelle-en-ligne";0;1;1
"mutuelle-entreprise";0;1;1
"mutuelle-etudiante";0;1;1
"mutuelle-familiale";0;1;1
"mutuelle-generale";0;1;1
"mutuelle-maif";0;1;1
"mutuelle-maladie";0;1;1
"mutuelle-moins-chere";0;1;1
"mutuelle-optique";0;1;1
"mutuelle-retraite";0;1;1
"mutuelle-sante-pas-cher";0;1;1
"mutuelle-senior";0;1;1
"prevoyance-sante";0;1;1
"quelle-mutuelle-choisir";0;1;1
"resiliation-mutuelle-sante";0;1;1
"surcomplementaire-sante";0;1;1
"tarif-mutuelle";0;1;1
"cs-1-6-gratuit";0;1;1
"cs-1-6-non-steam";0;1;1
"cs-1-6-original";0;1;1
"telecharger-cs-1-6";0;1;1
"earn-free-paypal-money-with-paypal-money-generator-2019";0;1;1
"free-money-online";0;1;1
"free-paypal-money";0;1;1
"money";0;1;1
"paypal";0;1;1
"combines";0;1;1
"one-stop-shop";0;1;1
"argeles-sur-mer";0;1;1
"coteau";1;0;1
"sous-cave";1;0;1
"medias-scolaires";0;1;1
"couverture-reseau";0;1;1
"osteopathe";0;1;1
"02-bourgogne";1;0;1
"auboue";1;0;1
"conflans-en-jarnisy";1;0;1
"jarny";1;0;1
"marbache";1;0;1
"points-de-fraicheur";1;0;1
"postgis";0;1;1
"giraumont";1;0;1
"disparites-de-revenus";1;0;1
"menages-fiscaux";1;0;1
"niveaux-de-revenus";1;0;1
"consommation-de-biens";1;0;1
"consommation-de-services";1;0;1
"consommation-des-menages";1;0;1
"accidents-du-travail";1;0;1
"deces-par-suicide";1;0;1
"energies-propres";1;0;1
"pauvrete-monetaire";1;0;1
"prelevements-en-eau";1;0;1
"satisfaction-dans-le-vie";1;0;1
"victimes-de-violences";1;0;1
"1777-1793";1;0;1
"donnees-meterologiques-anciennes";1;0;1
"explications";1;0;1
"seignette";1;0;1
"aptitude";1;0;1
"data-gouv";1;0;1
"jdd";1;0;1
"cabinet-medical";1;0;1
"centre-daccueil";1;0;1
"centre-de-cure";1;0;1
"centre-hospitalier";1;0;1
"centre-incendie";1;0;1
"cmpea";1;0;1
"ecole-de-musique";1;0;1
"examen-de-sante";1;0;1
"maison-jeunes";1;0;1
"plateau-scolaire";1;0;1
"point-information";1;0;1
"pole-sante-chu-centre-de-sante";1;0;1
"polyclinique";1;0;1
"regiment";1;0;1
"ligue-1";0;1;1
"aires-protegees";1;0;1
"animaux-antibiotiques";1;0;1
"confiance-dans-les-institutions";1;0;1
"consommation-de-matieres";1;0;1
"dechets-municipaux";1;0;1
"diversite-des-cultures";1;0;1
"emission-de-particules-fines";1;0;1
"emissions-de-co2-par-valeur-ajoutee";1;0;1
"emplois-de-leconomie-circulaire";1;0;1
"empreinte-carbone";1;0;1
"evenements-naturels";1;0;1
"gaspillages-alimentaires";1;0;1
"indemnisations-catastrophes-neturelles";1;0;1
"insitutions-efficaces";1;0;1
"paix";1;0;1
"populations-doiseaux";1;0;1
"reduction-des-inegalites";1;0;1
"sites-pollues";1;0;1
"surpeuplement-des-logements";1;0;1
"taux-de-boisement";1;0;1
"transports-de-marchandises";1;0;1
"transports-de-voyageurs";1;0;1
"vie-aquatique-marine";1;0;1
"vie-terrestre";1;0;1
"violences-physiques";1;0;1
"discrimination-dans-les-entreprises";1;0;1
"gestion-de-lenergie";1;0;1
"gestion-des-ressources";1;0;1
"lutte-contre-le-changement-climatique";1;0;1
"preservation-de-lenvironnement";1;0;1
"relations-avec-la-societe-civile";1;0;1
"relations-avec-les-clients";1;0;1
"relations-avec-les-fournisseurs";1;0;1
"responsabilite-societale-des-entreprises";1;0;1
"colonne-enterree";1;0;1
"abonnement-ter";1;0;1
"accroche";1;0;1
"accroche-velo";1;0;1
"attache";1;0;1
"cadenas";1;0;1
"logiciel-libre";0;1;1
"marche-pub";1;0;1
"mobilite-durable";1;0;1
"carto";0;1;1
"moineville";1;0;1
"joeuf";1;0;1
"acte-de-lautorite-municipale";1;0;1
"administration-communale";1;0;1
"organe-consultatif";1;0;1
"allemangne";0;1;1
"argentine";0;1;1
"usa";0;1;1
"population-demographie";1;0;1
"labry";1;0;1
"valleroy";1;0;1
"bots";0;1;1
"clean";0;1;1
"counter-strike";0;1;1
"cs-1-6";0;1;1
"csgo";0;1;1
"no-steam";0;1;1
"original";0;1;1
"moselle-et-madon";1;0;1
"aide-a-ladaptation";1;0;1
"arles";1;0;1
"boulbon";1;0;1
"cedez-le-passage";1;0;1
"changement-dusage";1;0;1
"corpropriete-degradee";1;0;1
"humanite-numerique";1;0;1
"location-meublee-touristique";1;0;1
"logement-insalubre";1;0;1
"mcm";1;0;1
"mieux-chez-moi";1;0;1
"reseau-de-transport-en-commun";1;0;1
"rrir";1;0;1
"saintes-maries-de-la-mer";1;0;1
"stations-meteorologiques";1;0;1
"tarascon";1;0;1
"teledeclaration";1;0;1
"base-voie";1;0;1
"frouard";1;0;1
"olley";1;0;1
"collectivites-terrtoriales";1;0;1
"alexandre-kantorow";1;0;1
"frederic-chopin";1;0;1
"ludwig-van-beethoven";1;0;1
"copropriete-degradee";1;0;1
"armoire";1;0;1
"owf";1;0;1
"sites-prioritaires";1;0;1
"sites-utilisateur-final";1;0;1
"suf";1;0;1
"banque-populaire-alsace-lorraine-champagne";1;0;1
"bpalc";1;0;1
"eva";1;0;1
"irs";1;0;1
"sites-communautaires";1;0;1
"t-geo-com";1;0;1
"auto-consommation-collective";1;0;1
"batiments-region";1;0;1
"cohabitat";1;0;1
"deepki";1;0;1
"enogrid";1;0;1
"multifuides";1;0;1
"production-solaire";1;0;1
"bso";1;0;1
"french-open-science-monitor";1;0;1
"open-access";1;0;1
"unpaywall";1;0;1
"date-des-releves-gps";1;0;1
"type-de-trait-de-cote";1;0;1
"acces-ouvert";0;1;1
"interconexion";1;0;1
"risques-littoraux";1;0;1
"code-geo-pmsi";1;0;1
"democratie-sanitaire";1;0;1
"jeandelize";1;0;1
"marchespublics";1;0;1
"origine-risque-ouanne";1;0;1
"eml";1;0;1
"irm";1;0;1
"tomographe";1;0;1
"arhgos";1;0;1
"oncologie";1;0;1
"centres-villes";1;0;1
"delegataires-territoriaux";1;0;1
"delegatations-territoriales";1;0;1
"delegation-territoriale";1;0;1
"gestion-des-eaux-superficielles";1;0;1
"installations-radioelectriques";1;0;1
"logment-locatif";1;0;1
"politique-de-leau";1;0;1
"quartiers-de-la-veille-active";1;0;1
"reseaux-reseaux-numeriques";1;0;1
"panneaux-daffichage";1;0;1
"sytom";1;0;1
"rm";1;0;1
"boncourt";1;0;1
"pompey";1;0;1
"comptabilite-carbone";1;0;1
"messein";1;0;1
"technicentres-industriels";1;0;1
"ch4";1;0;1
"n2o";1;0;1
"voyager-en-france";1;0;1
"stban";1;0;1
"dataviv";0;1;1
"adjudicateur";1;0;1
"zone-arriere";1;0;1
"epoque";1;0;1
"cotiere";1;0;1
"rgcc";1;0;1
"route-nationale";1;0;1
"ergonomicdata";0;1;1
"annulations";1;0;1
"aqst";1;0;1
"taxi-moto";0;1;1
"duree-limitee";1;0;1
"goelands";1;0;1
"premere-guerre-mondiale";1;0;1
"dechets-dequipements-electriques-et-electroniques";1;0;1
"fin-de-vie";1;0;1
"icv";1;0;1
"traitement-des-donnees";0;1;1
"puma";1;0;1
"rust";0;1;1
"affection";0;1;1
"amour";0;1;1
"chance";0;1;1
"desenvoutement";0;1;1
"envoutement";0;1;1
"guerison";0;1;1
"marabout";0;1;1
"medium";0;1;1
"passion";0;1;1
"pastel";1;0;1
"homecourt";1;0;1
"prs";1;0;1
"service-social";1;0;1
"theiere";0;1;1
"acquisitions-immobilieres";1;0;1
"besoin-en-fonds-de-roulement";1;0;1
"capacite-dautofinancement";1;0;1
"charges-decaissables";1;0;1
"depenses-de-personnel";1;0;1
"ebe";1;0;1
"ecole-francaise-a-letranger";1;0;1
"ecole-normale-superieure";1;0;1
"excedent-brut-dexploitation";1;0;1
"fonds-de-roulement-net-global";1;0;1
"frng";1;0;1
"iep";1;0;1
"instituts-detudes-politiques";1;0;1
"piste-et-bandes";1;0;1
"ressources-propres";1;0;1
"resultat-net-comptable";1;0;1
"zonage-pprl-pays-dolonne";1;0;1
"aphrodisiaque-bio";1;0;1
"aphrodisiaque-homme";1;0;1
"parfum-aphrodisiaque";1;0;1
"parfum-aphrodisiaque-pour-homme";1;0;1
"parfum-bio";1;0;1
"parfum-pour-homme";1;0;1
"autorisation-de-prospections-prealables";1;0;1
"autorisation-de-recherches";1;0;1
"autorisation-dexploitation";1;0;1
"camino";1;0;1
"combustibles-fossiles";1;0;1
"elements-radioactifs";1;0;1
"hydrocarbures-liquides-ou-gazeux";1;0;1
"permis-dexploitation";1;0;1
"permis-exclusif-de-carrieres";1;0;1
"permis-exclusif-de-recherches";1;0;1
"aleas-marins";1;0;1
"conditions-atmospherique";1;0;1
"kieu-dang-cong-nghiep";0;1;1
"nhan-hieu";0;1;1
"canon-printer-service";0;1;1
"canon-printer-support-helpline";0;1;1
"subvention-poitiers-association";1;0;1
"subvention-poitiers-beneficiaire";1;0;1
"enfance-et-famille";1;0;1
"dommartin-les-toul";1;0;1
"compte-administratif-2014";1;0;1
"compte-administratif-2015";1;0;1
"promoteur";1;0;1
"activite-culturelle";1;0;1
"sermac";1;0;1
"logistique-urbaine";1;0;1
"culture-transport";1;0;1
"gaspillage-alimentaire";1;0;1
"gestion-espaces-verts";1;0;1
"incubateur-start-up";1;0;1
"parking-art";1;0;1
"denomination-de-voie";1;0;1
"structure-batie";1;0;1
"cd92";1;0;1
"carte-postales";1;0;1
"iles-anglo-normandes";1;0;1
"la-manche";1;0;1
"professionnel-sante";1;0;1
"maison-france-service";1;0;1
"aire-de-services";1;0;1
"centre-de-vacances";1;0;1
"cmu";1;0;1
"deambulation";1;0;1
"maison-familiale-de-vacances";1;0;1
"petit-train";1;0;1
"point-dapport";1;0;1
"races2roues";0;1;1
"point-deau-incendie";1;0;1
"puisard";1;0;1
"kali";0;1;1
"ccfr";1;0;1
"ead";1;0;1
"onisr";0;1;1
"parcage";1;0;1
"buspascher";0;1;1
"point-interconnexion";1;0;1
"gtfs-tcl";1;0;1
"freefloating";1;0;1
"parispluie";1;0;1
"trottinettes";1;0;1
"small-multiple";0;1;1
"muralisme";1;0;1
"ma-region-ma-commune";1;0;1
"loire-anjou-touraine";1;0;1
"melbet";0;1;1
"monographie";0;1;1
"cefte";1;0;1
"charte-supports-et-contenus";1;0;1
"chartes-information-voyageurs";1;0;1
"csciv";1;0;1
"specifications";1;0;1
"voie-technologique";1;0;1
"rayon-24-km";1;0;1
"mac";0;1;1
"match";1;0;1
"petites-regions-fourrageres";1;0;1
"bbs";1;0;1
"forages";1;0;1
"bureau-individuel";1;0;1
"espace-de-convivialite";1;0;1
"salle-de-reunion";1;0;1
"agriculture-urbaine";1;0;1
"tdathack";1;0;1
"dadj";1;0;1
"publicitaire";1;0;1
"cumul";0;1;1
"cyclic";1;0;1
"velostanlib";1;0;1
"territoire-a-risque-inondation";1;0;1
"elections-presidentielles-europeennes-1999-2002";0;1;1
"communal";1;0;1
"edd";0;1;1
"amenagement-et-territoire";1;0;1
"cret";1;0;1
"weather";1;0;1
"fonds-de-commerce";0;1;1
"fichier-irve";0;1;1
"fichier-irve-de-bornes-de-recharge";0;1;1
"arome";1;0;1
"arpege";1;0;1
"mocage";1;0;1
"sahel";1;0;1
"operation-damenagement";1;0;1
"postes-htb-hta";1;0;1
"normales";1;0;1
"previsions-saisonnieres";1;0;1
"reccord";1;0;1
"scenarios-climatiques";1;0;1
"autoecole";1;0;1
"3-e-echeance";1;0;1
"gestions";1;0;1
"respire";1;0;1
"ibrahim-albalawi";1;0;1
"patrimoine-immateriel";1;0;1
"savoir-et-savoir-faire-du-processus-de-creation";1;0;1
"universalite";1;0;1
"brancusi";1;0;1
"cercle-detudes-scientifiques-rayer";1;0;1
"pierre-rayer";1;0;1
"societe-de-biologie";1;0;1
"e-sport";1;0;1
"e-sports";1;0;1
"game";1;0;1
"gamer";1;0;1
"taneo";1;0;1
"creation-dun-reseau-dassainissement-a-port-conscience";1;0;1
"syaden";1;0;1
"eurostar";0;1;1
"thalys";0;1;1
"tvg-inoui";0;1;1
"autoecoles";0;1;1
"profesionnel";0;1;1
"sel-et-vermois";1;0;1
"seletvermois";1;0;1
"bon-achat";1;0;1
"cheques-cadeaux";1;0;1
"discours";1;0;1
"power-to-gas";1;0;1
"indexation";0;1;1
"search";0;1;1
"volumes-echanges";1;0;1
"alimentatio";1;0;1
"ceche";1;0;1
"collecte-des-emballages";1;0;1
"collecte-des-ordures-menageres";1;0;1
"collecte-verre";1;0;1
"dechets-vegetaux";1;0;1
"defibrillateurs-automatises-externes";1;0;1
"voirie-apaisee";1;0;1
"greves";0;1;1
"communiques-de-presse";1;0;1
"crige-paca";1;0;1
"lambert-lambert-93";1;0;1
"limitation-de-gabarit";1;0;1
"orthophotographie-vraie";1;0;1
"aides-a-finalites-regionales";1;0;1
"commission-regionale";1;0;1
"education-cfa";1;0;1
"fn-rbm";1;0;1
"forets-anciennes";1;0;1
"les-republicains-et-apparentes";1;0;1
"lra";1;0;1
"ouverture-cfa";1;0;1
"prets-aux-entreprises";1;0;1
"protection-legislative";1;0;1
"qualite-de-l-039-air";1;0;1
"rassemblement-national-et-apparentes";1;0;1
"territoire-de-sante";1;0;1
"udi-uc";1;0;1
"dechets-assimiles-aux-ordures-menageres";1;0;1
"drom-com";1;0;1
"vehicules-tesla";0;1;1
"electricien-lyon";0;1;1
"electricien-lyon-1";0;1;1
"electricien-lyon-2";0;1;1
"electricien-lyon-3";0;1;1
"electricien-lyon-4";0;1;1
"electricien-lyon-5";0;1;1
"electricien-lyon-6";0;1;1
"electricien-lyon-7";0;1;1
"electricien-lyon-8";0;1;1
"electricien-lyon-9";0;1;1
"plombier-lyon";0;1;1
"plombier-lyon-1";0;1;1
"plombier-lyon-2";0;1;1
"plombier-lyon-3";0;1;1
"plombier-lyon-4";0;1;1
"plombier-lyon-5";0;1;1
"plombier-lyon-6";0;1;1
"plombier-lyon-7";0;1;1
"plombier-lyon-8";0;1;1
"plombier-lyon-9";0;1;1
"serrurier-lyon";0;1;1
"serrurier-lyon-1";0;1;1
"serrurier-lyon-2";0;1;1
"serrurier-lyon-3";0;1;1
"serrurier-lyon-4";0;1;1
"serrurier-lyon-5";0;1;1
"serrurier-lyon-6";0;1;1
"serrurier-lyon-7";0;1;1
"serrurier-lyon-8";0;1;1
"serrurier-lyon-9";0;1;1
"vitrier-lyon";0;1;1
"periurbain";1;0;1
"changement-de-prenom";1;0;1
"armoire-de-rue";1;0;1
"msp";1;0;1
"venus";1;0;1
"reseau-urbain";1;0;1
"zns";1;0;1
"zones-non-saturees";1;0;1
"regles-de-construction";1;0;1
"ecoscopa";1;0;1
"mollusque";1;0;1
"laravel";0;1;1
"aubin";1;0;1
"cransac";1;0;1
"decazeville";1;0;1
"firmi";1;0;1
"tub";1;0;1
"viviez";1;0;1
"pharmaceutique";0;1;1
"ferry";1;0;1
"port-de-commerce";1;0;1
"saint-egreve";1;0;1
"interactive";0;1;1
"slide";0;1;1
"gerrymandering";0;1;1
"carroyees";0;1;1
"projet-de-loi-de-financement-de-la-securite-sociale";1;0;1
"fond-de-plan";1;0;1
"cdesi";1;0;1
"departement-de-la-seine-maritime";1;0;1
"reseaux-bt";1;0;1
"reseaux-hta";1;0;1
"autorite-de-regulation-des-transports";1;0;1
"annuairesocietes";0;1;1
"transformateurs";1;0;1
"autl";1;0;1
"coulee-de-boue";1;0;1
"ecoulements";1;0;1
"d-lyne";1;0;1
"cheque";1;0;1
"cheques";1;0;1
"contrat-local";1;0;1
"base-adresses-nationale";1;0;1
"59100";1;0;1
"avold";1;0;1
"naborien";1;0;1
"paysnaborien";1;0;1
"saint-avold";1;0;1
"transavold";1;0;1
"bureau-metropolitain";1;0;1
"canipropre";1;0;1
"conpte-rendu";1;0;1
"phamacie";1;0;1
"witm";1;0;1
"working";1;0;1
"protection-de-donnees";0;1;1
"certificats";1;0;1
"droits-des-sols";1;0;1
"editeurs";1;0;1
"ied";1;0;1
"mfr";1;0;1
"mooj";1;0;1
"poles-metropolitains";1;0;1
"region-des-pays-de-la-loire";1;0;1
"tagv";1;0;1
"trame-bleu";1;0;1
"vallees";1;0;1
"sup-el-9";1;0;1
"air-quality";1;0;1
"fotos";1;0;1
"it";1;0;1
"77373-marche";1;0;1
"moyenne-moselle";1;0;1
"usage-agricole";0;1;1
"petite-region";1;0;1
"eure-habitat";1;0;1
"oph";1;0;1
"annonce-obligatoire";1;0;1
"annonces-obligatoires";1;0;1
"association-syndicale-proprietaire";1;0;1
"associations-syndicales-proprietaires";1;0;1
"bloc-sanitaire";1;0;1
"fondation-entreprise";1;0;1
"fondation-partenariale";1;0;1
"fondations-entreprises";1;0;1
"fondations-partenariales";1;0;1
"moyen-de-communication";1;0;1
"grand-age";1;0;1
"merules";1;0;1
"fontelys";1;0;1
"fontenay-le-comte";1;0;1
"valmobus";1;0;1
"valmorel";1;0;1
"etablissements-publics-damenagement";1;0;1
"boues-depuration-des-eaux-usees";1;0;1
"geotope";1;0;1
"patrimoine-geologique";1;0;1
"sol-et-sous-sol";1;0;1
"substance";1;0;1
"toul";1;0;1
"tiv";1;0;1
"verdun";1;0;1
"atis";1;0;1
"indicatif-dappel";1;0;1
"mmsi";1;0;1
"bainville-sur-madon";1;0;1
"blamont";1;0;1
"ceintrey";1;0;1
"lemainville";1;0;1
"scan25";1;0;1
"credit-immobilier";0;1;1
"sieeen";1;0;1
"donenes-ouvertes";1;0;1
"site-rencontre";1;0;1
"tinder";1;0;1
"ca-de-la-region-de-compiegne-arc";1;0;1
"enrochement";1;0;1
"erosion-marine";1;0;1
"departement-du-calvados";1;0;1
"culture-pac";1;0;1
"ilot-pac";1;0;1
"n-parcellaire-agricole";1;0;1
"prairie-sensible";1;0;1
"superficielle";1;0;1
"accorde";1;0;1
"camping-a-risque";1;0;1
"eau-pollution";1;0;1
"engins-fixes";1;0;1
"especes-invasives-flore-faune";1;0;1
"foret-de-haye";1;0;1
"intra-bassin";1;0;1
"phytosociologie";1;0;1
"potentiel-des-sols";1;0;1
"shema-de-coherence-territoriale";1;0;1
"tis";1;0;1
"transports-interurbains";1;0;1
"travaux-miniers";1;0;1
"zones-minieres";1;0;1
"arboricole";1;0;1
"etat-des-lieux-2013";1;0;1
"qmj";1;0;1
"vca";1;0;1
"interrupteurs";1;0;1
"acc";1;0;1
"aleas-potentiels";1;0;1
"captages-deau-potable";1;0;1
"chataigne";1;0;1
"chrysolele";1;0;1
"debit-moyen";1;0;1
"endiguement";1;0;1
"gad";1;0;1
"noms-des-communes";1;0;1
"ouvrages-aep";1;0;1
"panneaux-a-messages-variables";1;0;1
"presentation-a-3";1;0;1
"prevention-crue";1;0;1
"station-de-mesures";1;0;1
"echangeurs-reseau-routier-routes";1;0;1
"enrobes";1;0;1
"perimetre-informatif-dun-plu";1;0;1
"points-nodaux";1;0;1
"pomme";1;0;1
"pommier";1;0;1
"servitude-assiette-as-1";1;0;1
"sondages";1;0;1
"t-7-servitudes-aeronautiques";1;0;1
"traitement-eaux-usees";1;0;1
"metrolor";1;0;1
"badora";1;0;1
"coherence-territoriale";1;0;1
"donnees-insee";1;0;1
"force-de-lordre";1;0;1
"lineaire-informatif-dun-plu";1;0;1
"meu";1;0;1
"presentation-format-a-4";1;0;1
"protection-haie";1;0;1
"q-20";1;0;1
"mccte";1;0;1
"syndicat-de-riviere";1;0;1
"batiments-commerciaux";1;0;1
"cadrage-strategique";1;0;1
"cahier-des-charges";1;0;1
"cavites-souterraines";1;0;1
"cdac";1;0;1
"construite";1;0;1
"crue-centennale";1;0;1
"enjeux-nature";1;0;1
"hauteur-deau";1;0;1
"loi-alur";1;0;1
"mode-doccupation-du-sol";1;0;1
"permis-de-lotir";1;0;1
"section-courante";1;0;1
"stq";1;0;1
"systeme-dendiguement";1;0;1
"cave-a-biere";1;0;1
"culture-majoritaire";1;0;1
"flaine";1;0;1
"skibus";1;0;1
"base-adresse-local";1;0;1
"moyennes-annuelles";1;0;1
"moyennes-journalieres";1;0;1
"valeur-horaire";1;0;1
"evolity";1;0;1
"moyennes-mensuelles";1;0;1
"annexe-en-bois";0;1;1
"bureau-de-jardin";0;1;1
"cabane-en-bois";0;1;1
"studio-bois";0;1;1
"studio-de-jardin";0;1;1
"teletravail-dans-un-studio-de-jardin";0;1;1
"transports-ferroviaires";1;0;1
"ilots-de-chaleurs";0;1;1
"landsat";0;1;1
"chisel";0;1;1
"diy";0;1;1
"drill-press";0;1;1
"power-tools";0;1;1
"tool-reviews";0;1;1
"tools";0;1;1
"woodworking-tools";0;1;1
"gdr";1;0;1
"approvisionnement-en-electricite";1;0;1
"implantation-eolienne";1;0;1
"poste-de-livraison";1;0;1
"nuances-politiques";1;0;1
"air-climat-energie";1;0;1
"eau-de-paris";1;0;1
"marches-infructueux";0;1;1
"barnier";1;0;1
"marque-employeur";1;0;1
"mrs";1;0;1
"admin";1;0;1
"les-saisies";1;0;1
"appareil-de-sport";0;1;1
"equipement-de-sport";0;1;1
"tignes";1;0;1
"vie-interieure";1;0;1
"masse-deau-rapportage-2016";1;0;1
"promoteur-immobilier";1;0;1
"vefa";1;0;1
"1-er-tour";1;0;1
"horaires-bus-longue-distance";0;1;1
"horaires-des-trajets-flixbus";0;1;1
"tarifs-ouibus";0;1;1
"trajets-flixbus";0;1;1
"horaires-tgv";0;1;1
"intercites-horaires";0;1;1
"intercites-lignes-ferroviaires";0;1;1
"intercites-prix";0;1;1
"lignes-bus-blablabus";0;1;1
"lignes-bus-ler";0;1;1
"lignes-bus-ouibus";0;1;1
"lignes-express-regionales";0;1;1
"prix-tgv";0;1;1
"tarifs-tgv";0;1;1
"ter-horaires";0;1;1
"ter-lignes";0;1;1
"ter-prix";0;1;1
"les-ulis";1;0;1
"unites-legales";1;0;1
"intemperies";1;0;1
"exercices";1;0;1
"memoires";1;0;1
"communiques";1;0;1
"ecrivain";1;0;1
"reportages";1;0;1
"election2020";1;0;1
"consommation-production";1;0;1
"boulangeries";1;0;1
"location-de-voiture-agadir";1;0;1
"regression-logistique";0;1;1
"esri-france";0;1;1
"covid-2019";0;1;1
"ressource-naturelle";1;0;1
"parking-a-velo";1;0;1
"w-c";1;0;1
"arbitre";1;0;1
"incivilite";1;0;1
"tag";1;0;1
"cashflow";0;1;1
"mathematiques-appliquees-covid19-scilab";0;1;1
"evoulution";0;1;1
"letalite";0;1;1
"attestation-sortie";0;1;1
"carburation";1;0;1
"exctincteurs";1;0;1
"nombre-de-cas-par-tete";0;1;1
"departement-35";0;1;1
"cas-constates";0;1;1
"cas-reels";0;1;1
"contagiosite";0;1;1
"ile-et-vilaine";0;1;1
"departement-75";0;1;1
"coax";1;0;1
"vdsl";1;0;1
"xdsl";1;0;1
"statcorona";0;1;1
"ecole-maternelles";1;0;1
"ecoles-ecoles-primaires";1;0;1
"experimentations";1;0;1
"aides-a-ladaptation";1;0;1
"bacs-a-sel";1;0;1
"changements-dusage";1;0;1
"cheminements-accessibles";1;0;1
"locations-meublees-touristiques";1;0;1
"teledeclarations";1;0;1
"odp";1;0;1
"ouvrage-de-depollution";1;0;1
"stations-de-traitement";1;0;1
"uwwtd";1;0;1
"pandeie";0;1;1
"prestation-de-service";1;0;1
"respirateur";1;0;1
"mobility-planner";0;1;1
"respirateurs";0;1;1
"digdash";0;1;1
"coproprietes";1;0;1
"coproprietes-degradees";1;0;1
"observatoires";1;0;1
"ouvrages-dart";1;0;1
"paysagistes";1;0;1
"places-de-livraison";1;0;1
"postes-ouverts";1;0;1
"sas-velos";1;0;1
"secteurs-dactivites-economiques";1;0;1
"reserver-taxi-moto-paris";0;1;1
"seird-model";0;1;1
"sir-model";0;1;1
"amphibiens";1;0;1
"equipement-de-la-route";1;0;1
"mobilite-et-transport";1;0;1
"transparence-ecologique";1;0;1
"collecte-de-sang";0;1;1
"efop";1;0;1
"esterra";1;0;1
"aws";0;1;1
"vegeation";1;0;1
"export-osm";1;0;1
"thd-radio";1;0;1
"betagouv";1;0;1
"taux-dinfection";0;1;1
"971";0;1;1
"972";0;1;1
"973";0;1;1
"976";0;1;1
"alencon";0;1;1
"arras";0;1;1
"aurillac";0;1;1
"bar-le-duc";0;1;1
"basse-terre";0;1;1
"bastia";0;1;1
"bobigny";0;1;1
"bourg-en-bresse";0;1;1
"bourges";0;1;1
"cayenne";0;1;1
"cergy-pontoise";0;1;1
"charleville-mezieres";0;1;1
"chartres";0;1;1
"chaumont";0;1;1
"dzaoudzi";0;1;1
"epinal";0;1;1
"evry";0;1;1
"foix";0;1;1
"gueret";0;1;1
"laon";0;1;1
"le-puy-en-velay";0;1;1
"melun";0;1;1
"moulins";0;1;1
"niort";0;1;1
"tarbes";0;1;1
"tulle";0;1;1
"marche-animaux-de-compagnie";0;1;1
"soutien-psychologique";1;0;1
"cas-coronavirus";0;1;1
"guerisons-coronavirus";0;1;1
"datascape";0;1;1
"sudfonciereco";1;0;1
"etablissement-francais-de-sang";1;0;1
"resideo";1;0;1
"hydroxychloroquine";1;0;1
"raiatea";1;0;1
"tahaa";1;0;1
"topographie-simplifiee";1;0;1
"hpc";0;1;1
"sir";0;1;1
"entraide";0;1;1
"entraide-geolocalisation-plan-plateforme-producteurs-sante-solidaire-solidarite-troc";0;1;1
"contagion";0;1;1
"valeurs-locatives";1;0;1
"gip-ecb-parcnational";1;0;1
"region-hydrographique";1;0;1
"sdis-90";1;0;1
"secteur-hydrographique";1;0;1
"site-site-classe";1;0;1
"site-site-eolien";1;0;1
"sites-sites-proteges";1;0;1
"sous-secteur-hydrographique";1;0;1
"zone-a-risque-naturel";1;0;1
"zone-hydrographique";1;0;1
"inca3";0;1;1
"package";0;1;1
"r-data";0;1;1
"assurance-voiture";1;0;1
"comparateur-de-prix";1;0;1
"lelynx";1;0;1
"prix-assurance-auto";1;0;1
"couverture-assurance";1;0;1
"entreprise-artisanales";1;0;1
"fond-de-solidarite";1;0;1
"d-8-contaminants";1;0;1
"base-merimee";1;0;1
"zonages-naturels";1;0;1
"perspective-gaz";1;0;1
"reseau-lio-arc-en-ciel";1;0;1
"bon-dachat";1;0;1
"marketplace";1;0;1
"remdesivir";1;0;1
"etude-de-marche";0;1;1
"etude-dimplantation";0;1;1
"africain";1;0;1
"apprentissage-d-une-langue-africaine";1;0;1
"apprentissage-de-l-anglais";1;0;1
"foad";1;0;1
"interculturel";1;0;1
"intercuturelle";1;0;1
"interprete";1;0;1
"langues-du-monde";1;0;1
"langues-vivantes";1;0;1
"traducteur";1;0;1
"bora-bora";1;0;1
"huahine";1;0;1
"annonay-scolaire";1;0;1
"babus";1;0;1
"bafa";1;0;1
"fdaij";1;0;1
"cotes";1;0;1
"darmor";1;0;1
"seine-st-denis";1;0;1
"rozier";0;1;1
"dentiste-la-defense";0;1;1
"eviter-la-devitalisation";0;1;1
"ca-reste-ouvert";1;0;1
"gha";1;0;1
"hydroalcoolique";1;0;1
"bassin-emploi-formation";1;0;1
"bef";1;0;1
"chambre-de-commerce";1;0;1
"bassin-retention";1;0;1
"dependance-verte";1;0;1
"liquidations-judiciaires";1;0;1
"procedures-collectives";1;0;1
"procedures-de-sauvegarde";1;0;1
"redressements-judiciaires";1;0;1
"taux-dimpayes";1;0;1
"chambre-consulaire";1;0;1
"interreg";1;0;1
"tracking";1;0;1
"11-mai-2020";0;1;1
"vitesse-de-propogation";1;0;1
"bien-immobilier";0;1;1
"r0-coronavirus-covid19-vitesse-de-propogation-niveau-de-circulation";1;0;1
"curve-fitting";0;1;1
"angleterre";1;0;1
"niveau-de-circulation";1;0;1
"vitesse-de-propgation";1;0;1
"anomalie";0;1;1
"fetes-et-manifestations";1;0;1
"carte-de-france-du-deconfinement";0;1;1
"carte-du-deconfinement";0;1;1
"fonds-de-solidarite";0;1;1
"assistantes";1;0;1
"cablees";1;0;1
"caisse";1;0;1
"spit";1;0;1
"consultations-ouvertes-du-public";1;0;1
"vie-publique-fr";1;0;1
"carte-exces-mortalite-coronavirus";0;1;1
"carf";1;0;1
"keolis-menton-riviera";1;0;1
"kmr";1;0;1
"zest";1;0;1
"donnees-immobilier";0;1;1
"equipements-dynamiques";1;0;1
"ouvrages-art";1;0;1
"graphiquecovid";0;1;1
"euriz";1;0;1
"niveau-de-contagion";1;0;1
"ro-france";1;0;1
"level-of-contagion";1;0;1
"qub";1;0;1
"qub-city";1;0;1
"ro-le-monde";1;0;1
"speed-or-propogation";1;0;1
"amu";0;1;1
"protegeons-nos-soignants";0;1;1
"protegeonsnossoignants";0;1;1
"soignants";0;1;1
"sphere-presentielle";0;1;1
"sphere-productive";0;1;1
"activite-virale";0;1;1
"suivi-epidemique";0;1;1
"geopnr";1;0;1
"gr4";1;0;1
"sport-europe-communication";1;0;1
"sudlab";1;0;1
"projetsverts";0;1;1
"calcul-100km-autour-de-chez-soi";0;1;1
"calcul-100km-autour-domicile";0;1;1
"carte-100km-confinement";0;1;1
"carte-100km-deconfinement";0;1;1
"carte-100km-sortie";0;1;1
"carte-sortie-confinement";0;1;1
"prix-terrains";0;1;1
"100km";0;1;1
"100-km";0;1;1
"chronovelo";1;0;1
"ligne-de-bus";1;0;1
"tempovelo";1;0;1
"sante-et-securite-des-sante-et-securite-des-personnes";1;0;1
"zonages-a-risques-naturels";1;0;1
"zones-a-risque-zones-a-risque-naturel";1;0;1
"zones-zones-a-risque-naturel";1;0;1
"carte-100-kilometres";0;1;1
"carte-100-km";0;1;1
"carte-confinement";0;1;1
"carte-confinement-sortie";0;1;1
"sortie-confinement";0;1;1
"sortir-100-km";0;1;1
"attestation-100-km";0;1;1
"attestation-deplacements-derogatoires-100-km";0;1;1
"anne-gardes";0;1;1
"pwa";0;1;1
"vuejs";0;1;1
"pseudo-rayonnement";1;0;1
"anrs";1;0;1
"ird";1;0;1
"operateur-de-recharge";1;0;1
"therapeutique";1;0;1
"plan-arbre";1;0;1
"donnee-de-reference";0;1;1
"rnipp";0;1;1
"qualite-de-donnees";0;1;1
"base-transparence-sante";0;1;1
"promotion-pharmaceutique";0;1;1
"snds";0;1;1
"distanciation";1;0;1
"inserm";1;0;1
"stationnement-en-enclos";1;0;1
"stationnement-en-ouvrage";1;0;1
"stationnement-sur-voire";1;0;1
"aide-exceptionnelle";1;0;1
"immeuble-ftth-fibre";1;0;1
"immeuble-ftth-decompte-locaux";1;0;1
"ocr";1;0;1
"avocat";1;0;1
"avocats";1;0;1
"barreau";1;0;1
"barreaux";1;0;1
"cour";1;0;1
"tribunal";1;0;1
"veligo";1;0;1
"municipales-2014";0;1;1
"hds";0;1;1
"dropshipping";0;1;1
"formation-dropshipping";0;1;1
"yomi-denzel";0;1;1
"fast-and-furious-9";0;1;1
"hds-film";0;1;1
"rie";1;0;1
"webconf";1;0;1
"localisaiton";0;1;1
"granville";1;0;1
"neva";1;0;1
"boosterr-sante";1;0;1
"corressante";1;0;1
"fi-lo-sofi";1;0;1
"serie-statistique";1;0;1
"fluo";1;0;1
"navette-tgv";1;0;1
"ntecc";1;0;1
"chirurgicaux";1;0;1
"ffp2";1;0;1
"pharmarcies";1;0;1
"sidep";1;0;1
"dispositif-de-letat";1;0;1
"pret-garanti";1;0;1
"karuia-bus";1;0;1
"smtu";1;0;1
"prevention-des-inontations";1;0;1
"ecart-homme-femme";0;1;1
"population-francaise";0;1;1
"populations-francaise";0;1;1
"suivi-changements";0;1;1
"evolution-population";0;1;1
"evolution-pyramide-age";0;1;1
"cerfa";0;1;1
"evolution-prenom";0;1;1
"evolution-prenoms";0;1;1
"prenom-france";0;1;1
"acces-aux-documents-administratifs";0;1;1
"wtfcada";0;1;1
"etat-du-milieu-bathymetrie";1;0;1
"structures-d-accueil";1;0;1
"garges";1;0;1
"hydro-alcoolique";1;0;1
"faq";1;0;1
"terrasses";1;0;1
"classes-de-debit";1;0;1
"montee";1;0;1
"niveaux-de-services";1;0;1
"zamii";1;0;1
"zones-amii";1;0;1
"apache-superset";0;1;1
"2019-ncov";1;0;1
"pmid";1;0;1
"publication-scientifique";1;0;1
"pubmed";1;0;1
"reacting";1;0;1
"sassoli";1;0;1
"ici";0;1;1
"lorem-ipsum";0;1;1
"anciennes-regions";1;0;1
"fiscal";1;0;1
"report";1;0;1
"digestion";1;0;1
"borne-de-retrait";1;0;1
"wc-publics";1;0;1
"jargon";1;0;1
"meae";1;0;1
"jdd-restreint";1;0;1
"homo-ludens";1;0;1
"instruments";1;0;1
"sepanouir";1;0;1
"estivale";1;0;1
"calcul-revenus-nets";0;1;1
"exoneration-taxe-dhabitation";0;1;1
"revenus-net";0;1;1
"simulateur-pinel";0;1;1
"simulation-revenus-nets";0;1;1
"simulation-taxe-dhabitation";0;1;1
"nom-des-rues";1;0;1
"dispositif-denormandie";1;0;1
"services-sociaux";1;0;1
"structures-sociales";1;0;1
"infraction-routiere";1;0;1
"manitoba";1;0;1
"plan-maison";1;0;1
"directive-2006-7-ce";1;0;1
"saint-laurent-du-var";1;0;1
"titres-de-sejours";1;0;1
"rncp";1;0;1
"fouille";1;0;1
"saint-pierre";1;0;1
"saint-pierre-et-miquelon";1;0;1
"convention-citoyenne";1;0;1
"habilitation";1;0;1
"bannes-pratiques";1;0;1
"cafes";1;0;1
"repit";1;0;1
"saad";1;0;1
"aeroport-bordeaux";1;0;1
"gare-bordeaux";1;0;1
"association-commune-subvention";1;0;1
"donnee-commune";1;0;1
"ip-doc";1;0;1
"produit-4c";1;0;1
"haute-garonne-environnement";1;0;1
"liste-article-36";1;0;1
"composteurs-en-pavillon";1;0;1
"malay-le-grand";1;0;1
"indemnite-entretien";1;0;1
"scdl-catalogue";1;0;1
"enfants-parents";1;0;1
"incarceration";1;0;1
"lien-enfants-parents";1;0;1
"visite-en-presence-dun-tiers-en-detention";1;0;1
"marches-marches-publics";1;0;1
"castelnau-destretefonds";1;0;1
"fontenilles";1;0;1
"pollinarium-sentinelle";1;0;1
"pupolation";1;0;1
"ramonville-saint-agne";1;0;1
"val-aigo";1;0;1
"grand-senonais";1;0;1
"architecture-contemporaine";1;0;1
"accessoires-camping";0;1;1
"accessoires-caravaning";0;1;1
"amenagement-camping";0;1;1
"materiel-camping-car";0;1;1
"motorhome";0;1;1
"commissions-consultatives-paritaires";1;0;1
"representations-syndicales";1;0;1
"location-chapiteau-de-cirque";0;1;1
"location-guirlande-guinguette";0;1;1
"location-guirlande-lumineuse";0;1;1
"location-plafond-lumineux";0;1;1
"additifs-alimentaires";0;1;1
"grand-chatellerault";1;0;1
"services-locaux";1;0;1
"am";1;0;1
"bdsol";1;0;1
"bicycle";1;0;1
"borne-de-recharges";1;0;1
"charges-courantes";1;0;1
"dicrim";1;0;1
"election-democratie";1;0;1
"entrepreneurs";1;0;1
"faju";1;0;1
"fond-daide-au-logement";1;0;1
"fslcc";1;0;1
"hierarchisation";1;0;1
"information-touristique";1;0;1
"lme";1;0;1
"pedopaysages";1;0;1
"plan-plan-local-urbanisme";1;0;1
"plans-communaux-de-sauvegarde";1;0;1
"proprietes-departementales";1;0;1
"repere-de-crues";1;0;1
"ruisselement";1;0;1
"su";1;0;1
"thermes";1;0;1
"utasi";1;0;1
"voies-voies-cyclables";1;0;1
"conseill";0;1;1
"baugeois";1;0;1
"challans";1;0;1
"agritox";1;0;1
"estimateur";0;1;1
"estimateurenligne";0;1;1
"nestenn";0;1;1
"prix-rue";0;1;1
"epci-grand-senonais";1;0;1
"timeserie";0;1;1
"aides-economiques";1;0;1
"batiments-agricoles";1;0;1
"cordons-dunaires";1;0;1
"diagnostic-de-vulnerabilite";1;0;1
"dispositifs-assurantiels";1;0;1
"eish";1;0;1
"etablissements-sensibles";1;0;1
"froid-renouvelable";1;0;1
"installations-polluantes";1;0;1
"installations-portuaires";1;0;1
"reseaux-de-froid";1;0;1
"revenu-median";1;0;1
"saliculture";1;0;1
"services-publics-strategiques";1;0;1
"systemes-dendiguement";1;0;1
"prix-par-rue";0;1;1
"grande-motte";1;0;1
"val-claret";1;0;1
"megalis";1;0;1
"2009-2018";1;0;1
"arpege-modele";0;1;1
"meteogramme";0;1;1
"epr";1;0;1
"reseau-cuivre";1;0;1
"zonage-a-risques-naturels";1;0;1
"parking-en-ouvrage";1;0;1
"stations-de-telephonie-mobile";1;0;1
"peche-lagonaire";1;0;1
"zpr";1;0;1
"clients-industriels";1;0;1
"expertise-france";1;0;1
"chauffeur-prive";1;0;1
"tourisme-professionnel";1;0;1
"transport-par-taxi";1;0;1
"sdsei";1;0;1
"utd";1;0;1
"terrorisme";1;0;1
"risques-inondations";1;0;1
"slgri";1;0;1
"ecocharge77";1;0;1
"pre-constructions";1;0;1
"cout-commune-inondation";1;0;1
"cout-inondation";1;0;1
"cout-sinistres";1;0;1
"center";1;0;1
"dinsi";1;0;1
"capacite-en-reanimation";0;1;1
"facteur-de-reproduction";0;1;1
"taux-de-positivite";0;1;1
"puydarrieux";1;0;1
"sites-de-stockage";1;0;1
"cout-habitants-inondation";1;0;1
"frequence-inondation";1;0;1
"presidents";1;0;1
"risques-habitants";1;0;1
"sinistres-inondation";1;0;1
"feux-de-circulation-ferroviaire";1;0;1
"produit-biomethane-annuel";1;0;1
"systemx";1;0;1
"didiermaignan";0;1;1
"r-0";0;1;1
"reproduction";0;1;1
"igc";1;0;1
"biocontrole";1;0;1
"bnv-d";1;0;1
"phytosnitaire";1;0;1
"premier-pilier";0;1;1
"charging-station";1;0;1
"604-2013";1;0;1
"reglement-dublin";0;1;1
"navette-valberg";1;0;1
"gtx";1;0;1
"arche-agglo";1;0;1
"lalouvesc";1;0;1
"lr11";1;0;1
"st-felicien";1;0;1
"tournon";1;0;1
"veille-parlementaire";0;1;1
"francophone";0;1;1
"nombre-dutilisateurs";0;1;1
"transport-public-de-voyageur";1;0;1
"reseaux-de-communication";1;0;1
"plf-jaune";0;1;1
"connecte";0;1;1
"bay-of-biscay";1;0;1
"western-mediterranean";1;0;1
"fetes-votives";1;0;1
"stationement";1;0;1
"r0";1;0;1
"rendement-locatif";1;0;1
"distributeurs-sacs-canins";1;0;1
"devenir";0;1;1
"former";0;1;1
"naturopathe";0;1;1
"naturopathie";0;1;1
"inf36kva";1;0;1
"sup36kva";1;0;1
"ecrivaine";0;1;1
"tmjo";1;0;1
"voirons";1;0;1
"vetraz-montoux";1;0;1
"unions";1;0;1
"bria";1;0;1
"aire-maritime-educative";1;0;1
"label-tiers-lieux-normandie";1;0;1
"tni";1;0;1
"architecture-industrielle";0;1;1
"institutions-territoire";1;0;1
"interregional";1;0;1
"conseil-superieur-de-leducation";1;0;1
"comptabilite-nationale";0;1;1
"labastide-de-levis";1;0;1
"information-preventive";1;0;1
"angoisse-du";1;0;1
"cash-flow";0;1;1
"mission-cinema";1;0;1
"irve-01";1;0;1
"herault-mediterranee";1;0;1
"congestion";1;0;1
"menoge";1;0;1
"thy";1;0;1
"viarhona";1;0;1
"zone-tarifaire";0;1;1
"zone-tarifaire-de-gaz";0;1;1
"communaute-de-communes-cluses-arve-et-montagnes-cluses";1;0;1
"alberta";1;0;1
"accueil-velo";1;0;1
"rpe";0;1;1
"action-medicosociale";1;0;1
"equipe-territoriale";1;0;1
"powerslide";0;1;1
"xgboost";0;1;1
"bnls";1;0;1
"entrees-parking";1;0;1
"pan";1;0;1
"etudes-apec";1;0;1
"ems";1;0;1
"figeac";1;0;1
"conventions-dobjectifs";1;0;1
"protection-individuelle";1;0;1
"beaupreau-en-mauges";1;0;1
"chemille-en-anjou";1;0;1
"mauges-communaute";1;0;1
"mauges-sur-loire";1;0;1
"montrevault-sur-evre";1;0;1
"oree-d-anjou";1;0;1
"sevremoine";1;0;1
"action-social";1;0;1
"activites-financieres-et-dassurance";1;0;1
"activites-immobilieres";1;0;1
"cendrier";1;0;1
"cigarette";1;0;1
"information-et-communication";1;0;1
"reparation-automobile";1;0;1
"services-aux-menages";1;0;1
"avenir-jeune";1;0;1
"credit-a-lexportation";1;0;1
"saint-martin-vesubie";1;0;1
"chercheurs-en-science-de-gestion";0;1;1
"communautes-thematiques";0;1;1
"reseau-lexical";0;1;1
"sciences-technologie-societe";0;1;1
"semantique-lexicale";0;1;1
"embouchure-argens";1;0;1
"blog-voyage";0;1;1
"camping-ile-de-france";0;1;1
"made-in-hobbies";0;1;1
"pole-d-039-equilibre-territorial-et-rural";1;0;1
"billets";1;0;1
"titres-stran";1;0;1
"services-gare";1;0;1
"fre";1;0;1
"pmm";1;0;1
"la-turballe";1;0;1
"metropolitain";1;0;1
"oosteo";0;1;1
"osteopathes";0;1;1
"reseau-osteopathes";0;1;1
"trackers";1;0;1
"bagneres-de-bigorre";1;0;1
"mongie";1;0;1
"peyrole";1;0;1
"rabastens";1;0;1
"demandeurs-demploi";1;0;1
"stations-de-gonflage";1;0;1
"gaillac";1;0;1
"rea";1;0;1
"economie-equine";1;0;1
"nautique";1;0;1
"graphql";0;1;1
"mineurs-non-accompagnes";1;0;1
"tecou";1;0;1
"car-bd-carthage";1;0;1
"points-darrets-transport-scolaire";1;0;1
"ascadv2";1;0;1
"carte-pastel";1;0;1
"topnymies";1;0;1
"troisieme-republique";1;0;1
"roadcompanion";0;1;1
"geotribu";0;1;1
"digestif";0;1;1
"osteopathie";0;1;1
"viceral";0;1;1
"alsacien";1;0;1
"42002";1;0;1
"42006";1;0;1
"ailleux";1;0;1
"apinac";1;0;1
"42009";1;0;1
"42012";1;0;1
"42020";1;0;1
"42034";1;0;1
"42035";1;0;1
"42037";1;0;1
"42038";1;0;1
"42039";1;0;1
"42040";1;0;1
"42045";1;0;1
"42050";1;0;1
"42054";1;0;1
"42058";1;0;1
"42072";1;0;1
"42075";1;0;1
"42084";1;0;1
"42087";1;0;1
"42089";1;0;1
"42091";1;0;1
"42105";1;0;1
"42107";1;0;1
"42108";1;0;1
"42119";1;0;1
"42121";1;0;1
"42126";1;0;1
"42130";1;0;1
"42136";1;0;1
"arthun";1;0;1
"bard";1;0;1
"boisset-les-montrond";1;0;1
"boisset-st-priest";1;0;1
"bussy-albieux";1;0;1
"cervieres";1;0;1
"cezay";1;0;1
"chalain-duzore";1;0;1
"chalain-le-comtal";1;0;1
"chalmazel";1;0;1
"chazelles";1;0;1
"chazelles-sur-lavieu";1;0;1
"craintilleux";1;0;1
"debats-riviere-dorpra";1;0;1
"ecotay";1;0;1
"ecotay-lolme";1;0;1
"essertines";1;0;1
"essertines-en-chatelneuf";1;0;1
"estivareilles";1;0;1
"fromental";1;0;1
"grezieux";1;0;1
"grezieux-le-fromental";1;0;1
"gumieres";1;0;1
"haute-rive";1;0;1
"hauterive";1;0;1
"jeansagniere";1;0;1
"la-chamba";1;0;1
"la-chambonie";1;0;1
"la-chapelle-en-lafaye";1;0;1
"la-cote-en-couzan";1;0;1
"lavieu";1;0;1
"leigneux";1;0;1
"lerigneux";1;0;1
"lhopital-le-grand";1;0;1
"luriecq";1;0;1
"magneux";1;0;1
"magneux-haute-rive";1;0;1
"marcoux";1;0;1
"olme";1;0;1
"orpra";1;0;1
"42019";1;0;1
"42042";1;0;1
"42137";1;0;1
"42140";1;0;1
"42147";1;0;1
"42150";1;0;1
"42151";1;0;1
"42159";1;0;1
"42164";1;0;1
"42169";1;0;1
"42179";1;0;1
"42188";1;0;1
"42205";1;0;1
"42217";1;0;1
"42219";1;0;1
"42221";1;0;1
"42227";1;0;1
"42228";1;0;1
"42238";1;0;1
"42247";1;0;1
"42252";1;0;1
"42256";1;0;1
"42269";1;0;1
"42278";1;0;1
"42288";1;0;1
"42290";1;0;1
"42298";1;0;1
"42299";1;0;1
"42301";1;0;1
"42304";1;0;1
"42312";1;0;1
"42313";1;0;1
"42321";1;0;1
"42328";1;0;1
"boen";1;0;1
"boen-sur-lignon";1;0;1
"chambles";1;0;1
"chantagret";1;0;1
"comtal";1;0;1
"courreau";1;0;1
"foy";1;0;1
"hauteville";1;0;1
"la-tourette";1;0;1
"la-valla-sur-rochefort";1;0;1
"lignon";1;0;1
"marcellin";1;0;1
"margerie";1;0;1
"margerie-chantagret";1;0;1
"marols";1;0;1
"montbrison";1;0;1
"montverdun";1;0;1
"mornand";1;0;1
"mornand-en-forez";1;0;1
"noiretable";1;0;1
"palogneux";1;0;1
"perigneux";1;0;1
"pralong";1;0;1
"priest";1;0;1
"roche";1;0;1
"saint-didier-syr-rochefort";1;0;1
"saint-etienne-le-molard";1;0;1
"saint-georges-en-couzan";1;0;1
"saint-georges-haute-ville";1;0;1
"saint-jean-la-vetre";1;0;1
"saint-just-en-bas";1;0;1
"saint-laurent-rochefort";1;0;1
"saint-marcellin-en-forez";1;0;1
"saint-paul-duzore";1;0;1
"saint-priest-la-vetre";1;0;1
"saint-thomas-la-garde";1;0;1
"sainte-foy-saint-sulpice";1;0;1
"sauvain";1;0;1
"savigneux";1;0;1
"sixte";1;0;1
"soleymieux";1;0;1
"st-bonnet-le-courreau";1;0;1
"st-didier-sur-rochefort";1;0;1
"st-sixte";1;0;1
"sulpice";1;0;1
"sury";1;0;1
"sury-le-comtal";1;0;1
"thomas";1;0;1
"tourette";1;0;1
"trelins";1;0;1
"uzore";1;0;1
"valla";1;0;1
"verrieres";1;0;1
"verrieres-en-forez";1;0;1
"openair";1;0;1
"paragliding";1;0;1
"trafic-avion";1;0;1
"vol-commercial";1;0;1
"base-immeuble";0;1;1
"lto";1;0;1
"xctrack";0;1;1
"xccontest";0;1;1
"e-service";1;0;1
"ballainvilliers";1;0;1
"buseolien";1;0;1
"champlan";1;0;1
"chilly-mazarin";1;0;1
"epinay-sur-orge";1;0;1
"gif-sur-yvette";1;0;1
"la-ville-du-bois";1;0;1
"longjumeau";1;0;1
"massy";1;0;1
"morangis";1;0;1
"palaiseau";1;0;1
"paris-saclay";1;0;1
"puteaux";1;0;1
"sitac-calais";1;0;1
"villebon-sur-yvette";1;0;1
"villejust";1;0;1
"capvendee";1;0;1
"yeu";1;0;1
"aussac";1;0;1
"achat-preservation";1;0;1
"alec-agences";1;0;1
"anti-crue";1;0;1
"baf";1;0;1
"debitex";1;0;1
"dmtm";1;0;1
"ecoresponsable";1;0;1
"irise";1;0;1
"lieu-evenement";1;0;1
"maitres";1;0;1
"murette";1;0;1
"nouveau";1;0;1
"npnru";1;0;1
"opalys";1;0;1
"pancarte";1;0;1
"plaques";1;0;1
"pluviometre";1;0;1
"ressource-dechet";1;0;1
"sequantic";1;0;1
"fournisseur-denergie-verte";0;1;1
"journee-mondiale-de-lenergie";0;1;1
"economiedenergie";0;1;1
"maprimerenov";0;1;1
"aires-attraction";1;0;1
"maintenance-schedule";1;0;1
"operateurs-gaziers";1;0;1
"programme-travaux";1;0;1
"grille-densite";1;0;1
"nte";1;0;1
"luneo";1;0;1
"siri";1;0;1
"transdev-grand-est";1;0;1
"hemevez";1;0;1
"dger";1;0;1
"ea";1;0;1
"composes-organiques-volatile-non-metalliques";1;0;1
"cov";1;0;1
"nh3";1;0;1
"gif";0;1;1
"horaire-de-bus";1;0;1
"phc";1;0;1
"sire-eolien";1;0;1
"reconfinement";0;1;1
"zone-sortie";0;1;1
"occupation-espace-public";1;0;1
"aide-alimentaire";1;0;1
"alimentation-durable";1;0;1
"appels-telephoniques";1;0;1
"centre-administratif-municipal";1;0;1
"corrida-de-noel";1;0;1
"decrochage-scolaire";1;0;1
"delais-de-reponse";1;0;1
"depenses-de-fonctionnement";1;0;1
"dette-par-habitant";1;0;1
"ecogestes";1;0;1
"gaz-in-focus";1;0;1
"locataires";1;0;1
"non-paramunicipales";1;0;1
"paramunicipales";1;0;1
"reserve-narurelle";1;0;1
"appli-rayon-1-km-reconfinement";0;1;1
"application-1-km-autour-de-chez-soi";0;1;1
"calculer-rayon-1km";0;1;1
"carte-rayon-1km-autour-de-chez-soi";0;1;1
"comment-mesurer-1-km-de-chez-soi";0;1;1
"comment-voir-1-km-autour-de-mon-domicile";0;1;1
"confinement-1-km-autour-de-chez-moi";0;1;1
"distance-1-km-autour-du-domicile";0;1;1
"perimetre-1-km-autour-du-domicile";0;1;1
"sortie-1-km";0;1;1
"sortie-confinement-1-km";0;1;1
"zone-sortie-1-km";0;1;1
"fuck";1;0;1
"muslim";1;0;1
"medic";0;1;1
"medic-app";0;1;1
"medicapp";0;1;1
"medico";0;1;1
"medico-vet";0;1;1
"rappels";0;1;1
"cholet";1;0;1
"bernac";1;0;1
"tracing";1;0;1
"linemap";0;1;1
"rup";1;0;1
"habits";1;0;1
"offre-daide";0;1;1
"boites-a-lire";1;0;1
"tests-antigenique";1;0;1
"estuaire-et-sillon";1;0;1
"numero-telephone";1;0;1
"service-audio-a-la-demande";1;0;1
"infection";0;1;1
"wave";0;1;1
"abymes";1;0;1
"activites-financieres";1;0;1
"baie-mahault";1;0;1
"depots-consignation";1;0;1
"depots-des-notaires";1;0;1
"desirade";1;0;1
"direction-regionale";1;0;1
"directions-regionales";1;0;1
"gosier";1;0;1
"implantation-geographique";1;0;1
"notaires";1;0;1
"obligation-emploi";1;0;1
"operations-financieres";1;0;1
"pointe-a-pitre";1;0;1
"population-60-74-ans";1;0;1
"population-75-ans-et-plus";1;0;1
"professions-juridiques-reglementees";1;0;1
"rdl";1;0;1
"reseau-et-territoires";1;0;1
"saint-francois";1;0;1
"sainte-anne";1;0;1
"smtpcsm";1;0;1
"stac";1;0;1
"syndicat-mixte-des-transports-du-petit-cul-de-sac-marin";1;0;1
"etat-de-nappe";1;0;1
"masses-eaux-souterraines";1;0;1
"pluie-efficace";1;0;1
"porosite";1;0;1
"systemes-aquiferes";1;0;1
"dataispower";0;1;1
"90-km-h";1;0;1
"logiciel-de-facturation";0;1;1
"recherche-entreprise";0;1;1
"coaching";0;1;1
"reseau-5g";0;1;1
"masques-jetables";1;0;1
"masques-tissu";1;0;1
"broze";1;0;1
"convertissseur";0;1;1
"ht-ttc";0;1;1
"defribrillateur";1;0;1
"issysports-com";1;0;1
"issytourisme-com";1;0;1
"sortir-issy-com";1;0;1
"covidreport";0;1;1
"comment-devenir-auto-entrepreneur";0;1;1
"fond-communal";1;0;1
"topojson";1;0;1
"arret-minute";1;0;1
"convoyeur";1;0;1
"parc-dactivites-economiques";1;0;1
"masques-en-tissu";1;0;1
"coupure";1;0;1
"ecowatt";1;0;1
"dat";1;0;1
"logo";1;0;1
"pack";1;0;1
"picto";1;0;1
"renault";1;0;1
"81090";1;0;1
"norton-com-setup";0;1;1
"norton-com-setup-activate";0;1;1
"norton-com-setup-download-and-install";0;1;1
"norton-com-setup-install";0;1;1
"norton-com-setup-with-product-key";0;1;1
"norton-setup";0;1;1
"www-norton-com-setup";0;1;1
"couperin";1;0;1
"ere";1;0;1
"ressources-electronique";1;0;1
"ror";1;0;1
"edition-scientifique";1;0;1
"carte-test-covid";0;1;1
"depistage-covid";0;1;1
"laboratoire-test-covid";0;1;1
"test-covid-bordeaux";0;1;1
"test-covid-dijon";0;1;1
"test-covid-lille";0;1;1
"test-covid-marseille";0;1;1
"test-covid-nice";0;1;1
"test-covid-paris";0;1;1
"test-covid-saint-etienne";0;1;1
"test-covid-toulouse";0;1;1
"pokemon";1;0;1
"courtier";0;1;1
"cuisses";1;0;1
"colostrum";1;0;1
"lait-cru";1;0;1
"100m";0;1;1
"hachee";1;0;1
"lagomorphe";1;0;1
"mecaniquement";1;0;1
"preparations-de-viandes";1;0;1
"viandes-separees";1;0;1
"viandes-volaille";1;0;1
"bivalves";1;0;1
"encadrement-des-loyers";0;1;1
"boyaux-traites";1;0;1
"cap-excellence";1;0;1
"carl";1;0;1
"estomacs";1;0;1
"rapides-du-levant";1;0;1
"smt";1;0;1
"societe-de-transport-de-lagglomeration-centre";1;0;1
"translogdata";1;0;1
"vessies";1;0;1
"20-kilometres";0;1;1
"24-novembre-confinement-20-km";0;1;1
"calculer-20-km";0;1;1
"carte-20-km";0;1;1
"mesurer-20-km";0;1;1
"nouveau-confinement-20-km";0;1;1
"perimetre-20-km";0;1;1
"20-kms";0;1;1
"sites-mobile";0;1;1
"lens";1;0;1
"lens-lievin";1;0;1
"nicollin";1;0;1
"session";1;0;1
"cercle-20-km";0;1;1
"sortie-20-km";0;1;1
"tracer-20-km";0;1;1
"canoe";1;0;1
"click-collect";1;0;1
"kite-surf";1;0;1
"pqe";1;0;1
"rapport-devaluation-des-politiques-de-securite-sociale";1;0;1
"repss";1;0;1
"cmafrance";0;1;1
"rncs";0;1;1
"sante-garches";1;0;1
"petites-villes-de-demain";1;0;1
"pays-vallee-de-la-sarthe";1;0;1
"commercants-garches";1;0;1
"appach";1;0;1
"30daymapchallenge";0;1;1
"filosofi2015";0;1;1
"breizh-go";1;0;1
"syndicat-departemental-denergies-de-la-manche";1;0;1
"arvieux";1;0;1
"garde-a-domicile";0;1;1
"urssaf";0;1;1
"81215";1;0;1
"aurignac";1;0;1
"castelnau-de-montmiral";1;0;1
"frausseilles";1;0;1
"amarens";1;0;1
"montans";1;0;1
"le-verdier";1;0;1
"vieux";1;0;1
"leau";1;0;1
"referentiel-geo";1;0;1
"voies-naviguables";1;0;1
"entrepreneur-de-spectacles";1;0;1
"exploitant-de-lieu";1;0;1
"recepisse-de-licence";1;0;1
"statut-de-licence";1;0;1
"cm-roissy-en-brie";1;0;1
"chateau-ville-vieille";1;0;1
"autorite-organisatrice-de-la-mobilite";1;0;1
"canal-seine-nord-europe";1;0;1
"espace-de-dialogue";1;0;1
"plateforme-trimodale";1;0;1
"point-dadresse";1;0;1
"pole-d-039-echange-multimodal";1;0;1
"roissy";1;0;1
"tergv";1;0;1
"tet";1;0;1
"train-d-039-equilibre-du-territoire";1;0;1
"train-express-regional-a-grande-vitesse";1;0;1
"transport-collectif-urbain";1;0;1
"transport-de-personne";1;0;1
"ccpf-budget-2001";1;0;1
"france-services";1;0;1
"points-info-14";1;0;1
"bennes";1;0;1
"gespot";0;1;1
"reseaux-denergie";0;1;1
"cretons";1;0;1
"graisses-animales-fondues";1;0;1
"produits-a-base-de-viande";1;0;1
"grandmontauban";1;0;1
"agrement-communaitaire";1;0;1
"coquille-doeuf";1;0;1
"cuisse-grenouille";1;0;1
"escargot";1;0;1
"lait-cru-ayant-subi-un-traitement";1;0;1
"am-8-6-06";1;0;1
"fractions-avec-produits";1;0;1
"hors-viande-hachee";1;0;1
"lait-traite-thermiquement";1;0;1
"a-coeur";1;0;1
"agrees-ce";1;0;1
"hautement-raffines";1;0;1
"sup-20-mois";1;0;1
"sup-30-mois";1;0;1
"temperatures-sup-7degc";1;0;1
"viandes-de-bovins";1;0;1
"ontvb";1;0;1
"orientation-nationale";1;0;1
"sr3v";1;0;1
"zone-boisee";1;0;1
"clcl";1;0;1
"aemor";1;0;1
"allocation-jeune-majeur";1;0;1
"assistant-e-s-maternel-le-s";1;0;1
"use-case";1;0;1
"avis-infructueux";1;0;1
"h2s";1;0;1
"matchid";0;1;1
"api-deces";0;1;1
"appariement";0;1;1
"zapm";1;0;1
"milieux-forestiers";1;0;1
"sphere-sphere-publique";1;0;1
"uicn";1;0;1
"coefficients-de-pertes";1;0;1
"cabine";1;0;1
"emprises-chantier";1;0;1
"air-sports";1;0;1
"hangliding";1;0;1
"sia-france";1;0;1
"labessiere-candeil";1;0;1
"beer";0;1;1
"heatmap";0;1;1
"arbes";1;0;1
"saur";1;0;1
"blablacar";1;0;1
"cacpb";1;0;1
"irve-95";1;0;1
"aeromodelisme";1;0;1
"armature";1;0;1
"bmx";1;0;1
"emd";1;0;1
"theorique";1;0;1
"voirie-circulation-sens";1;0;1
"voirie-zone-20km-h-circulation";1;0;1
"voirie-zone-30-km-vitesse-limitation";1;0;1
"complement-de-remuneration";1;0;1
"fiscalite-immobiliere";1;0;1
"cote-d-039-opale";1;0;1
"moineaux";1;0;1
"data-studio";0;1;1
"google-cloud-platform";0;1;1
"test-covid-aix-en-provence";0;1;1
"test-covid-amiens";0;1;1
"test-covid-angers";0;1;1
"test-covid-annecy";0;1;1
"test-covid-brest";0;1;1
"test-covid-clermont-ferrand";0;1;1
"test-covid-grenoble";0;1;1
"test-covid-le-havre";0;1;1
"test-covid-le-mans";0;1;1
"test-covid-limoges";0;1;1
"test-covid-metz";0;1;1
"test-covid-montpellier";0;1;1
"test-covid-nantes";0;1;1
"test-covid-nimes";0;1;1
"test-covid-orleans";0;1;1
"test-covid-perpignan";0;1;1
"test-covid-reims";0;1;1
"test-covid-rennes";0;1;1
"test-covid-strasbourg";0;1;1
"test-covid-toulon";0;1;1
"test-covid-tours";0;1;1
"test-covid-villeurbanne";0;1;1
"testcovid-boulogne-billancourt";0;1;1
"campagnac";1;0;1
"languedoc-rouissillon";1;0;1
"pap";1;0;1
"geoallo";0;1;1
"medecin-de-garde";0;1;1
"medecin-garde";0;1;1
"kourou-guyane-tig-ctg-monbus-gf";1;0;1
"grand-site-de-france";1;0;1
"protection-du-patrimoine-natruel";1;0;1
"prestations-solidarite";1;0;1
"estimation-en-ligne";0;1;1
"estimation-gratuite";0;1;1
"quartier-avant-2008";1;0;1
"certificat-dimmatriculation";0;1;1
"faibles-emissions";1;0;1
"cadalen";1;0;1
"agglodebrive";1;0;1
"saint-gauzens";1;0;1
"lasgraisses";1;0;1
"grand-chalon";1;0;1
"barometre-resultats";1;0;1
"licencie";1;0;1
"eptb-vilaine";1;0;1
"mac-donald";1;0;1
"universite-paris-descartes";1;0;1
"sainr-denis";1;0;1
"zorcomir";0;1;1
"open-source";0;1;1
"ea-prive-autres";1;0;1
"folium";0;1;1
"asthme";0;1;1
"pgs";1;0;1
"groupe-d-039-action-locale";1;0;1
"citedia";1;0;1
"stop-pub";1;0;1
"bot-twitter";0;1;1
"election-presidentielle-2022";0;1;1
"francois-fillon";0;1;1
"jean-luc-melenchon";0;1;1
"marine-le-pen";0;1;1
"building-information-model";1;0;1
"maquette-3d";1;0;1
"systeme-dinformation-geographique";1;0;1
"cfd";0;1;1
"coupe-federale-de-distance";0;1;1
"sas-velo";1;0;1
"tourne-a-droite-velo";1;0;1
"appel-a-idee";1;0;1
"idee";1;0;1
"a-emporter";1;0;1
"amenagement-cours-deau";1;0;1
"communes-parc";1;0;1
"communes-partenaires";1;0;1
"contrat-global";1;0;1
"contrat-global-cure-yonne";1;0;1
"ct-aron";1;0;1
"developpement-des-territoires";1;0;1
"drive";1;0;1
"ecosysteme-aquatique";1;0;1
"entites-paysageres";1;0;1
"entretien-cours-deau";1;0;1
"especes-remarquables";1;0;1
"marque-valeurs-parcs";1;0;1
"patrimoine-historique-bati";1;0;1
"paysages-du-morvan";1;0;1
"produits-du-terroir";1;0;1
"qualite-des-rivieres";1;0;1
"reserve-naturelle-regionale-des-tourbieres-du-morvan";1;0;1
"ressource-eau";1;0;1
"tourbieres";1;0;1
"centres-de-depistage";1;0;1
"depistages";1;0;1
"vaccinodrome";1;0;1
"taux-de-vaccination";0;1;1
"centres-vaccination-aixe-n-provence";0;1;1
"centres-vaccination-amiens";0;1;1
"centres-vaccination-angers";0;1;1
"centres-vaccination-annecy";0;1;1
"centres-vaccination-bordeaux";0;1;1
"centres-vaccination-boulogne-billancourt";0;1;1
"centres-vaccination-brest";0;1;1
"centres-vaccination-clermont-ferran";0;1;1
"centres-vaccination-dijon";0;1;1
"centres-vaccination-grenoble";0;1;1
"centres-vaccination-le-havre";0;1;1
"centres-vaccination-le-mans";0;1;1
"centres-vaccination-lille";0;1;1
"centres-vaccination-limoges";0;1;1
"centres-vaccination-lyon";0;1;1
"centres-vaccination-marseille";0;1;1
"centres-vaccination-metz";0;1;1
"centres-vaccination-montpellier";0;1;1
"centres-vaccination-nantes";0;1;1
"centres-vaccination-nice";0;1;1
"centres-vaccination-nimes";0;1;1
"centres-vaccination-orleans";0;1;1
"centres-vaccination-paris";0;1;1
"centres-vaccination-perpignan";0;1;1
"centres-vaccination-reims";0;1;1
"centres-vaccination-rennes";0;1;1
"centres-vaccination-saint-etienne";0;1;1
"centres-vaccination-strasbourg";0;1;1
"centres-vaccination-toulon";0;1;1
"centres-vaccination-toulouse";0;1;1
"centres-vaccination-tours";0;1;1
"centres-vaccination-villeurbanne";0;1;1
"ou-se-faire-vacciner";0;1;1
"beautiful-in-italian";0;1;1
"how-to";0;1;1
"how-to-say";0;1;1
"learning";0;1;1
"say-beautiful-in-italian";0;1;1
"bot";0;1;1
"comedie";1;0;1
"humour";1;0;1
"tele-realite";1;0;1
"telerealite";1;0;1
"mery-sur-marne";1;0;1
"port-de-caen-ouistreham";1;0;1
"port-de-cherbourg";1;0;1
"port-de-dieppe";1;0;1
"ports-de-normandie";1;0;1
"archives-en-ligne";1;0;1
"inforoute";1;0;1
"instrument-de-recherche";1;0;1
"art-urbain";1;0;1
"abers-cotes-des-legendes";1;0;1
"activites-humaines-pollution";1;0;1
"enrichissement";1;0;1
"phosphate";1;0;1
"sainte-cecile-du-cayrou";1;0;1
"donnazac";1;0;1
"jardin-collectif";1;0;1
"jardin-familial";1;0;1
"jardin-partage";1;0;1
"sigeif";1;0;1
"vallouise-pelvoux";1;0;1
"territoires-et-innovations";1;0;1
"heures-supplementaires";1;0;1
"larroque";1;0;1
"loi-de-programmation";1;0;1
"drom";1;0;1
"plom";1;0;1
"baag";1;0;1
"rdv";1;0;1
"occitanie-pyrenees-en-intelligence-geomatique";1;0;1
"ralentisseur";1;0;1
"freissinieres";1;0;1
"andillac";1;0;1
"mission-bothorel";1;0;1
"borne-de-recharge-vehicule-electrique";1;0;1
"administratio";1;0;1
"citoyennete-et-democratie";1;0;1
"dircrim";1;0;1
"maison-de-sante";1;0;1
"maison-de-services";1;0;1
"propriete-departementale";1;0;1
"code-etablissement";1;0;1
"contrat-de-securisation-professionnel";1;0;1
"licenciement-economique";1;0;1
"statcovid";0;1;1
"bdt";1;0;1
"entomologie";1;0;1
"petites-villes-de-demains";1;0;1
"peintre";1;0;1
"janvier-2021";1;0;1
"sdis-34";1;0;1
"sdis34";1;0;1
"epidemiques";0;1;1
"hospitalieres";0;1;1
"transport-fluvio-maritime";1;0;1
"traversee-de-loire";1;0;1
"05108";1;0;1
"boite-de-lingettes-humides";1;0;1
"lingettes-humides";1;0;1
"tissu-non-tisse-spunlace";1;0;1
"wet-wipes";1;0;1
"ecrivons-angers";1;0;1
"arrondissement-municipal";1;0;1
"virtual-tour-360";0;1;1
"virtual-tour-360-immobili";0;1;1
"virtual-tour-360deg";0;1;1
"zozios";1;0;1
"arboretums";1;0;1
"arbustes";1;0;1
"bac-a-verre";1;0;1
"batiments-recevant-du-public";1;0;1
"cabines";1;0;1
"cite-jardins";1;0;1
"collections-botaniques";1;0;1
"ecluse-belvedere";1;0;1
"inventaires-botaniques";1;0;1
"mont-valerien";1;0;1
"paa";1;0;1
"plans-dalignements-approuves";1;0;1
"plans-de-gestion-paysagers";1;0;1
"renove";1;0;1
"site-patrimoine-remarquable";1;0;1
"stations-hydrobiologiques";1;0;1
"taxe-damenagement";1;0;1
"vallee-aux-loups";1;0;1
"eau-eau-potable";1;0;1
"premiere-page";1;0;1
"centres-de-vaccination";1;0;1
"surfaces-de-plancher";1;0;1
"coteaux-stop";1;0;1
"oeuvres-urbaines";1;0;1
"vie-des-quartiers";1;0;1
"dynamique-littorale";1;0;1
"sonar";1;0;1
"services-solidarites-territoriales";1;0;1
"hebergement-locatif";1;0;1
"elementaire-neuville-saint-remy";1;0;1
"les-ptits-futes";1;0;1
"attribuant";1;0;1
"call";1;0;1
"finance-des-collectivites";1;0;1
"parkings-en-sous-sols";1;0;1
"retauration";1;0;1
"romans-pour-adultes";1;0;1
"zones-de-livraison";1;0;1
"zones-de-stationnement";1;0;1
"accueil-petite-enfance";1;0;1
"commerce-local";1;0;1
"occurrence";1;0;1
"diagramme";0;1;1
"banco";1;0;1
"assitants";0;1;1
"neuville-sainy-remy";0;1;1
"bebergement-de-plein-air";0;1;1
"bethune-shop";0;1;1
"datactivist";0;1;1
"hotellerie-plein-air";0;1;1
"mairies-call";0;1;1
"annuites-de-la-dette";0;1;1
"le-quesnoy";0;1;1
"mormal";0;1;1
"profil-des-acheteurs";0;1;1
"paleontolgie";1;0;1
"site-patrimonial";1;0;1
"spotair";0;1;1
"render";1;0;1
"render-3d";1;0;1
"rendering";1;0;1
"rendering-3d";1;0;1
"abreuvoir";1;0;1
"deneigement";1;0;1
"espaces-culturels";1;0;1
"haltes-garderies";1;0;1
"informations-pratiques";1;0;1
"mangeoir";1;0;1
"megots";1;0;1
"neffes";1;0;1
"nichoir";1;0;1
"occupation-du-domaine-public";1;0;1
"pij";1;0;1
"plaxtil";1;0;1
"blablacar-bus";1;0;1
"ametis";1;0;1
"puy-sanieres";1;0;1
"affichage-reglementaire";1;0;1
"finances-publique";1;0;1
"projets-subventions";1;0;1
"devoluy";1;0;1
"saint-laurent-du-cros";1;0;1
"mezens";1;0;1
"department-du-lot";1;0;1
"medieval";1;0;1
"oppidum";1;0;1
"protohistoire";1;0;1
"salons-virtuels";1;0;1
"voie-domitienne";1;0;1
"produit-4d";1;0;1
"grd-electricite";0;1;1
"grd-gaz";0;1;1
"lardier-et-valenca";1;0;1
"epfif";1;0;1
"canipoche";1;0;1
"perimetre-administratif";1;0;1
"rrn-non-concede";1;0;1
"5-km";0;1;1
"5km";0;1;1
"carte-5-km";0;1;1
"rayon-5-km";0;1;1
"rayon-de-5-km";0;1;1
"foret-recente";1;0;1
"100-milles-marins";1;0;1
"3-milles-marins";1;0;1
"6-milles-marins";1;0;1
"archeologie-preventive";1;0;1
"bande-cotiere-de-peche";1;0;1
"ministere-de-la-culture";1;0;1
"opencovid19";0;1;1
"owid";0;1;1
"orcieres";1;0;1
"strategie-urbaine";1;0;1
"menu-de-cantine";1;0;1
"qualite-alimentaire";1;0;1
"commabde-publique";1;0;1
"saint-maurice-en-valgodemar";1;0;1
"irve-borne";1;0;1
"impots-professionnels";1;0;1
"saint-julien-en-beauchene";1;0;1
"blender";1;0;1
"meshroom";1;0;1
"reconstruction3d";1;0;1
"fragiltie-numerique";1;0;1
"voirie-moblite-velo-reseau-cyclable";1;0;1
"thermal";1;0;1
"acr";1;0;1
"organic";1;0;1
"sites5g";1;0;1
"39-45";1;0;1
"acces-numerique";1;0;1
"comcom";1;0;1
"dgas";1;0;1
"parrainage";1;0;1
"secteur-scolaire";1;0;1
"stpierre-datagouv";1;0;1
"trames-verte-et-bleu";1;0;1
"wifi4eu";1;0;1
"roquemaure";1;0;1
"saint-firmin";1;0;1
"agence-nationale-de-la-cohesion-des-territoire";1;0;1
"ens-patrimoine-naturel-biodiversite-ecologie-especes-environnement";1;0;1
"pdipr-randonnee-promenade-vtt-pedestre-chemin-drome";1;0;1
"les-orres";1;0;1
"calcul-de-dispersion";1;0;1
"circulation-atmospherique";1;0;1
"modele-atmospherique";1;0;1
"reporting-europeen";1;0;1
"trajectoire";1;0;1
"le-glaizil";1;0;1
"sambre-avesnois";1;0;1
"ict";1;0;1
"pontivy";1;0;1
"cultural-activities";0;1;1
"handcraft";0;1;1
"revest-saint-martin";1;0;1
"sigonce";1;0;1
"champoleon";1;0;1
"la-rochette";1;0;1
"le-noyer";1;0;1
"montmaur";1;0;1
"poligny";1;0;1
"radiofrequence";1;0;1
"adresses-adresses-locales";1;0;1
"oscour";0;1;1
"sursaud";0;1;1
"montlaux";1;0;1
"cruis";1;0;1
"fontienne";1;0;1
"lardiers";1;0;1
"hors-baignade";1;0;1
"centrale-charbon";1;0;1
"centrale-electrique";1;0;1
"centrale-nucleaire";1;0;1
"aide-social";1;0;1
"dei";1;0;1
"echographie";1;0;1
"hexagone";1;0;1
"infirmerie";1;0;1
"mineur";1;0;1
"odontologie";1;0;1
"pediatrie";1;0;1
"podologie";1;0;1
"porteurs";1;0;1
"psychologie";1;0;1
"impacts-sur-la-sante";1;0;1
"ctec";1;0;1
"etalages";1;0;1
"donnees-de-laboratoires-pour-le-depistage";1;0;1
"loubers";1;0;1
"retn";1;0;1
"turbine";1;0;1
"wind";1;0;1
"carte-e-france";0;1;1
"occupation-des-hopitaux";0;1;1
"saturation-des-hopitaux";0;1;1
"taux-doccupation-des-lits-de-reanimation";0;1;1
"covi-19";0;1;1
"autorites-organisatrices";1;0;1
"effilogis";1;0;1
"espace-conseiller-faire";1;0;1
"keryado";1;0;1
"ptre";1;0;1
"circabc";1;0;1
"enchastrayes";1;0;1
"les-thuiles";1;0;1
"prunieres";1;0;1
"saint-pons";1;0;1
"ubaye-serre-poncon";1;0;1
"assistant-google";0;1;1
"eceonomie";0;1;1
"google-assistant";0;1;1
"google-home";0;1;1
"google-nest";0;1;1
"hey-google";0;1;1
"tracking-gps";1;0;1
"sites-touristiques";1;0;1
"dgfip-rei-fdl";1;0;1
"ram-rap";1;0;1
"dgscgc";1;0;1
"oloron";1;0;1
"sainte-marie";1;0;1
"pont-saint-nazaire";1;0;1
"les-independants";1;0;1
"tests-antigeniques";1;0;1
"tests-rt-pcr";1;0;1
"go";1;0;1
"saint-apollinaire";1;0;1
"blog-de-linsee";1;0;1
"surmoratalite";1;0;1
"abeille";1;0;1
"apiculteur";1;0;1
"dans-ma-rue";1;0;1
"25-000-et-40-000-eur-ht";1;0;1
"liste-des-marches";1;0;1
"saint-leger-les-melezes";1;0;1
"rayon-30-km";0;1;1
"zone-sortie-30-km";0;1;1
"carte-rayon-10-kilometres";0;1;1
"carte-rayon-10-km";0;1;1
"rayon-10-kilometres";0;1;1
"rayon-10km";0;1;1
"legifrance";0;1;1
"politique-de-soins";1;0;1
"edp";1;0;1
"limites-limites-administratives";1;0;1
"potentiel-energie";0;1;1
"entreprises-locales-distribution";0;1;1
"repartition-par-classe-dage";0;1;1
"donnees-locales-energie";0;1;1
"energie-pv";0;1;1
"grand-paris-sud";0;1;1
"never-gonna-give-you-up";1;0;1
"ecoles-publiques";1;0;1
"lieux-de-vie";1;0;1
"site-site-industriel-production-site-eolien";1;0;1
"operateur-ferroviaire";1;0;1
"revenu-pour-les-jeunes-actifs";1;0;1
"rja";1;0;1
"signalisation-verticale";1;0;1
"usage-du-reseau";1;0;1
"carte-10-km";0;1;1
"10-kilometres";0;1;1
"30-kilometres";0;1;1
"carte-30-km";0;1;1
"cadastrales";1;0;1
"ecole-art";1;0;1
"faculte";1;0;1
"relai";1;0;1
"bilan-gaz";1;0;1
"10-km-autour-de-chez-moi";0;1;1
"10-km-autour-du-domicile";0;1;1
"mrac";1;0;1
"dsrh-drc";1;0;1
"paie-et-famille";1;0;1
"decret-ndeg2019-665";1;0;1
"acb";1;0;1
"bioethanol";1;0;1
"mermoz";1;0;1
"unversite";1;0;1
"vehicule-propre";1;0;1
"accessibilite-aux-voyageurs-handicapes";1;0;1
"aire-covoiturage";1;0;1
"jarjayes";1;0;1
"lettre-du-maire";1;0;1
"maillages";1;0;1
"astrazeneca";1;0;1
"covid-trocqueur";1;0;1
"covidtracker-fr";1;0;1
"moderna";1;0;1
"pfizer";1;0;1
"vite-ma-dose";1;0;1
"vitemadose";1;0;1
"amelioration-de-l-039-habitat";1;0;1
"economie-d-039-energie";1;0;1
"unites-gazieres";1;0;1
"antibes";1;0;1
"newmotion";1;0;1
"bornes-a-verre";1;0;1
"casud";1;0;1
"aspres-sur-buech";1;0;1
"question-reponse-assemblee-nationale";1;0;1
"question-reponse-parlementaire";1;0;1
"reponse-parlementaire";1;0;1
"lumineuse";1;0;1
"saint-bonnet-en-champsaur";1;0;1
"saint-julien-en-champsaur";1;0;1
"variants";0;1;1
"contrat-de-relance-et-de-transition-ecologique";1;0;1
"remaniement";1;0;1
"rfu";0;1;1
"sommet-rfu";0;1;1
"etalab-schema-irve-consolidation";1;0;1
"ciel-etoile";1;0;1
"parc-naturel-regional-du-morvan";1;0;1
"parc-parc-naturel-regional";1;0;1
"pollution-lumineuse";1;0;1
"reserve-internationale-de-ciel-etoile";1;0;1
"rice";1;0;1
"zone-coeur";1;0;1
"preproduction";1;0;1
"budget-primitif-2021";1;0;1
"la-fare-en-champsaur";1;0;1
"commerces-essentiels";1;0;1
"extraits";1;0;1
"jugement-suppletif";1;0;1
"abris-velos";1;0;1
"ccmacs";1;0;1
"mosaiquage";1;0;1
"roue";1;0;1
"rts";1;0;1
"openaire";1;0;1
"aspres-les-corps";1;0;1
"arrets-minute";1;0;1
"belarga";1;0;1
"bregancon";1;0;1
"coherence-coherence-ecologique";1;0;1
"etang-de-berre";1;0;1
"le-pouget";1;0;1
"port-cros";1;0;1
"puilacher";1;0;1
"rouviere";1;0;1
"sauvian";1;0;1
"serignan";1;0;1
"vendemian";1;0;1
"vendres";1;0;1
"zonages-zonages-amenagement";1;0;1
"automne";1;0;1
"gout";1;0;1
"restaurateurs";1;0;1
"agenda-rural";0;1;1
"petites-ville-de-demain";0;1;1
"zones-de-montagne";0;1;1
"relance";0;1;1
"velotaf";0;1;1
"jeudi";1;0;1
"documents-durba";1;0;1
"credit-impot-innovation";0;1;1
"credit-impot-recherche";0;1;1
"r2c";1;0;1
"r2ciris-insee";1;0;1
"knowledge-discovery";0;1;1
"knowledge-management";0;1;1
"abris-bus";1;0;1
"propagation";1;0;1
"radar-feu-rouge";0;1;1
"outil";1;0;1
"andrea-soria";1;0;1
"briatexte";1;0;1
"django-reinhardt";1;0;1
"duved-sunayevsky";1;0;1
"guillaume-antonini";1;0;1
"manuel-doutrelant";1;0;1
"michel-warlop";1;0;1
"scott-koehler";1;0;1
"swing-symphonique";1;0;1
"restaurantsscolaires";1;0;1
"sauce";1;0;1
"seconde";1;0;1
"tiket";1;0;1
"vanne";1;0;1
"fisheries";1;0;1
"isscaap";1;0;1
"enfance-et-jeunesse";1;0;1
"service-public-pour-l-039-emploi";1;0;1
"spel";1;0;1
"acces-au-reseau";1;0;1
"droit-a-linjection";1;0;1
